>>> Подтаблица 1 (1%, выборка 0):
algorithm                   multsrc  multsrc_adv  multsrc_adv -e  multsrc_adv -f  multsrc_adv -l  multsrc_adv w  multsrc_adv -b  multsrc_adv -elbfw
type    graph                                                                                                                                      
c_alias arch                    1.0         0.99            1.00            1.16            1.11           2.03            1.01                2.00
        block                   1.0         1.02            1.04            1.10            1.08           1.98            1.03                2.49
        crypto                  1.0         1.02            1.03            1.16            1.14           2.12            0.98                2.97
        drivers                 1.0         1.00            1.02            0.99            0.95           1.80            0.86                2.13
        fs                      1.0         0.91            1.00            1.10            1.08           1.85            0.76                2.50
        init                    1.0         1.00            0.92            1.15            1.12           1.90            1.04                2.58
        ipc                     1.0         1.02            1.04            1.15            1.11           2.08            1.01                2.94
        lib                     1.0         1.03            1.06            1.11            1.08           2.17            0.98                2.17
        mm                      1.0         1.08            1.10            1.21            1.19           1.94            1.10                2.62
        net                     1.0         0.99            1.01            1.10            1.07           1.90            0.83                2.66
        security                1.0         0.97            1.02            1.12            1.11           1.68            1.00                2.48
        sound                   1.0         0.95            0.99            1.12            1.08           1.58            0.98                2.07
java    avrora                  1.0       167.33          432.76           45.39           44.19        1140.91          275.82              522.92
        batik                   1.0       171.33          450.88          524.49          499.03        1285.00          315.34              546.81
        commons_io              1.0       153.85          220.59          240.00          235.29        1304.35          304.57              731.71
        commons_lang3           1.0       157.06          354.42          365.75          360.81        2225.00          276.21              965.06
        eclipse                 1.0       190.00          542.86          650.00          625.32        2058.33          314.65             1029.17
        fop                     1.0       178.15          520.00          663.45          654.42        1503.12          290.63              537.43
        gson                    1.0       144.58          262.88          266.92          258.96        1508.70          239.31              826.19
        h2                      1.0       152.09          338.86          367.42          359.34        1257.69          274.79              568.70
        luindex                 1.0       172.50          450.00          460.00          460.00        1380.00          304.41              739.29
        mockito                 1.0       172.22          402.60          410.60          397.44        2296.30          311.56             1087.72
        pmd                     1.0       162.57          384.46          466.39          462.60        1497.37          280.30              632.22
        sunflow                 1.0       169.09          432.56          432.56          422.73        1094.12          300.00              744.00
        tomcat                  1.0       171.18          522.31          700.00          676.74        1683.47          306.78              506.72
        xalan                   1.0       163.22          450.00          532.04          529.12        1851.92          368.97              637.75
rdf     go                      1.0         1.00            1.06            1.01            0.97           1.00            1.00                1.06
        go_hierarchy            1.0         0.99            1.06            0.88            0.84           0.99            1.02                3.41
        taxonomy_hierarchy      1.0         0.96            1.01            0.95            0.93           0.96            0.96                1.08

>>> Подтаблица 2 (1%, выборка 1):
algorithm                   multsrc  multsrc_adv  multsrc_adv -e  multsrc_adv -f  multsrc_adv -l  multsrc_adv w  multsrc_adv -b  multsrc_adv -elbfw
type    graph                                                                                                                                      
c_alias arch                    1.0         0.97            0.96            1.15            1.11           2.05            0.94                2.94
        block                   1.0         0.90            1.00            1.12            1.10           1.99            0.98                2.76
        crypto                  1.0         0.99            0.92            1.07            1.06           1.98            0.93                2.51
        drivers                 1.0         0.95            0.98            0.97            0.93           1.62            0.94                1.80
        fs                      1.0         0.94            1.00            1.12            1.11           1.83            0.93                2.39
        init                    1.0         0.89            0.89            1.10            1.07           1.87            0.98                2.84
        ipc                     1.0         1.12            1.10            1.28            1.24           2.29            1.11                3.01
        lib                     1.0         0.98            1.01            1.11            1.08           1.93            0.94                2.40
        mm                      1.0         1.11            1.01            1.26            1.24           2.09            1.03                3.23
        net                     1.0         1.03            1.10            1.19            1.16           1.98            1.04                2.67
        security                1.0         1.07            1.10            1.12            1.10           1.95            1.07                2.67
        sound                   1.0         1.04            1.07            1.20            1.16           1.74            1.01                2.34
java    avrora                  1.0       144.35          345.31          320.20          303.64         409.56          338.67              382.85
        batik                   1.0       174.80          547.65          588.63          558.25         848.31          406.23              745.93
        commons_io              1.0       173.56          403.94          368.10          362.26         992.28          330.76              724.52
        commons_lang3           1.0       172.41          421.93          373.25          369.19        1113.62          334.64              956.77
        eclipse                 1.0       177.61          516.67          557.20          536.17         645.84          394.68              645.84
        fop                     1.0       220.51          454.17          448.23          439.61         557.55          383.12              493.37
        gson                    1.0       185.63          368.52          338.64          327.58        1252.97          305.60             1252.97
        h2                      1.0       168.48          396.72          362.96          355.40         741.70          326.49              656.12
        luindex                 1.0       176.05          498.10          453.82          453.82         887.91          346.14              928.27
        mockito                 1.0       187.54          497.13          420.40          406.75        1228.22          384.29             1079.98
        pmd                     1.0       172.63          448.29          408.74          405.75         805.62          345.27              721.92
        sunflow                 1.0       189.23          619.30          552.35          552.35         817.48          393.02              928.95
        tomcat                  1.0       166.76          461.11          446.67          432.24         570.55          394.75              489.60
        xalan                   1.0       165.26          426.71          404.18          401.83         765.71          381.79              662.63
rdf     go                      1.0         1.17            1.15            1.06            1.00           1.17            1.17                1.39
        go_hierarchy            1.0         1.17            1.30            1.26            1.17           1.17            1.21                1.46
        taxonomy_hierarchy      1.0         0.98            1.05            0.97            0.95           0.98            1.01                1.06

>>> Подтаблица 3 (1%, выборка 2):
algorithm                   multsrc  multsrc_adv  multsrc_adv -e  multsrc_adv -f  multsrc_adv -l  multsrc_adv w  multsrc_adv -b  multsrc_adv -elbfw
type    graph                                                                                                                                      
c_alias arch                    1.0         0.96            1.07            1.24            1.19           2.01            1.06                2.91
        block                   1.0         0.96            0.98            1.16            1.13           2.04            1.00                2.94
        crypto                  1.0         1.00            1.02            1.19            1.18           2.14            1.09                3.04
        drivers                 1.0         1.02            1.04            1.01            0.97           1.78            1.02                2.14
        fs                      1.0         1.04            0.96            1.14            1.13           1.71            1.03                2.45
        init                    1.0         1.11            1.15            1.24            1.21           2.25            1.19                3.01
        ipc                     1.0         0.96            1.10            1.26            1.22           2.07            1.09                2.77
        lib                     1.0         1.01            0.97            1.05            1.02           2.00            1.01                3.04
        mm                      1.0         1.02            1.04            1.17            1.15           2.10            0.98                2.58
        net                     1.0         1.02            1.04            1.12            1.09           2.09            1.01                2.91
        security                1.0         1.13            1.18            1.16            1.14           2.12            1.12                2.97
        sound                   1.0         1.00            1.02            1.14            1.10           2.07            0.91                2.85
java    avrora                  1.0       177.62          508.65          385.87          373.01         685.12          399.65              799.31
        batik                   1.0       158.12          569.02          480.96          459.10         581.30          381.14              612.13
        commons_io              1.0       173.03          483.95          342.37          335.24        1262.08          347.92             1055.18
        commons_lang3           1.0       187.01          561.04          391.29          387.31        1031.09          395.34             1017.35
        eclipse                 1.0       192.42          688.26          565.09          542.26         941.82          419.41             1095.59
        fop                     1.0       144.51          503.36          419.13          412.56         581.23          360.28              597.74
        gson                    1.0       151.50          358.64          258.43          249.27         764.07          262.29              901.21
        h2                      1.0       153.44          432.21          316.36          309.97         579.00          324.73              639.31
        luindex                 1.0       160.68          560.22          398.62          391.09         740.29          339.80              901.22
        mockito                 1.0       172.43          554.91          379.13          365.51        1245.71          388.79             1070.88
        pmd                     1.0       160.69          538.26          424.40          421.69         919.53          378.32              894.68
        sunflow                 1.0       212.76          801.40          511.53          500.88         751.31          445.22              924.69
        tomcat                  1.0       151.33          467.44          392.44          378.32         494.93          374.28              493.77
        xalan                   1.0       154.68          482.28          348.46          345.61         678.29          390.28              643.86
rdf     go                      1.0         1.20            1.07            1.06            1.01           1.20            1.06                0.87
        go_hierarchy            1.0         1.16            1.29            0.96            0.93           1.16            0.99                0.88
        taxonomy_hierarchy      1.0         1.00            0.99            0.92            0.91           1.00            1.00                0.91

>>> Подтаблица 4 (1%, выборка 3):
algorithm                   multsrc  multsrc_adv  multsrc_adv -e  multsrc_adv -f  multsrc_adv -l  multsrc_adv w  multsrc_adv -b  multsrc_adv -elbfw
type    graph                                                                                                                                      
c_alias arch                    1.0         1.00            0.98            1.16            1.11           2.17            1.06                2.82
        block                   1.0         0.96            0.97            1.07            1.05           2.06            0.99                2.73
        crypto                  1.0         0.96            0.99            1.16            1.14           2.18            1.07                3.20
        drivers                 1.0         0.95            0.95            1.02            0.98           1.67            0.98                1.99
        fs                      1.0         0.94            0.93            1.02            1.01           1.60            0.93                2.04
        init                    1.0         1.00            1.04            1.14            1.11           1.93            1.07                3.15
        ipc                     1.0         0.92            1.05            1.15            1.12           1.94            1.02                2.98
        lib                     1.0         0.98            0.94            1.14            1.12           1.95            0.98                3.05
        mm                      1.0         0.84            0.92            1.13            1.11           2.02            1.02                2.93
        net                     1.0         0.90            0.93            1.00            0.98           1.97            0.94                2.81
        security                1.0         1.06            1.08            1.20            1.18           2.10            1.14                3.05
        sound                   1.0         0.98            1.01            1.08            1.05           1.63            1.04                2.50
java    avrora                  1.0       160.37          323.68          308.20          295.97         335.15          283.54              283.54
        batik                   1.0       193.74          502.42          503.71          479.43         900.10          337.25              946.73
        commons_io              1.0       200.78          417.27          357.62          349.88        1083.05          277.53              859.45
        commons_lang3           1.0       193.02          383.47          321.73          318.04         938.72          257.60              852.07
        eclipse                 1.0       195.27          528.98          589.87          564.31         678.16          322.30              781.58
        fop                     1.0       187.53          458.59          437.45          430.53         511.37          375.23              530.99
        gson                    1.0       223.56          322.92          277.71          269.04         850.14          285.65              980.16
        h2                      1.0       190.92          382.79          329.95          322.93         578.20          328.17              645.86
        luindex                 1.0       201.15          486.08          418.23          416.49         766.22          358.48              514.74
        mockito                 1.0       216.68          476.20          379.46          365.80         936.78          381.87              856.49
        pmd                     1.0       187.41          440.78          398.52          395.49         811.35          366.21              752.76
        sunflow                 1.0       215.80          570.86          435.80          427.46         633.62          388.43              744.50
        tomcat                  1.0       188.67          451.65          425.97          410.96         561.63          391.14              550.37
        xalan                   1.0       185.97          423.99          377.39          374.80         564.97          381.17              510.49
rdf     go                      1.0         1.22            1.05            1.02            0.98           1.22            1.18                0.97
        go_hierarchy            1.0         1.06            1.31            1.01            0.98           1.06            1.20                0.31
        taxonomy_hierarchy      1.0         0.98            1.03            0.92            0.90           0.98            1.00                0.80

>>> Подтаблица 5 (5%, выборка 0):
algorithm                   multsrc  multsrc_adv  multsrc_adv -e  multsrc_adv -f  multsrc_adv -l  multsrc_adv w  multsrc_adv -b  multsrc_adv -elbfw
type    graph                                                                                                                                      
c_alias arch                    1.0         1.14            1.14            1.19            0.83           2.43            1.01                2.05
        block                   1.0         0.98            0.98            1.00            0.76           2.06            1.00                1.85
        crypto                  1.0         0.97            0.97            0.98            0.78           2.22            0.99                2.00
        drivers                 1.0         1.02            1.02            1.05            0.80           2.07            1.01                1.86
        fs                      1.0         0.96            0.96            0.96            0.77           1.90            1.01                1.60
        init                    1.0         1.03            1.03            1.06            0.73           2.26            1.02                1.96
        ipc                     1.0         1.00            1.00            1.02            0.69           1.92            1.00                1.78
        lib                     1.0         1.00            1.00            1.02            0.71           2.08            0.99                1.97
        mm                      1.0         1.12            1.12            1.14            0.85           2.41            1.12                1.88
        net                     1.0         0.97            0.97            0.98            0.76           2.01            0.98                1.79
        security                1.0         1.01            1.01            1.02            0.70           2.14            0.99                1.90
        sound                   1.0         1.01            1.01            1.04            0.76           2.30            1.01                2.05
java    avrora                  1.0       301.22          406.11          352.59          349.88         784.21          352.59              797.96
        batik                   1.0       311.83          416.36          327.74          305.39         992.01          292.69             1055.78
        commons_io              1.0       231.05          277.79          239.57          201.11         839.92          217.66              964.77
        commons_lang3           1.0       266.22          336.94          274.70          245.05        1026.87          292.07             1096.48
        eclipse                 1.0       343.15          479.91          357.99          348.57         797.93          356.06              894.97
        fop                     1.0       336.69          391.66          348.36          322.79         925.89          401.34              913.87
        gson                    1.0       158.28          157.39          164.79          140.78         918.52          167.25             1120.60
        h2                      1.0       269.95          281.86          279.69          242.77         653.72          310.94              718.66
        luindex                 1.0       497.34          708.98          512.65          595.04         980.06          528.92             1190.07
        mockito                 1.0       321.32          356.74          335.60          292.29         963.95          365.37             1066.01
        pmd                     1.0       313.03          350.74          322.27          282.64         733.91          328.33              752.89
        sunflow                 1.0       351.16          379.64          364.84          342.60         610.72          379.64              780.36
        tomcat                  1.0       301.88          382.29          297.38          349.91         670.72          398.95              628.41
        xalan                   1.0       312.50          358.64          317.45          300.77         742.18          380.78              728.68
rdf     go                      1.0         1.04            1.02            1.03            0.99           1.04            1.02                0.83
        go_hierarchy            1.0         1.06            1.10            1.11            1.01           1.06            1.05                1.12
        taxonomy_hierarchy      1.0         0.97            1.04            1.05            0.95           0.97            1.01                0.98

>>> Подтаблица 6 (5%, выборка 1):
algorithm                   multsrc  multsrc_adv  multsrc_adv -e  multsrc_adv -f  multsrc_adv -l  multsrc_adv w  multsrc_adv -b  multsrc_adv -elbfw
type    graph                                                                                                                                      
c_alias arch                    1.0         1.09            0.99            1.20            0.80           2.22            0.99                2.01
        block                   1.0         0.92            1.01            0.99            0.79           2.00            1.08                1.87
        crypto                  1.0         1.05            1.07            1.11            0.80           2.33            1.00                2.09
        drivers                 1.0         1.00            1.01            1.10            0.80           2.29            1.09                2.10
        fs                      1.0         1.10            1.07            1.17            0.82           2.33            0.98                1.99
        init                    1.0         1.01            1.09            1.11            0.80           2.36            0.98                2.13
        ipc                     1.0         1.01            0.93            1.09            0.77           2.21            0.86                2.00
        lib                     1.0         0.88            1.02            0.94            0.76           2.04            0.91                1.98
        mm                      1.0         1.00            0.92            1.07            0.69           2.10            1.04                1.86
        net                     1.0         1.08            1.06            1.15            0.83           2.49            1.41                2.18
        security                1.0         1.02            1.12            1.09            0.85           2.17            1.26                1.94
        sound                   1.0         1.11            1.07            1.21            0.84           2.14            0.91                1.94
java    avrora                  1.0       358.09          383.27          358.09          324.89         570.45          300.98              621.00
        batik                   1.0       306.91          339.38          298.62          286.98        1183.80          282.90             1069.24
        commons_io              1.0       243.46          246.79          205.42          201.42         831.14          219.78              794.60
        commons_lang3           1.0       249.26          258.47          223.58          216.65         868.10          220.83              781.83
        eclipse                 1.0       375.75          424.49          375.75          362.33        1014.53          351.05              948.16
        fop                     1.0       281.72          456.88          334.36          323.72         815.45          318.91              705.33
        gson                    1.0       150.53          208.02          159.10          147.09         918.26          155.26              756.21
        h2                      1.0       224.40          330.85          242.31          234.60         607.21          249.94              561.01
        luindex                 1.0       289.02          486.29          378.22          364.71         828.00          289.02              828.00
        mockito                 1.0       233.00          292.50          261.88          252.16         941.22          266.28              880.21
        pmd                     1.0       274.91          355.00          317.50          307.75         764.15          288.08              677.97
        sunflow                 1.0       339.30          432.90          372.89          362.13         836.93          348.72              875.86
        tomcat                  1.0       277.13          363.53          393.02          391.92         640.11          323.00              539.37
        xalan                   1.0       279.53          353.95          316.57          307.66         788.17          316.57              673.59
rdf     go                      1.0         0.77            0.68            0.71            0.75           1.00            0.77                0.79
        go_hierarchy            1.0         0.98            0.92            1.01            0.76           1.00            0.76                1.00
        taxonomy_hierarchy      1.0         1.34            1.42            1.45            1.32           1.00            1.29                1.33

>>> Подтаблица 7 (5%, выборка 2):
algorithm                   multsrc  multsrc_adv  multsrc_adv -e  multsrc_adv -f  multsrc_adv -l  multsrc_adv w  multsrc_adv -b  multsrc_adv -elbfw
type    graph                                                                                                                                      
c_alias arch                    1.0         1.01            0.96            1.05            0.77           1.97            1.08                1.97
        block                   1.0         1.07            0.97            1.11            0.83           2.14            0.92                2.01
        crypto                  1.0         0.97            1.02            1.00            0.77           1.88            0.78                1.77
        drivers                 1.0         1.02            1.04            1.06            0.84           2.34            0.88                2.21
        fs                      1.0         1.06            1.04            1.09            0.79           1.94            0.85                1.74
        init                    1.0         1.00            0.95            1.04            0.76           2.14            0.75                1.92
        ipc                     1.0         0.98            0.97            1.01            0.74           1.95            1.21                1.91
        lib                     1.0         1.08            1.07            1.11            0.83           2.38            1.05                1.97
        mm                      1.0         1.01            0.99            1.04            0.73           2.05            0.81                1.89
        net                     1.0         1.05            1.06            1.09            0.79           2.35            1.27                2.10
        security                1.0         0.96            1.03            0.99            0.82           2.41            1.11                1.89
        sound                   1.0         0.90            0.99            0.93            0.71           2.07            0.86                1.78
java    avrora                  1.0       280.69          409.33          321.05          392.96         767.50          412.77              792.26
        batik                   1.0       317.32          358.17          352.50          364.89        1052.74          361.50             1097.23
        commons_io              1.0       240.42          244.31          257.65          254.18         909.54          260.32             1020.16
        commons_lang3           1.0       233.97          250.57          248.97          245.81         910.28          257.78              962.94
        eclipse                 1.0       348.20          404.29          375.12          411.15         996.89          381.01             1086.16
        fop                     1.0       359.76          466.06          383.90          410.82        1084.05          418.50             1051.62
        gson                    1.0       147.50          146.40          163.89          152.85         867.66          154.45             1053.59
        h2                      1.0       294.60          320.80          312.38          313.21         739.24          336.21              788.20
        luindex                 1.0       331.59          360.93          351.59          381.17        1019.62          367.43             1199.56
        mockito                 1.0       290.87          319.96          313.00          308.53         785.35          323.55              863.88
        pmd                     1.0       322.81          352.04          343.55          362.48         757.04          336.79              750.39
        sunflow                 1.0       367.44          403.29          393.69          408.27         703.62          393.69              893.78
        tomcat                  1.0       269.17          380.64          285.86          400.59         641.13          389.84              591.51
        xalan                   1.0       309.31          327.68          328.43          340.10         703.54          359.70              670.66
rdf     go                      1.0         0.96            0.99            1.03            0.92           0.96            0.83                1.00
        go_hierarchy            1.0         0.95            1.07            0.98            0.76           0.95            0.98                1.02
        taxonomy_hierarchy      1.0         0.94            1.03            0.96            0.91           0.94            0.96                0.99

>>> Подтаблица 8 (5%, выборка 3):
algorithm                   multsrc  multsrc_adv  multsrc_adv -e  multsrc_adv -f  multsrc_adv -l  multsrc_adv w  multsrc_adv -b  multsrc_adv -elbfw
type    graph                                                                                                                                      
c_alias arch                    1.0         0.96            0.86            1.05            0.78           2.21            1.13                1.96
        block                   1.0         1.07            1.05            1.11            0.83           2.39            0.92                2.13
        crypto                  1.0         1.04            1.03            1.07            0.80           2.00            0.94                1.99
        drivers                 1.0         1.07            1.05            1.15            0.84           2.56            1.05                2.25
        fs                      1.0         1.14            1.10            1.16            0.88           2.16            0.97                1.69
        init                    1.0         1.00            1.12            1.05            0.78           2.16            0.91                2.13
        ipc                     1.0         1.01            0.97            1.06            0.75           2.17            0.88                2.02
        lib                     1.0         1.07            0.95            1.11            0.82           2.28            1.03                2.04
        mm                      1.0         1.08            1.02            1.11            0.72           2.01            0.93                2.07
        net                     1.0         0.98            0.93            1.01            0.77           2.29            0.82                2.01
        security                1.0         1.00            1.07            1.02            0.80           1.98            0.82                1.79
        sound                   1.0         1.04            1.04            1.10            0.75           2.24            1.02                2.02
java    avrora                  1.0       264.75          381.96          314.70          308.87         848.08          308.87              758.14
        batik                   1.0       268.90          360.51          301.84          315.05        1183.53          315.05             1016.36
        commons_io              1.0       180.21          225.12          195.62          187.09        1040.32          187.09              967.06
        commons_lang3           1.0       188.61          240.79          201.60          203.51        1140.02          203.51              990.94
        eclipse                 1.0       281.95          388.54          309.32          428.61        1274.41          428.61             1151.58
        fop                     1.0       282.15          394.87          303.98          396.86         766.62          396.86              654.82
        gson                    1.0       136.87          153.66          156.99          160.47        1034.16          160.47             1034.16
        h2                      1.0       222.31          284.67          239.17          286.77         919.01          286.77              839.67
        luindex                 1.0       327.82          422.84          339.26          448.86         810.44          448.86              810.44
        mockito                 1.0       297.70          377.57          328.20          314.85        1272.34          314.85             1080.01
        pmd                     1.0       322.49          433.69          342.57          360.82         854.76          360.82              677.23
        sunflow                 1.0       335.41          449.02          361.55          376.20         795.40          376.20              843.61
        tomcat                  1.0       324.47          432.77          361.66          363.23         774.38          363.23              631.19
        xalan                   1.0       331.11          436.03          352.10          366.73         852.24          366.73              710.87
rdf     go                      1.0         0.94            0.97            1.00            0.91           0.94            0.80                0.97
        go_hierarchy            1.0         0.79            0.83            0.81            0.89           0.79            0.78                1.00
        taxonomy_hierarchy      1.0         1.04            1.04            1.06            0.94           1.04            1.00                0.98