2
14
28
40
68
82
104
114
126
143
145
167
173
185
209
213
214
238
242
263
267
271
297
301
303
311
315
321
331
361
380
382
384
403
419
421
429
443
471
475
483
497
499
511
513
543
561
659
669
675
695
704
713
725
727
745
749
776
786
801
803
844
862
902
905
923
925
936
943
976
988
990
992
996
999
1012
1030
1039
1053
1064
1066
1075
1102
1120
1131
1150
1163
1179
1197
1201
1221
1244
1268
1272
1275
1313
1331
1336
1338
1366
1370
1386
1427
1430
1437
1462
1480
1491
1521
1527
1566
1575
1595
1602
1627
1642
1707
1708
1730
1746
1750
1772
1777
1789
1795
1809
1813
1826
1858
1861
1875
1877
1893
1897
1917
1919
1980
1984
2006
2010
2026
2048
2050
2060
2067
2075
2085
2098
2121
2123
2153
2186
2224
2226
2230
2237
2266
2272
2280
2282
2291
2297
2306
2323
2329
2333
2360
2384
2411
2413
2427
2436
2452
2454
2463
2484
2501
2503
2505
2520
2533
2537
2572
2574
2576
2592
2608
2613
2615
2649
2654
2661
2666
2669
2681
2689
2697
2720
2722
2736
2747
2757
2767
2784
2792
2819
2835
2851
2875
2880
2893
2903
2939
2949
2961
2969
2975
2981
2999
3012
3016
3032
3038
3042
3046
3093
3135
3153
3159
3177
3185
3201
3227
3238
3241
3245
3333
3353
3363
3369
3379
3381
3382
3388
3417
3426
3428
3466
3507
3523
3525
3532
3551
3567
3571
3585
3624
3653
3659
3665
3686
3690
3696
3717
3720
3730
3747
3765
3767
3770
3777
3791
3803
3822
3865
3872
3896
3900
3913
3915
3944
3946
3956
3959
3969
3971
3993
3995
4001
4025
4031
4050
4088
4095
4097
4121
4138
4165
4179
4183
4225
4257
4259
4277
4289
4293
4297
4305
4306
4310
4312
4327
4329
4346
4366
4386
4388
4415
4420
4430
4434
4435
4481
4485
4515
4529
4531
4552
4559
4581
4583
4587
4592
4594
4607
4613
4615
4629
4655
4683
4691
4695
4699
4705
4709
4711
4713
4729
4741
4743
4749
4761
4769
4771
4773
4809
4841
4843
4868
4876
4892
4902
4918
4942
4961
4980
4982
5002
5014
5018
5030
5048
5059
5095
5140
5150
5165
5169
5175
5178
5191
5197
5231
5239
5245
5261
5265
5267
5276
5293
5336
5338
5340
5341
5345
5349
5355
5371
5387
5393
5408
5428
5450
5460
5462
5479
5500
5520
5522
5528
5530
5547
5558
5566
5577
5579
5613
5630
5632
5642
5648
5672
5676
5678
5680
5690
5700
5704
5708
5741
5761
5765
5807
5813
5822
5832
5839
5863
5869
5875
5893
5917
5933
5941
5963
5997
6013
6047
6069
6077
6081
6083
6087
6098
6102
6124
6132
6144
6150
6162
6163
6179
6183
6186
6191
6210
6216
6231
6232
6247
6257
6259
6274
6308
6311
6328
6332
6347
6362
6379
6384
6385
6403
6405
6407
6409
6426
6437
6439
6458
6474
6492
6497
6521
6561
6583
6604
6613
6614
6636
6643
6644
6652
6661
6690
6696
6699
6711
6715
6717
6727
6729
6731
6735
6765
6815
6848
6854
6859
6866
6876
6885
6922
6932
6940
6953
6976
7025
7051
7087
7098
7120
7134
7140
7147
7152
7158
7165
7170
7172
7190
7197
7210
7240
7279
7288
7292
7296
7306
7326
7333
7339
7347
7353
7359
7369
7378
7397
7426
7435
7439
7457
7462
7480
7505
7523
7529
7542
7544
7573
7581
7587
7590
7609
7611
7615
7630
7668
7676
7682
7686
7690
7698
7702
7734
7740
7742
7744
7760
7762
7764
7772
7792
7807
7819
7855
7859
7882
7883
7902
7925
7939
7942
7951
7975
7980
7996
8003
8005
8014
8019
8035
8036
8043
8049
8091
8092
8101
8102
8103
8118
8122
8136
8138
8152
8158
8160
8164
8225
8268
8270
8275
8283
8285
8320
8366
8387
8419
8428
8438
8596
8616
8643
8670
8697
8706
8785
8820
8839
8851
8867
8879
8882
8883
8888
8990
9031
9033
9034
9070
9089
9093
9095
9099
9116
9130
9148
9187
9189
9227
9233
9274
9282
9295
9309
9319
9320
9360
9427
9444
9534
9579
9593
9611
9624
9638
9659
9661
9663
9692
9760
9797
10048
10052
10118
10122
10228
10298
10362
10499
10557
10715
11307
11332
11680
12466
12468
12474
12523
12531
12591
12614
12636
12637
12646
12649
12655
12656
12684
12725
12840
12941
12996
13040
13115
13152
13158
13171
13180
13253
13261
13407
13411
13437
13459
13597
13633
13647
13649
13659
13665
13668
13671
13673
13674
13683
13690
13713
13721
13723
13724
13733
13749
13813
13814
13833
13843
13853
13858
13862
13957
13978
13986
13989
14051
14077
14135
14137
14144
14145
14152
14156
14159
14160
14175
14208
14242
14255
14258
14279
14327
14384
14425
14500
14509
14518
14526
14529
14532
14538
14553
14589
14590
14596
14598
14621
14623
14635
14700
14744
14756
14765
14796
14797
14800
14830
14834
14864
14866
14867
14871
14884
14885
14894
14904
14908
14910
14979
15042
15059
15082
15088
15090
15091
15093
15103
15116
15128
15130
15140
15141
15145
15147
15152
15154
15155
15173
15178
15182
15191
15211
15262
15267
15360
15364
15381
15413
15465
15466
15469
15471
15472
15502
15553
15559
15620
15625
15633
15638
15647
15650
15687
15701
15714
15716
15725
15802
15815
15928
15950
15991
16026
16029
16058
16075
16076
16117
16118
16133
16139
16171
16172
16202
16218
16240
16250
16258
16263
16279
16287
16437
16440
16459
16473
16588
16754
16757
16772
16795
16817
16838
16877
16879
16894
16923
16926
16990
17013
17031
17032
17061
17062
17099
17105
17107
17145
17147
17150
17198
17203
17210
17227
17263
17303
17314
17315
17334
17354
17385
17443
17566
17670
17673
17679
17813
17819
17820
17840
17847
17892
17899
17913
17950
18093
18123
18148
18154
18187
18281
18282
18299
18306
18317
18325
18359
18415
18437
18539
18547
18663
18669
18673
18679
18698
18702
18726
18736
18748
18758
18777
18825
18835
18919
18928
18948
18970
18977
18986
19024
19030
19043
19048
19057
19067
19071
19104
19151
19158
19188
19189
19190
19194
19204
19205
19232
19238
19261
19263
19267
19274
19302
19305
19319
19326
19330
19331
19339
19341
19355
19356
19357
19358
19371
19385
19391
19398
19402
19414
19439
19503
19519
19531
19534
19637
19640
19657
19664
19673
19735
19740
19749
19842
19846
19847
19853
19858
19859
19896
19900
19935
19947
19948
19960
20061
20075
20129
20153
20179
20181
20202
20224
20243
20245
20262
20274
20277
20279
20280
20283
20287
20392
20398
20453
20496
20520
20554
20603
20608
20610
20611
20664
20721
20722
20771
20773
20831
20974
20980
20999
21000
21017
21050
21085
21128
21133
21196
21253
21259
21266
21282
21285
21286
21290
21302
21307
21318
21319
21323
21333
21338
21353
21365
21443
21449
21456
21467
21468
21472
21567
21608
21650
21678
21694
21726
21755
21771
21774
21778
21790
21791
21804
21809
21812
21824
21839
21843
21846
21849
21866
21873
21888
21895
21923
21926
21929
21931
21933
21935
21967
22053
22058
22073
22087
22088
22091
22095
22099
22127
22133
22136
22141
22155
22156
22159
22170
22174
22176
22179
22193
22198
22231
22321
22331
22343
22344
22358
22361
22381
22386
22417
22424
22457
22471
22484
22486
22495
22533
22547
22551
22566
22574
22585
22667
22694
22972
22992
23008
23114
23122
23163
23166
23272
23283
23297
23315
23412
23419
23495
23508
23528
23741
23757
24026
24176
24211
24212
24220
24228
24239
24277
24309
24355
24447
24458
24459
24483
24497
24500
24502
24518
24523
24526
24528
24529
24536
24537
24551
24552
24555
24558
24572
24633
24635
24638
