4
48
80
84
112
124
139
154
160
174
201
205
207
209
211
221
234
238
245
267
271
272
281
291
299
301
311
313
368
372
376
378
399
405
411
413
471
477
511
537
547
551
595
605
615
625
681
700
722
761
768
795
813
815
828
835
837
839
848
866
875
889
903
907
916
923
925
927
940
947
954
990
1012
1032
1035
1037
1048
1059
1066
1086
1098
1111
1114
1118
1136
1141
1156
1158
1191
1194
1203
1219
1228
1239
1246
1272
1286
1309
1317
1322
1344
1353
1365
1366
1386
1406
1425
1434
1438
1485
1502
1514
1523
1532
1543
1546
1564
1566
1620
1624
1647
1656
1670
1701
1744
1754
1758
1768
1777
1785
1791
1796
1807
1824
1832
1850
1852
1858
1864
1866
1873
1891
1895
1899
1903
1937
1941
1945
1951
1961
1969
1976
1988
1992
1996
2002
2004
2008
2020
2022
2079
2091
2095
2108
2117
2121
2127
2129
2143
2145
2196
2206
2208
2243
2264
2274
2286
2295
2313
2333
2340
2348
2364
2384
2387
2407
2427
2432
2448
2458
2469
2476
2486
2515
2517
2531
2545
2568
2615
2627
2629
2647
2716
2745
2757
2778
2790
2811
2831
2833
2835
2839
2843
2847
2867
2879
2897
2903
2923
2961
2965
2977
2983
2993
2999
3007
3032
3050
3052
3069
3077
3085
3087
3095
3121
3125
3133
3137
3147
3151
3181
3189
3191
3197
3205
3211
3219
3225
3232
3233
3245
3251
3255
3269
3275
3289
3325
3327
3339
3347
3353
3373
3379
3390
3398
3402
3416
3432
3450
3453
3462
3500
3502
3507
3517
3525
3532
3561
3565
3567
3569
3581
3589
3604
3639
3641
3649
3651
3657
3671
3681
3717
3730
3740
3753
3775
3791
3797
3801
3805
3811
3826
3844
3846
3857
3861
3863
3882
3919
3937
3945
3959
3991
3995
4007
4050
4052
4060
4066
4103
4130
4146
4150
4161
4173
4263
4277
4295
4324
4331
4337
4366
4368
4398
4428
4434
4441
4456
4466
4489
4497
4522
4531
4540
4568
4597
4611
4617
4623
4635
4659
4669
4671
4673
4679
4711
4715
4725
4729
4737
4757
4761
4765
4769
4796
4803
4811
4817
4827
4841
4857
4886
4900
4946
4978
4980
5012
5014
5028
5093
5101
5116
5128
5148
5150
5161
5211
5215
5229
5231
5237
5257
5287
5293
5319
5323
5325
5338
5343
5351
5363
5373
5385
5388
5411
5423
5443
5445
5475
5492
5503
5506
5511
5533
5549
5560
5566
5570
5608
5612
5616
5617
5626
5638
5652
5660
5664
5668
5688
5700
5706
5724
5775
5797
5811
5815
5822
5828
5832
5845
5871
5873
5877
5885
5903
5905
5913
5923
5961
5963
5973
5977
6013
6017
6041
6045
6051
6055
6075
6077
6084
6094
6117
6123
6126
6128
6138
6167
6169
6173
6183
6207
6218
6223
6225
6231
6245
6250
6272
6278
6286
6299
6308
6311
6340
6355
6366
6371
6384
6385
6394
6398
6413
6468
6484
6486
6495
6518
6520
6525
6528
6547
6553
6593
6596
6613
6680
6697
6704
6715
6719
6727
6731
6739
6743
6745
6771
6789
6797
6801
6819
6829
6844
6848
6878
6901
6912
6920
6946
6949
6968
6993
6997
7013
7045
7049
7056
7112
7126
7128
7130
7190
7209
7212
7234
7257
7286
7350
7365
7366
7376
7380
7402
7407
7432
7437
7460
7466
7482
7486
7487
7503
7520
7527
7546
7553
7569
7575
7587
7603
7628
7632
7634
7657
7661
7682
7686
7690
7698
7716
7728
7780
7805
7837
7843
7851
7855
7859
7865
7875
7887
7893
7910
7925
7939
7941
7949
7953
7971
7980
7986
7988
7992
8006
8007
8020
8027
8033
8049
8059
8061
8063
8071
8088
8096
8101
8146
8158
8176
8184
8207
8227
8231
8244
8264
8266
8298
8340
8374
8383
8384
8406
8420
8429
8485
8491
8540
8619
8625
8643
8671
8692
8784
8795
8813
8822
8839
8849
8864
8888
8890
8916
8930
8931
8936
8937
8984
8986
8987
8991
8993
9045
9049
9067
9086
9098
9099
9102
9115
9148
9170
9188
9209
9249
9279
9293
9379
9459
9496
9563
9571
9631
9643
9653
10053
10122
10138
10288
10298
10408
10418
10448
10545
10609
10657
10969
10985
11101
11114
11199
11246
11294
11435
11475
11611
11693
12420
12468
12470
12472
12530
12574
12576
12591
12597
12598
12624
12625
12651
12659
12665
12749
12754
12835
12837
12845
12849
12861
12865
12876
12882
12883
12889
12943
12989
13033
13112
13126
13153
13225
13320
13416
13420
13423
13439
13639
13644
13659
13661
13663
13684
13686
13739
13748
13759
13760
13766
13784
13818
13832
13833
13969
13970
14045
14051
14076
14077
14157
14203
14206
14279
14379
14417
14421
14424
14426
14499
14506
14524
14527
14589
14598
14599
14602
14635
14637
14640
14648
14658
14664
14679
14699
14751
14762
14772
14800
14847
14893
14904
14906
14910
14911
14954
14978
14980
15021
15060
15096
15102
15105
15106
15111
15132
15152
15159
15160
15162
15163
15166
15179
15199
15200
15233
15266
15270
15360
15366
15373
15401
15403
15408
15413
15415
15461
15462
15473
15504
15510
15559
15595
15618
15635
15639
15658
15659
15662
15673
15680
15702
15717
15758
15762
15764
15767
15771
15780
15783
15802
15824
15826
15829
15847
15877
15953
15981
16025
16027
16047
16049
16059
16066
16074
16087
16119
16124
16125
16128
16139
16142
16170
16174
16247
16252
16253
16413
16417
16423
16425
16448
16462
16484
16771
16798
16810
16817
16827
16828
16837
16845
16846
16864
16866
16876
16887
16895
16922
16926
16933
16955
17004
17038
17046
17054
17055
17060
17065
17072
17076
17077
17081
17084
17092
17105
17147
17150
17164
17173
17198
17209
17223
17240
17246
17265
17304
17305
17308
17310
17319
17323
17324
17334
17352
17357
17442
17452
17586
17592
17630
17632
17670
17684
17713
17818
17900
17901
17932
17967
18047
18098
18122
18148
18188
18190
18192
18278
18283
18299
18301
18302
18311
18324
18325
18331
18353
18404
18433
18437
18448
18679
18705
18718
18748
18762
18777
18788
18904
18929
18934
18951
18953
18956
18962
18988
18993
19007
19008
19013
19021
19027
19040
19083
19085
19090
19095
19097
19120
19144
19165
19196
19198
19204
19208
19215
19231
19234
19239
19259
19263
19273
19274
19275
19286
19287
19302
19303
19312
19316
19325
19348
19353
19360
19366
19380
19385
19394
19427
19445
19459
19520
19529
19531
19542
19548
19553
19588
19589
19652
19662
19700
19749
19815
19836
19849
19851
19853
19856
19898
19900
19945
19947
19952
19953
20062
20068
20075
20116
20166
20180
20201
20258
20274
20278
20279
20283
20305
20328
20398
20427
20503
20504
20505
20535
20553
20554
20605
20725
20760
20772
20784
20987
21005
21070
21101
21179
21192
21251
21252
21253
21257
21260
21261
21264
21266
21271
21282
21311
21322
21352
21450
21454
21461
21474
21475
21510
21565
21605
21630
21638
21649
21673
21674
21678
21704
21732
21756
21775
21776
21788
21792
21804
21808
21812
21813
21816
21818
21834
21850
21865
21893
21920
21925
21927
21931
21937
21938
21943
21962
22055
22056
22057
22061
22066
22068
22069
22077
22126
22133
22142
22154
22159
22164
22188
22198
22227
22302
22336
22358
22361
22365
22368
22385
22386
22387
22391
22393
22402
22421
22468
22487
22508
22532
22552
22563
22566
22602
22611
22667
22671
22760
22791
22793
22972
23270
23274
23279
23296
23410
23413
23421
23439
23507
23557
23675
23677
23682
23741
23745
23746
23751
23761
23769
23775
24037
24174
24212
24217
24224
24228
24229
24230
24237
24239
24257
24276
24364
24490
24513
24520
24523
24559
24624
24638
24640
24645
