22
30
34
36
38
70
84
112
120
143
147
149
183
261
269
285
323
327
340
353
357
365
374
378
382
393
415
429
453
471
487
501
519
547
553
603
607
609
613
617
619
623
625
627
647
657
671
677
691
747
776
779
788
808
831
842
855
882
887
918
920
925
938
949
969
972
981
983
990
994
1010
1050
1057
1073
1077
1102
1105
1107
1127
1136
1147
1152
1164
1166
1187
1196
1243
1268
1286
1288
1320
1324
1345
1368
1379
1381
1386
1406
1411
1419
1422
1425
1437
1440
1444
1456
1460
1471
1487
1496
1500
1502
1519
1561
1564
1577
1582
1642
1656
1663
1670
1692
1694
1736
1742
1758
1770
1777
1783
1785
1805
1815
1850
1860
1866
1881
1885
1907
1921
1931
1961
1967
1972
1974
1982
1984
2058
2073
2077
2081
2083
2095
2100
2106
2108
2110
2113
2125
2137
2143
2158
2166
2174
2176
2182
2204
2224
2237
2245
2247
2266
2297
2300
2306
2317
2321
2325
2331
2337
2342
2368
2381
2411
2427
2431
2446
2448
2456
2463
2469
2478
2480
2513
2515
2527
2543
2547
2561
2589
2594
2629
2639
2650
2695
2699
2709
2720
2730
2743
2745
2762
2765
2767
2780
2790
2813
2821
2825
2839
2853
2869
2871
2877
2913
2927
2945
2957
3003
3042
3065
3069
3075
3093
3095
3147
3151
3163
3195
3203
3213
3241
3245
3271
3281
3289
3303
3319
3347
3353
3384
3388
3442
3458
3474
3511
3520
3532
3549
3569
3577
3579
3595
3616
3624
3628
3641
3643
3655
3659
3663
3669
3681
3690
3696
3702
3711
3717
3719
3728
3749
3757
3763
3818
3842
3874
3892
3900
3925
3929
3973
3995
3999
4013
4025
4060
4072
4088
4103
4116
4132
4140
4144
4160
4161
4193
4237
4239
4245
4251
4297
4305
4318
4333
4366
4370
4395
4409
4411
4426
4430
4438
4440
4444
4454
4460
4477
4489
4520
4524
4529
4559
4587
4607
4611
4623
4625
4633
4657
4665
4699
4717
4723
4731
4749
4753
4797
4807
4823
4831
4876
4884
4886
4924
4961
4974
4987
5002
5022
5046
5071
5083
5089
5107
5116
5148
5152
5165
5169
5191
5197
5225
5229
5241
5282
5290
5293
5299
5318
5325
5330
5332
5334
5336
5349
5361
5369
5385
5402
5409
5411
5417
5430
5445
5450
5455
5459
5473
5498
5514
5543
5551
5553
5562
5572
5587
5591
5596
5614
5648
5655
5657
5680
5692
5710
5726
5757
5759
5781
5799
5801
5817
5830
5835
5855
5877
5907
5943
5955
5961
5983
5999
6005
6007
6015
6021
6047
6059
6065
6086
6087
6094
6096
6100
6102
6104
6117
6202
6231
6236
6243
6255
6258
6272
6292
6305
6313
6323
6340
6355
6360
6370
6371
6373
6377
6381
6390
6396
6400
6411
6413
6426
6441
6452
6470
6474
6508
6521
6522
6525
6532
6540
6565
6596
6615
6617
6631
6648
6654
6665
6681
6697
6701
6717
6721
6771
6803
6829
6852
6870
6880
6883
6901
6906
6948
6959
6970
6984
7011
7015
7021
7034
7040
7060
7066
7069
7075
7077
7081
7092
7124
7152
7156
7160
7176
7180
7205
7214
7228
7234
7247
7249
7253
7294
7341
7354
7368
7386
7395
7414
7435
7437
7455
7458
7466
7469
7473
7495
7496
7505
7508
7525
7530
7536
7546
7551
7559
7562
7569
7573
7587
7616
7619
7643
7645
7653
7657
7659
7661
7664
7668
7674
7678
7680
7702
7706
7708
7718
7722
7738
7760
7762
7766
7780
7786
7790
7804
7805
7807
7809
7859
7890
7902
7908
7912
7916
7925
7937
7943
7961
7969
8023
8039
8051
8055
8071
8077
8095
8104
8130
8152
8178
8195
8212
8238
8242
8244
8251
8253
8283
8285
8303
8320
8374
8385
8480
8554
8594
8597
8601
8624
8625
8633
8653
8670
8671
8681
8692
8696
8778
8786
8819
8821
8828
8832
8867
8876
8905
8915
8916
8930
8952
8978
8989
8993
9002
9028
9030
9031
9035
9044
9064
9098
9099
9117
9130
9166
9182
9183
9188
9215
9269
9281
9320
9326
9328
9330
9334
9448
9496
9582
9611
9616
9659
9667
9680
9686
9781
10048
10164
10198
10308
10351
10379
10388
10408
10700
10783
10802
10830
10847
10920
11001
11129
11246
11445
11537
11569
11653
11659
11694
12490
12526
12531
12555
12598
12602
12619
12624
12626
12636
12648
12684
12755
12768
12843
12877
12905
12967
12989
13008
13009
13071
13096
13170
13193
13225
13253
13282
13306
13429
13638
13662
13667
13668
13681
13708
13709
13729
13730
13734
13739
13747
13765
13792
13808
13817
13845
13868
13989
14066
14144
14145
14153
14160
14175
14205
14207
14215
14216
14218
14258
14328
14417
14489
14497
14499
14502
14505
14527
14528
14535
14538
14540
14557
14567
14571
14607
14647
14658
14698
14699
14702
14713
14784
14835
14838
14844
14866
14868
14887
14888
14903
14906
14907
14926
15020
15028
15030
15031
15060
15068
15076
15082
15100
15101
15112
15131
15134
15150
15153
15158
15165
15168
15233
15234
15270
15283
15373
15401
15402
15408
15414
15471
15474
15496
15505
15511
15568
15571
15615
15617
15619
15620
15636
15661
15663
15681
15686
15737
15739
15758
15763
15764
15803
15817
15826
15966
15967
16007
16046
16052
16058
16074
16076
16084
16090
16107
16108
16118
16121
16131
16137
16142
16170
16221
16250
16263
16273
16412
16439
16442
16448
16450
16459
16462
16468
16485
16588
16772
16783
16791
16827
16837
16888
16895
16902
16919
16924
16926
16927
16955
16978
17004
17016
17035
17038
17049
17066
17070
17071
17073
17078
17085
17094
17125
17249
17287
17308
17318
17334
17355
17526
17592
17632
17644
17673
17682
17782
17800
17820
17847
17980
18018
18091
18188
18190
18191
18192
18198
18199
18200
18280
18284
18296
18298
18313
18315
18316
18318
18323
18324
18346
18357
18404
18409
18517
18537
18540
18605
18663
18673
18683
18689
18705
18726
18731
18761
18762
18823
18827
18843
18858
18859
18883
18916
18929
18930
18932
18939
18947
18958
18969
18970
18973
18976
18994
19003
19006
19011
19017
19034
19052
19060
19069
19084
19095
19096
19099
19104
19118
19133
19135
19151
19166
19176
19189
19191
19221
19310
19340
19351
19357
19360
19366
19371
19378
19388
19389
19395
19400
19414
19427
19439
19449
19484
19510
19519
19522
19533
19554
19585
19587
19641
19695
19696
19700
19814
19821
19851
19863
19915
19922
19939
19941
19942
19952
20046
20089
20111
20129
20161
20166
20179
20248
20253
20255
20267
20271
20276
20336
20398
20429
20445
20504
20505
20509
20540
20543
20557
20599
20601
20604
20607
20610
20686
20758
20947
20950
21013
21068
21100
21183
21248
21252
21256
21260
21266
21320
21333
21411
21449
21453
21456
21473
21475
21495
21553
21574
21605
21608
21643
21670
21676
21710
21718
21726
21733
21767
21768
21777
21781
21787
21791
21799
21803
21804
21805
21807
21820
21833
21834
21845
21851
21876
21891
21894
21898
21906
21914
21936
21938
21949
21956
21985
22044
22055
22057
22059
22093
22098
22105
22111
22121
22137
22175
22181
22212
22266
22331
22333
22352
22354
22357
22358
22362
22366
22368
22369
22389
22404
22417
22431
22453
22548
22556
22557
22647
22661
22666
22694
22791
22916
22922
22970
23163
23279
23310
23313
23337
23413
23417
23418
23422
23493
23522
23526
23679
23680
23742
23746
23747
23750
23751
23757
23759
23764
23768
23771
23816
24172
24174
24214
24222
24225
24230
24231
24459
24480
24482
24483
24490
24493
24496
24502
24515
24522
24523
24525
24531
24534
24544
24547
24549
24553
24560
24562
24564
24569
24570
24578
24583
24623
24629
24638
