491
501
517
519
577
613
824
866
900
952
983
1057
1080
1149
1201
1212
1239
1442
1665
1721
1931
1939
1943
2065
2155
2176
2184
2196
2202
2241
2293
2376
2386
2448
2606
2681
2757
2760
2834
2865
2895
3052
3175
3235
3341
3484
3498
3571
3575
3659
3665
3720
3769
3807
4040
4050
4127
4133
4136
4177
4179
4308
4350
4428
4435
4470
4476
4493
4512
4522
4683
4731
4734
4747
4757
4940
4946
5099
5107
5109
5120
5275
5349
5421
5535
5688
5755
5857
5873
5875
5923
5953
6063
6171
6204
6206
6398
6402
6486
6504
6526
6642
6654
6708
6715
6878
7036
7128
7174
7188
7218
7234
7257
7288
7424
7564
7611
7672
7861
7914
8067
8083
8118
8180
8238
8266
8485
8568
8850
8923
9008
9046
9167
9198
9334
9345
9672
9727
11307
11569
12470
12519
12589
12636
12654
12685
12795
12857
12937
13052
13422
13634
13691
13716
13862
14254
14351
14378
14504
14526
14607
14698
14713
14844
14847
14863
14872
14906
15115
15127
15142
15188
15558
15561
15619
15845
16121
16139
16252
16472
16474
16588
16591
16802
16835
16888
16954
17015
17132
17146
17209
17251
18247
18438
18939
18953
18997
19018
19128
19190
19250
19251
19254
19272
19319
19331
19376
19394
19506
19601
19631
19652
20264
20266
20279
20526
20537
20608
20769
21192
21318
21441
21450
21466
21471
21511
21650
21890
21966
21982
21986
22046
22054
22077
22164
22199
22660
23409
23420
23496
23641
24480
24502
24512
24517
24533
