60
311
331
395
535
575
645
683
738
819
857
894
902
1014
1025
1053
1075
1103
1143
1289
1315
1322
1552
1599
1705
1750
1842
1861
1889
1893
1915
2012
2117
2176
2295
2299
2304
2438
2639
2659
2662
2697
2701
2724
2798
2800
2983
3026
3105
3133
3157
3167
3187
3209
3267
3277
3291
3307
3345
3371
3412
3484
3525
3577
3632
3913
3937
3941
3952
4131
4207
4219
4223
4346
4352
4356
4470
4580
4629
4641
4767
4783
4862
4940
4987
5085
5146
5168
5186
5207
5278
5325
5336
5415
5453
5457
5502
5506
5516
5549
5581
5585
5779
5799
5807
5941
6021
6045
6167
6221
6389
6425
6439
6490
6494
6512
6643
6805
6901
7001
7064
7158
7296
7310
7326
7732
7813
7831
7875
7912
8088
8126
8436
8532
8662
8950
8980
9097
9135
9319
9439
9530
9539
9760
10516
12465
12598
12833
13009
13226
13635
13670
13749
13957
14205
14454
14508
14525
14540
14583
14598
14626
14677
14831
14981
15155
15267
15830
15959
16232
16252
16423
16438
16815
16831
16835
16853
16864
16866
16920
16935
17031
17047
17101
17127
17198
17314
18318
18324
18560
18731
18835
18893
18952
18955
18976
19058
19067
19071
19085
19166
19187
19308
19358
19362
19407
19506
19521
19552
19747
19748
19915
20169
20225
20232
20278
20445
20495
20548
21189
21211
21248
21257
21305
21388
21694
21714
21720
21773
21792
21812
21853
21930
21936
22048
22343
22385
22406
22540
22920
23496
24239
24277
24308
24489
24521
