8
126
132
217
388
507
679
855
943
972
1094
1201
1359
1393
1444
1464
1514
1573
1629
1672
1752
1785
2054
2067
2081
2106
2121
2340
2427
2458
2460
2474
2491
2553
2566
2570
2749
2755
2839
2863
2877
2959
3143
3261
3307
3337
3513
3555
3575
3671
3688
3722
3775
3820
3840
3935
4060
4072
4101
4213
4275
4458
4499
4517
4518
4663
4691
4765
4896
4912
4918
4930
4980
5077
5087
5126
5145
5213
5284
5367
5648
5678
5680
5863
5895
5919
5927
5929
5963
6011
6045
6079
6148
6227
6237
6309
6353
6409
6518
6601
6615
6618
6643
6749
6771
6773
6897
6980
7072
7077
7160
7298
7346
7348
7353
7416
7521
7676
7782
7798
7877
7963
8059
8150
8156
8269
8270
8419
8622
8665
8785
8821
8873
8893
8990
9033
9090
9115
9124
9311
10710
10777
10867
11607
12405
12651
12659
13411
13437
13450
13739
13861
14154
14198
14379
14526
14624
14682
14685
14787
15069
15129
15130
15171
15178
15233
15311
15503
15570
15662
15759
15765
15969
16007
16047
16129
16133
16847
17064
17070
17071
17124
17170
17222
17248
17287
17303
17305
17333
17819
17967
18193
18562
18679
18730
18748
18952
18958
19072
19131
19200
19262
19272
19322
19389
19415
19532
20246
20248
20252
20272
20389
20456
20467
20758
20876
21018
21080
21179
21289
21323
21723
21756
21836
21871
21928
22100
22154
22365
22482
22516
22537
22541
22547
22563
22599
22655
23166
23422
23753
23770
24170
24220
24491
24505
24634
