16
545
587
595
599
649
759
911
961
1125
1277
1297
1340
1347
1377
1399
1489
1491
1692
1738
1777
1875
1893
1996
2071
2085
2091
2180
2243
2317
2325
2342
2354
2478
2493
2522
2613
2679
2705
2707
2747
2882
2921
2935
2993
3097
3121
3143
3191
3297
3313
3783
3793
3898
4042
4082
4088
4249
4281
4390
4413
4466
4495
4536
4574
4633
4641
4683
4729
4737
4738
4785
4892
4964
5154
5524
5572
5604
5613
5622
5653
5676
5680
5739
5789
5903
5947
6065
6100
6186
6231
6236
6336
6375
6436
6448
6739
6767
6789
6791
6810
6815
6914
6988
6992
7079
7094
7294
7324
7345
7350
7397
7426
7430
7546
7569
7575
7772
7794
7875
7939
7980
7998
8197
8269
8484
8513
8566
8592
8601
8728
8832
8915
9008
9069
9289
9419
10567
10969
11153
12473
12625
12630
12657
12660
12849
12974
13073
13182
13275
13447
13581
13639
13659
13723
13731
13740
14077
14176
14498
14587
14657
14750
14903
15042
15088
15189
15360
15673
15725
15963
16007
16031
16139
16221
16423
16836
16894
16956
17014
17071
17084
17264
17593
17847
17898
18785
18795
18975
19106
19128
19193
19213
19261
19271
19369
19377
19480
19567
19672
19850
20058
20119
20196
20232
20253
20331
20537
20602
20651
21002
21252
21265
21271
21339
21643
21657
21678
21731
21777
21782
21813
21908
21988
22079
22104
22127
22315
22401
22406
22486
22498
22602
22644
22671
22760
22922
23419
23439
23494
23683
23757
23778
24224
24448
24582
