0
14
24
28
32
52
54
58
90
106
128
130
135
137
143
166
199
213
221
242
263
274
277
297
323
327
335
336
343
363
370
374
380
397
399
411
419
433
445
475
483
517
539
553
579
583
585
589
591
603
605
607
629
655
663
691
716
718
756
783
786
792
803
804
812
839
876
909
912
925
932
938
988
1005
1008
1021
1073
1077
1078
1094
1113
1114
1127
1143
1158
1163
1182
1219
1230
1252
1264
1295
1302
1340
1355
1370
1381
1383
1397
1404
1413
1417
1440
1462
1467
1469
1485
1507
1510
1514
1525
1528
1534
1545
1546
1559
1568
1591
1602
1635
1640
1651
1654
1685
1707
1748
1798
1801
1804
1806
1807
1850
1862
1873
1887
1891
1897
1903
1921
1929
1945
1947
1955
1957
1969
1970
1980
1994
2000
2004
2014
2058
2083
2093
2097
2113
2147
2168
2172
2174
2182
2186
2192
2194
2198
2206
2210
2245
2280
2284
2302
2308
2327
2340
2356
2366
2384
2390
2399
2419
2423
2429
2444
2448
2463
2466
2468
2470
2487
2505
2518
2520
2535
2568
2572
2574
2581
2587
2594
2617
2623
2627
2631
2649
2650
2703
2728
2823
2831
2837
2880
2886
2897
2905
2909
2929
2947
2957
3008
3018
3022
3044
3073
3089
3095
3105
3107
3139
3153
3175
3241
3245
3263
3275
3277
3279
3293
3311
3313
3329
3331
3345
3363
3375
3390
3396
3398
3406
3419
3425
3428
3448
3453
3480
3513
3528
3530
3532
3549
3565
3591
3612
3629
3636
3657
3661
3732
3734
3749
3751
3770
3787
3803
3822
3840
3850
3854
3865
3866
3870
3872
3880
3886
3913
3929
3933
3941
3943
3958
3965
3981
3987
3997
4015
4017
4036
4038
4040
4050
4062
4066
4086
4090
4112
4118
4138
4140
4148
4155
4157
4175
4187
4197
4199
4241
4243
4245
4249
4269
4270
4305
4333
4366
4374
4412
4413
4414
4418
4428
4437
4476
4491
4493
4499
4540
4545
4553
4561
4566
4615
4621
4629
4635
4639
4641
4655
4685
4723
4733
4751
4763
4773
4805
4811
4827
4829
4847
4864
4884
4914
4942
4952
4954
4957
4959
4968
4991
4996
5010
5046
5081
5107
5109
5124
5138
5144
5156
5190
5203
5221
5223
5227
5245
5249
5257
5269
5271
5273
5329
5332
5340
5343
5345
5347
5361
5395
5406
5424
5430
5433
5437
5443
5463
5469
5496
5504
5509
5511
5524
5526
5530
5540
5560
5572
5573
5583
5591
5596
5606
5613
5615
5644
5670
5686
5698
5704
5714
5734
5736
5737
5767
5769
5785
5795
5811
5820
5839
5843
5873
5887
5891
5899
5909
5945
5957
5967
5975
5987
5995
6005
6033
6057
6079
6136
6144
6152
6160
6163
6167
6181
6189
6210
6227
6250
6309
6315
6339
6340
6358
6370
6371
6378
6389
6394
6428
6454
6468
6472
6480
6496
6501
6510
6516
6538
6540
6549
6559
6601
6603
6606
6609
6619
6657
6675
6678
6699
6701
6706
6713
6733
6737
6755
6775
6785
6793
6795
6807
6829
6853
6855
6866
6868
6887
6903
6914
6916
6957
6970
6999
7001
7038
7055
7056
7064
7065
7073
7084
7098
7116
7124
7134
7154
7167
7168
7169
7170
7186
7234
7251
7285
7312
7324
7326
7333
7348
7352
7363
7378
7404
7420
7437
7454
7460
7489
7510
7520
7521
7548
7553
7577
7581
7626
7638
7641
7649
7655
7659
7666
7676
7680
7704
7728
7732
7742
7774
7815
7849
7884
7887
7908
7925
7957
7969
7990
7992
7998
8006
8023
8031
8036
8039
8043
8083
8088
8094
8100
8104
8124
8126
8130
8132
8158
8166
8189
8192
8217
8225
8255
8262
8283
8290
8293
8304
8309
8356
8486
8491
8525
8536
8586
8619
8636
8656
8664
8692
8781
8786
8822
8850
8878
8885
8905
8906
8916
8938
8979
9031
9032
9061
9069
9089
9096
9142
9148
9184
9205
9214
9233
9249
9289
9293
9334
9354
9381
9399
9403
9433
9466
9496
9516
9524
9563
9663
9672
9703
9727
10049
10122
10198
10238
10248
10298
10361
10379
10388
10428
10471
10591
10731
10785
10830
10831
10851
10969
11114
11153
11202
11226
11265
11294
11336
11354
11485
11553
11659
12464
12468
12499
12510
12519
12520
12527
12597
12626
12630
12648
12655
12660
12675
12752
12838
12870
12881
12986
12989
12990
13009
13061
13171
13181
13190
13212
13235
13282
13410
13411
13412
13450
13517
13521
13636
13639
13645
13646
13648
13650
13653
13666
13670
13685
13689
13707
13711
13721
13725
13734
13736
13746
13758
13765
13788
13808
13812
13814
13845
13851
13867
13868
13964
13979
13985
14066
14152
14155
14163
14168
14225
14255
14279
14350
14351
14402
14417
14426
14451
14525
14531
14533
14538
14556
14562
14587
14604
14615
14616
14619
14620
14622
14623
14627
14632
14637
14638
14657
14679
14685
14713
14720
14742
14745
14750
14751
14777
14795
14799
14800
14816
14818
14833
14862
14868
14869
14872
14885
14886
14926
14958
14959
14961
15036
15037
15041
15059
15093
15103
15122
15130
15133
15137
15148
15162
15167
15173
15195
15206
15243
15283
15293
15311
15415
15465
15466
15469
15474
15497
15593
15620
15625
15653
15664
15666
15674
15677
15681
15682
15685
15699
15739
15763
15771
15773
15813
15829
15878
15959
15967
15969
15972
15982
16030
16059
16088
16091
16109
16120
16128
16171
16258
16433
16467
16472
16484
16485
16596
16783
16797
16802
16807
16810
16816
16817
16821
16830
16853
16865
16921
16922
16924
16932
16956
16994
17054
17062
17086
17145
17169
17201
17215
17248
17252
17258
17387
17390
17455
17526
17529
17566
17630
17680
17773
17820
17828
17830
17840
17931
17946
18016
18051
18098
18121
18188
18282
18283
18284
18296
18303
18310
18311
18316
18318
18355
18358
18360
18369
18435
18478
18537
18538
18554
18664
18670
18671
18676
18679
18695
18698
18700
18703
18730
18734
18737
18753
18761
18762
18778
18781
18785
18835
18897
18909
18913
18937
18944
18947
18958
18963
18972
18974
18977
18987
18994
18998
19015
19021
19031
19039
19057
19110
19118
19121
19135
19190
19201
19219
19222
19238
19248
19264
19273
19287
19305
19306
19308
19320
19339
19346
19352
19369
19374
19382
19387
19401
19427
19447
19449
19490
19516
19517
19520
19525
19531
19549
19563
19568
19592
19601
19642
19734
19736
19755
19756
19821
19838
19845
19854
19892
19900
19914
19934
19941
19946
19951
19953
20061
20074
20113
20116
20121
20177
20181
20196
20201
20227
20231
20256
20258
20261
20270
20273
20276
20278
20283
20287
20305
20328
20331
20383
20391
20485
20490
20491
20498
20499
20501
20509
20607
20644
20651
20665
20724
20754
20769
20808
20939
20974
21020
21022
21084
21183
21197
21278
21291
21294
21340
21349
21350
21392
21411
21443
21460
21470
21552
21643
21649
21650
21656
21671
21675
21683
21684
21687
21704
21731
21733
21735
21771
21777
21799
21817
21821
21848
21853
21865
21867
21882
21891
21921
21923
21931
21938
21939
21951
21958
21962
21964
21967
21973
21978
22061
22064
22065
22067
22068
22069
22085
22086
22088
22105
22109
22114
22122
22126
22127
22165
22179
22188
22223
22232
22250
22260
22300
22326
22336
22343
22356
22365
22383
22388
22404
22410
22431
22482
22501
22507
22522
22541
22553
22573
22580
22655
22656
22674
22793
22839
23116
23164
23166
23272
23273
23281
23284
23295
23296
23301
23315
23408
23493
23495
23528
23557
23560
23675
23683
23750
23752
23764
23766
23768
23770
23772
23773
23815
24025
24235
24240
24250
24266
24308
24447
24452
24472
24486
24491
24527
24550
24554
24569
24570
24579
24601
24617
24628
24641
24646
