10
71
91
105
124
155
161
168
173
188
216
239
243
247
258
270
273
280
284
288
325
333
366
370
389
402
424
430
469
481
491
519
541
545
588
596
624
634
644
650
654
658
666
678
696
706
726
740
744
754
763
786
801
810
825
839
840
842
853
860
862
865
867
878
883
894
897
931
947
957
959
965
967
972
974
978
983
987
995
1003
1017
1019
1027
1029
1031
1033
1055
1059
1063
1066
1075
1086
1094
1100
1104
1108
1112
1122
1139
1141
1157
1176
1179
1194
1198
1204
1216
1221
1223
1229
1256
1264
1282
1289
1302
1319
1350
1365
1396
1406
1422
1436
1448
1464
1467
1470
1481
1494
1499
1505
1507
1511
1525
1530
1534
1543
1570
1590
1602
1616
1620
1624
1632
1636
1646
1664
1666
1680
1683
1695
1705
1712
1724
1743
1751
1767
1790
1817
1827
1873
1883
1887
1893
1900
1910
1914
1917
1923
1936
1942
1946
1948
1950
1969
1975
1981
1995
1999
2005
2015
2019
2047
2055
2074
2080
2088
2090
2107
2134
2143
2144
2157
2165
2175
2200
2201
2202
2212
2221
2222
2223
2226
2229
2254
2282
2287
2289
2294
2298
2300
2335
2351
2365
2367
2387
2405
2413
2425
2441
2455
2480
2483
2484
2493
2501
2505
2513
2523
2528
2538
2564
2566
2589
2590
2591
2647
2651
2664
2671
2676
2681
2697
2705
2710
2712
2716
2720
2723
2739
2744
2753
2757
2761
2777
2791
2795
2796
2806
2821
2823
2826
2853
2857
2883
2889
2891
2896
2907
2942
2952
2963
2970
2980
2998
3023
3034
3054
3062
3064
3066
3095
3100
3103
3117
3130
3152
3157
3159
3190
3197
3201
3222
3224
3234
3245
3247
3252
3266
3282
3283
3287
3299
3315
3320
3326
3359
3381
3387
3397
3405
3407
3417
3421
3423
3431
3445
3455
3457
3488
3514
3518
3520
3525
3534
3540
3545
3550
3552
3554
3564
3566
3569
3583
3596
3605
3628
3631
3637
3664
3694
3704
3706
3740
3744
3774
3777
3783
3791
3833
3839
3849
3851
3855
3867
3888
3891
3902
3904
3913
3944
3961
3969
3971
3974
3980
3984
3986
3988
3990
4005
4024
4037
4068
4076
4083
4106
4110
4112
4160
4166
4168
4176
4183
4187
4195
4201
4213
4215
4219
4234
4237
4241
4245
4253
4261
4274
4282
4290
4293
4294
4296
4303
4308
4310
4322
4323
4330
4351
4361
4371
4375
4376
4383
4384
4389
4397
4399
4416
4422
4426
4427
4431
4455
4470
4494
4498
4500
4508
4514
4517
4578
4584
4591
4601
4610
4632
4640
4652
4659
4668
4672
4700
4716
4733
4737
4746
4752
4753
4795
4832
4834
4840
4862
4866
4872
4906
4921
4933
4947
4960
4962
4965
4971
4972
4982
4991
4993
4999
5052
5076
5079
5099
5101
5104
5123
5142
5155
5159
5161
5172
5174
5180
5184
5202
5242
5252
5260
5266
5268
5288
5296
5304
5309
5315
5321
5323
5387
5389
5391
5449
5453
5481
5495
5517
5523
5537
5604
5606
5607
5625
5659
5668
5672
5687
5690
5709
5719
5723
5741
5757
5769
5772
5782
5791
5820
5852
5863
5867
5890
5904
5916
5946
5958
5961
5964
5969
5970
5978
6003
6015
6036
6040
6048
6062
6064
6068
6071
6075
6095
6123
6124
6140
6142
6150
6156
6160
6166
6181
6187
6191
6202
6206
6216
6243
6253
6263
6265
6274
6280
6287
6295
6308
6314
6331
6348
6354
6355
6363
6368
6369
6373
6377
6379
6383
6384
6390
6405
6407
6426
6434
6444
6446
6454
6456
6470
6475
6492
6494
6505
6521
6534
6549
6555
6559
6567
6588
6592
6601
6623
6637
6640
6646
6656
6671
6700
6702
6718
6722
6730
6732
6736
6738
6740
6822
6848
6862
6870
6874
6876
6896
6922
6932
6950
6960
6964
6976
6992
7018
7030
7034
7040
7048
7050
7076
7082
7090
7116
7124
7128
7140
7144
7168
7172
7218
7240
7254
7256
7260
7284
7286
7296
7308
7312
7322
7330
7348
7354
7392
7400
7404
7406
7428
7440
7448
7492
7508
7512
7516
7518
7520
7528
7536
7544
7559
7579
7586
7601
7603
7612
7615
7618
7620
7631
7640
7667
7684
7686
7692
7699
7702
7704
7707
7708
7717
7719
7721
7727
7731
7738
7740
7750
7756
7766
7768
7796
7800
7812
7850
7852
7864
7872
7882
7884
7890
7934
7942
7950
7966
7968
7978
7980
7986
8006
8046
8048
8058
8072
8093
8101
8132
8145
8151
8160
8162
8171
8184
8186
8187
8193
8195
8201
8226
8229
8243
8251
8260
8262
8285
8299
8349
8357
8375
8383
8414
8418
8421
8429
8432
8437
8447
8449
8456
8458
8460
8463
8475
8476
8478
8492
8494
8502
8521
8523
8532
8538
8546
8574
8590
8592
8604
8616
8617
8631
8633
8645
8647
8653
8655
8659
8674
8678
8683
8685
8693
8702
8734
8736
8741
8746
8755
8757
8769
8809
8824
8830
8842
8844
8853
8857
8881
8889
8892
8894
8896
8911
8913
8927
8928
8932
8962
8970
8979
8980
8986
8997
8999
9000
9020
9030
9036
9038
9078
9093
9096
9114
9116
9122
9133
9144
9146
9150
9154
9157
9174
9189
9200
9207
9212
9232
9233
9245
9272
9273
9274
9277
9279
9281
9297
9299
9301
9309
9317
9325
9339
9346
9376
9384
9400
9407
9408
9414
9436
9454
9460
9505
9548
9552
9557
9560
9569
9574
9627
9640
9663
9669
9686
9710
9730
9734
9761
9767
9771
9780
9786
9796
9809
9814
9816
9832
9834
9842
9848
9856
9860
9868
9887
9889
9895
9917
9921
9927
9934
9956
9958
9960
9964
9996
10004
10018
10020
10026
10032
10036
10048
10076
10104
10130
10144
10155
10156
10166
10182
10185
10190
10192
10196
10231
10233
10261
10275
10279
10287
10321
10335
10341
10359
10366
10374
10396
10406
10412
10434
10436
10439
10451
10468
10484
10488
10489
10490
10512
10517
10547
10552
10556
10570
10594
10612
10614
10629
10636
10666
10668
10676
10681
10684
10715
10760
10763
10778
10780
10783
10801
10807
10809
10847
10853
10874
10886
10890
10904
10905
10907
10909
10920
10923
10924
10925
10931
10941
10957
10962
10974
10982
10984
10988
10993
10995
11004
11011
11029
11060
11076
11085
11090
11094
11101
11103
11104
11108
11130
11137
11141
11167
11173
11176
11182
11190
11191
11204
11211
11218
11223
11239
11261
11274
11288
11296
11327
11337
11349
11353
11371
11393
11397
11399
11432
11434
11436
11439
11441
11453
11470
11474
11515
11517
11519
11521
11523
11529
11541
11564
11583
11597
11603
11611
11613
11614
11622
11624
11631
11633
11636
11638
11643
11653
11661
11662
11670
11681
11684
11690
11692
11697
11698
11702
11705
11706
11708
11713
11731
11741
11743
11749
11751
11769
11773
11795
11814
11820
11822
11832
11836
11858
11864
11874
11878
11880
11890
11914
11918
11924
11928
11938
11954
11958
11982
12002
12008
12010
12016
12042
12052
12056
12118
12122
12134
12145
12147
12155
12186
12196
12198
12210
12218
12228
12234
12244
12267
12283
12299
12341
12351
12359
12369
12383
12385
12413
12422
12424
12426
12443
12447
12457
12479
12481
12507
12513
12515
12517
12521
12533
12546
12560
12573
12578
12582
12599
12618
12621
12631
12634
12637
12641
12647
12650
12673
12676
12677
12682
12686
12688
12695
12699
12712
12714
12716
12736
12760
12791
12792
12798
12801
12812
12822
12836
12838
12839
12852
12858
12870
12894
12898
12914
12922
12936
12956
12964
12966
12980
12986
12991
13000
13002
13042
13048
13050
13094
13100
13102
13116
13122
13123
13125
13126
13134
13140
13146
13162
13197
13201
13203
13212
13220
13232
13235
13243
13244
13255
13277
13295
13315
13327
13331
13341
13365
13379
13383
13385
13391
13401
13411
13418
13438
13454
13458
13492
13512
13516
13518
13528
13536
13556
13568
13576
13580
13582
13588
13590
13592
13606
13618
13622
13626
13644
13650
13658
13690
13692
13694
13700
13708
13728
13746
13800
13822
13826
13858
13862
13870
13880
13891
13901
13915
13917
13962
13977
13993
14004
14011
14027
14071
14089
14101
14178
14180
14182
14188
14190
14202
14228
14230
14232
14240
14247
14258
14289
14295
14297
14301
14311
14324
14329
14375
14388
14398
14404
14425
14434
14436
14451
14455
14463
14491
14493
14497
14501
14505
14509
14544
14548
14556
14574
14592
14602
14611
14612
14618
14631
14649
14650
14674
14678
14700
14702
14703
14750
14751
14757
14765
14772
14778
14780
14787
14794
14804
14812
14815
14822
14846
14892
14898
14900
14914
14922
14936
14944
14953
14962
15042
15048
15055
15057
15063
15083
15087
15106
15134
15143
15150
15154
15184
15189
15192
15196
15219
15231
15233
15237
15239
15248
15289
15293
15297
15298
15327
15329
15332
15342
15343
15345
15349
15358
15370
15386
15388
15395
15397
15409
15412
15431
15445
15447
15459
15461
15463
15470
15473
15474
15479
15492
15494
15500
15515
15531
15561
15578
15590
15594
15608
15610
15612
15615
15624
15649
15669
15716
15734
15740
15745
15747
15753
15768
15788
15811
15813
15835
15843
15872
15874
15882
15893
15898
15900
15909
15914
15918
15931
15939
15967
15971
15995
16022
16029
16063
16082
16084
16088
16128
16130
16138
16152
16160
16161
16165
16204
16221
16231
16233
16239
16246
16250
16257
16280
16299
16316
16326
16334
16336
16350
16368
16380
16441
16460
16464
16469
16509
16515
16526
16541
16545
16546
16548
16555
16592
16604
16618
16620
16628
16630
16638
16639
16641
16650
16652
16663
16700
16704
16724
16729
16733
16744
16750
16752
16757
16761
16773
16775
16794
16795
16851
16854
16869
16873
16883
16924
16932
16950
16958
17013
17015
17017
17035
17051
17061
17067
17069
17072
17078
17086
17087
17099
17147
17155
17159
17182
17190
17192
17208
17227
17238
17257
17287
17289
17290
17304
17307
17308
17362
17402
17403
17411
17425
17435
17473
17484
17503
17528
17530
17537
17539
17551
17555
17557
17570
17572
17602
17619
17620
17650
17680
17706
17791
17836
17901
17964
17974
17981
17989
18020
18048
18058
18061
18064
18105
18122
18136
18149
18169
18178
18180
18226
18252
18260
18262
18280
18282
18285
18287
18294
18310
18323
18328
18335
18376
18395
18512
18516
18539
18558
18755
18765
18767
18781
18839
18844
18946
19037
19049
19069
19082
19093
19106
19115
19125
19134
19175
19187
19204
19219
19236
19280
19306
19314
19326
19335
19348
19354
19355
19357
19375
19381
19443
19446
19447
19517
19525
19529
19531
19547
19555
19556
19589
19592
19624
19631
19648
19649
19708
19716
19717
19735
19768
19832
19838
19874
19908
19995
20174
20207
20286
20313
20314
20318
20328
20340
20386
20388
20401
20406
20461
20487
20503
20517
20518
20614
20620
20627
20636
20660
20673
20691
20752
20807
20814
20816
21094
21096
21127
21142
21156
21198
21334
21338
21365
21454
21489
21512
21526
21548
21568
21591
21601
21610
21613
21618
21619
21633
21668
21709
21724
21760
21761
21783
21785
21789
21790
21805
21843
21856
21857
21860
21862
21885
21888
21895
21940
21948
21953
21993
22032
22041
22073
22123
22128
22131
22164
22166
22223
22244
22245
22263
22270
22271
22272
22323
22344
22346
22368
22414
22416
22441
22453
22457
22536
22620
22684
22809
22856
22923
22929
22930
22953
22979
22984
23001
23160
23182
23307
23319
23326
23341
23342
23344
23346
23350
23358
23362
23366
23384
23418
23431
23438
23454
23543
23630
23710
23767
23817
23853
23889
23896
23899
23953
23980
23983
23985
23986
23994
23995
24024
24091
24155
24156
24168
24187
24273
24343
24392
24431
24452
24454
24461
24471
24475
24499
24505
24565
24583
24606
24611
24615
24644
24693
24700
24712
24723
24775
24777
24778
24796
24837
24840
24856
24876
24909
24922
24924
24933
24937
24947
24950
24979
24980
24986
25006
25048
25076
25128
25134
25146
25153
25172
25234
25252
25265
25311
25321
25323
25360
25364
25430
25454
25469
25477
25572
25584
25682
25685
25797
25799
25804
25812
25828
25865
25982
26217
26260
26328
26361
26390
26442
26526
26532
26592
26618
26673
26733
26742
26769
26774
26910
26979
27004
27134
27198
27223
27244
27245
27266
27272
27279
27291
27303
27305
27306
27314
27326
27331
27416
27425
27467
27469
27520
27530
27531
27555
27568
27571
27574
27584
27591
27596
27628
27629
27661
27665
27690
27696
27705
27719
27769
27865
27888
27918
27938
27943
27949
27964
28029
28032
28054
28094
28101
28111
28144
28210
28221
28230
28404
28433
28505
28526
28725
28759
28779
28795
28796
28879
28883
28892
28911
28926
28927
28965
28966
28967
28968
28994
28996
29005
29108
29109
29167
29175
29186
29322
29340
29387
29388
29436
29479
29579
29584
29586
29610
29654
29715
29736
29753
29760
29761
29844
29992
30028
30040
30053
30054
30059
30061
30063
30065
30067
30071
30074
30080
30081
30088
30089
30093
30095
30108
30109
30110
30118
30120
30127
30141
30148
30168
30169
30177
30185
30186
30193
30205
30212
30216
30247
30547
30548
30566
30569
30771
30992
31075
31082
31098
31108
31134
31152
31157
31298
32019
32199
32307
32494
32629
32643
32708
32709
33226
33238
33248
33250
33253
33262
33265
33272
33278
33282
33284
33297
33299
33300
33355
33360
33371
33377
33380
33428
33515
33548
33573
33638
33726
33793
33824
33826
33865
33892
33958
33971
33987
34004
34008
34025
34090
34092
34104
34126
34136
34146
34187
34191
34201
34211
34247
34249
34265
34313
34320
34417
34660
34730
34815
34833
34859
34979
34999
35021
35154
35159
35219
35290
35428
35477
35484
35498
35504
35526
35561
35584
35585
35601
35619
35621
35647
35659
35669
35755
35765
35894
35899
35932
36018
36019
36021
36029
36031
36036
36046
36047
36050
36077
36081
36094
36096
36098
36105
36110
36114
36126
36196
36226
36480
36514
36557
36590
36593
36887
36940
36952
36966
36971
37013
37017
37023
37027
37036
37039
37048
37054
37055
37129
37131
37140
37143
37144
37161
37172
37218
37221
37223
37224
37227
37252
37277
37344
37383
37403
37431
37455
37693
37738
37739
37777
37783
37787
37794
37802
37807
37867
37878
37892
37917
37922
37924
37935
38008
38022
38036
38044
38070
38132
38144
38228
38235
38274
38322
38409
38497
38559
38648
38661
38701
38738
38741
38745
38777
38778
38790
38804
38811
38828
38830
38835
38860
38885
38889
38944
38966
38977
39031
39037
39039
39097
39155
39162
39182
39195
39229
39235
39241
39267
39271
39281
39292
39294
39296
39300
39315
39318
39321
39343
39439
39492
39514
39583
39628
39637
39667
39709
39712
39750
39761
39785
39813
39848
39857
39860
39906
39967
39993
40014
40063
40096
40105
40204
40251
40316
40323
40349
40350
40394
40406
40528
40529
40671
40704
40708
40967
41171
41234
41392
41476
41501
41502
41507
41522
41542
41569
41590
41627
41631
41644
41645
41657
41661
41934
41935
41957
41966
41972
42024
42048
42051
42079
42085
42086
42096
42098
42103
42122
42273
42337
42446
42447
42514
42521
42522
42583
42602
42642
42687
42710
42792
42919
42959
42963
42971
42984
43013
43033
43034
43035
43037
43047
43050
43061
43232
43250
43270
43335
43405
43418
43489
43501
43502
43509
43576
43626
43633
43648
43757
43838
43843
43860
43873
43891
43901
43941
43954
43986
43994
44032
44033
44050
44056
44067
44079
44089
44115
44147
44155
44191
44194
44198
44202
44205
44218
44248
44254
44259
44261
44283
44333
44335
44337
44381
44385
44399
44402
44404
44439
44461
44478
44494
44505
44507
44509
44511
44518
44520
44523
44538
44543
44573
44585
44617
44619
44804
44810
44814
44818
44820
44825
44967
44968
44976
44981
45002
45011
45012
45013
45077
45097
45136
45189
45215
45218
45222
45237
45272
45433
45450
45487
45542
45557
45563
45565
45685
45693
45755
45766
45767
45901
45925
45933
45935
46000
46069
46150
46216
46219
46230
46249
46278
46355
46410
46448
46453
46474
46477
46484
46487
46489
46508
46546
46650
46653
46654
46680
46700
46711
46726
46751
46779
46783
46789
46854
46857
46894
46957
46988
46989
47051
47093
47112
47124
47134
47151
47166
47216
47226
47332
47348
47359
47369
47376
47464
47465
47469
47493
47498
47517
47518
47519
47544
47548
47549
47674
47675
47683
47733
47786
47791
47851
47878
47920
47922
47943
47945
47976
48031
48054
48055
48070
48130
48271
48294
48308
48317
48327
48328
48339
48410
48469
48474
48476
48508
48707
48717
48845
49022
49058
49119
49129
49132
49190
49273
49341
49344
49390
49686
49697
49699
49702
49774
49784
49785
49969
50003
50005
50020
50205
50354
50373
50401
50412
50470
50481
50535
50536
50557
50559
50560
50569
50580
50662
50682
50689
50690
50749
50759
50761
50812
50842
50844
50845
50930
50964
51079
51083
51121
51143
51154
51224
51227
51228
51235
51236
51239
51249
51358
51403
51433
51493
51533
51534
51535
51541
51546
51547
51579
51722
51812
51860
51895
51935
51941
51942
51967
51973
51974
51975
51983
51986
52001
52012
52036
52038
52049
52063
52070
52103
52182
52209
52215
52232
52234
52237
52266
52269
52308
52338
52365
52427
52506
52529
52539
52542
52630
52635
52639
52642
52643
52699
52732
52748
52754
52757
52789
52805
52818
52829
52843
52915
52916
52943
53106
53125
53154
53158
53181
53276
53281
53292
53321
53377
53413
53485
53491
53521
53529
53537
53560
53651
53683
53712
53750
53778
53781
53835
53843
53848
53856
53876
53927
53955
53977
53978
53986
53987
54044
54052
54057
54111
54124
54128
54139
54166
54175
54226
54273
54274
54309
54339
54344
54348
54375
54388
54396
54413
54414
54420
54428
54432
54433
54434
54440
54446
54461
54473
54476
54478
54489
54499
54502
54512
54513
54517
54531
54535
54551
54554
54558
54570
54592
54603
54605
54608
54616
54620
54628
54629
54631
54718
54719
54721
54722
54729
54732
54741
54758
54761
54768
54784
54806
54810
54816
54821
54844
54849
54890
54897
54905
54915
54961
54996
55001
55018
55057
55058
55064
55066
55089
55134
55136
55156
55159
55173
55181
55183
55187
55192
55205
55221
55239
55246
55250
55334
55339
55349
55351
55378
55410
55413
55436
55439
55444
55445
55527
55689
55708
55730
55745
55782
55869
55886
55935
55995
56002
56059
56060
56102
56103
56145
56150
56179
56182
56194
56489
56491
56532
56535
56537
56538
56539
56543
56631
56739
56805
56868
56875
56891
57009
57011
57046
57162
57498
57507
57537
57538
57540
57541
57548
57550
57600
57672
57711
57716
57745
57750
57787
57840
57862
57863
57877
57887
57892
57899
57905
57906
57917
57922
57927
57940
57955
57963
57971
57976
57978
57986
57993
58053
58055
58078
58133
58191
58276
58538
58662
58783
58784
58787
58788
58790
58817
58818
58821
58822
59035
59036
59053
59206
59207
59208
59259
59334
59422
59424
59426
59440
59465
59466
59503
59630
59708
59714
59715
59740
59749
59753
59754
59790
59791
59794
59805
59811
59820
59821
59824
59825
59855
59875
59880
59897
