31
43
45
49
55
85
87
126
129
143
177
179
186
190
198
216
231
249
272
274
280
282
286
310
319
331
343
371
381
390
400
430
442
457
463
469
479
487
497
499
509
517
557
582
590
650
680
698
704
736
740
774
779
801
808
810
820
824
825
844
855
856
881
953
959
965
1003
1011
1023
1029
1041
1049
1065
1070
1081
1096
1110
1137
1141
1149
1151
1168
1174
1184
1236
1242
1246
1270
1272
1276
1286
1288
1290
1298
1312
1335
1343
1347
1349
1352
1366
1370
1384
1388
1394
1424
1426
1428
1434
1446
1471
1483
1484
1503
1515
1536
1538
1544
1576
1598
1604
1620
1622
1626
1644
1664
1678
1693
1716
1724
1730
1741
1747
1759
1761
1765
1769
1784
1796
1815
1826
1849
1853
1873
1882
1896
1899
1901
1905
1917
1925
1940
1953
1967
1975
1981
1984
1986
1999
2005
2006
2007
2008
2017
2018
2021
2023
2024
2034
2038
2040
2044
2072
2078
2103
2115
2122
2124
2126
2144
2167
2179
2187
2203
2210
2214
2216
2242
2260
2267
2279
2281
2283
2285
2300
2317
2327
2347
2349
2359
2369
2377
2393
2435
2441
2447
2461
2463
2477
2502
2529
2540
2548
2566
2588
2593
2602
2617
2633
2637
2660
2666
2672
2676
2709
2736
2739
2759
2769
2773
2778
2798
2808
2812
2813
2816
2826
2839
2853
2854
2859
2889
2891
2898
2928
2938
2958
2970
2980
2982
3007
3025
3030
3072
3082
3088
3130
3138
3144
3145
3157
3175
3181
3195
3197
3212
3234
3238
3256
3260
3279
3282
3283
3290
3294
3298
3316
3318
3323
3356
3381
3387
3389
3393
3407
3417
3439
3442
3453
3454
3457
3461
3465
3482
3496
3503
3512
3529
3537
3542
3545
3561
3564
3589
3596
3599
3606
3612
3614
3640
3648
3682
3684
3689
3694
3701
3702
3723
3743
3750
3754
3756
3780
3784
3785
3802
3807
3834
3849
3865
3882
3888
3893
3895
3909
3944
3950
3976
4023
4027
4046
4065
4083
4144
4150
4156
4158
4201
4205
4206
4207
4213
4215
4219
4230
4234
4236
4238
4241
4246
4248
4275
4288
4289
4294
4299
4303
4336
4339
4351
4363
4369
4376
4384
4406
4418
4428
4434
4439
4447
4451
4455
4482
4486
4491
4492
4510
4515
4546
4550
4566
4570
4596
4597
4608
4611
4621
4625
4640
4648
4654
4661
4663
4672
4678
4682
4712
4716
4731
4733
4736
4776
4790
4796
4803
4810
4820
4822
4838
4852
4854
4856
4860
4877
4888
4900
4904
4915
4919
4939
4945
4953
4958
4987
4993
4995
4997
4999
5007
5029
5041
5054
5062
5081
5104
5112
5138
5144
5146
5155
5159
5180
5206
5208
5210
5214
5216
5224
5254
5256
5272
5280
5307
5315
5323
5325
5333
5363
5371
5379
5383
5387
5397
5399
5425
5429
5434
5447
5448
5453
5463
5475
5479
5491
5493
5497
5501
5517
5523
5529
5546
5547
5552
5553
5555
5574
5576
5592
5596
5602
5649
5650
5659
5669
5675
5680
5685
5686
5692
5699
5723
5725
5727
5739
5747
5762
5768
5771
5776
5778
5784
5830
5837
5856
5880
5888
5920
5944
5946
5948
5954
5969
5970
5976
5982
5990
6016
6040
6042
6044
6050
6075
6079
6085
6095
6097
6125
6129
6131
6132
6133
6170
6193
6195
6206
6212
6216
6223
6239
6268
6274
6318
6335
6362
6368
6385
6388
6396
6400
6413
6418
6424
6441
6457
6459
6486
6505
6511
6518
6521
6526
6538
6548
6559
6565
6576
6585
6597
6601
6613
6664
6668
6670
6680
6700
6714
6718
6722
6728
6730
6738
6740
6742
6748
6756
6770
6782
6794
6798
6810
6812
6824
6842
6852
6868
6892
6916
6924
6930
6942
6952
6954
6964
6976
7010
7018
7026
7028
7066
7086
7096
7102
7104
7112
7144
7164
7172
7192
7196
7198
7202
7230
7256
7272
7296
7298
7300
7328
7330
7340
7344
7390
7406
7418
7430
7432
7434
7442
7456
7482
7490
7494
7544
7546
7563
7569
7571
7574
7578
7591
7596
7598
7623
7626
7628
7629
7641
7656
7659
7666
7669
7672
7677
7682
7688
7692
7693
7700
7702
7703
7705
7710
7711
7712
7715
7718
7720
7721
7722
7730
7731
7733
7735
7738
7740
7745
7749
7750
7758
7760
7792
7800
7808
7824
7826
7830
7854
7866
7878
7940
7944
7960
7970
7982
7998
8028
8038
8052
8060
8064
8070
8081
8094
8105
8112
8113
8124
8125
8132
8138
8139
8148
8153
8157
8163
8170
8172
8180
8184
8197
8198
8207
8229
8239
8241
8249
8280
8300
8303
8317
8344
8353
8359
8365
8373
8419
8421
8432
8463
8464
8466
8478
8485
8502
8504
8508
8517
8523
8529
8531
8534
8536
8562
8588
8589
8592
8594
8598
8599
8615
8629
8633
8639
8657
8662
8676
8683
8700
8702
8714
8721
8722
8724
8728
8732
8741
8776
8781
8796
8820
8835
8846
8863
8867
8877
8887
8894
8901
8908
8919
8923
8974
8979
8982
8985
9019
9022
9028
9042
9050
9072
9088
9090
9094
9111
9115
9122
9125
9140
9152
9156
9174
9188
9210
9213
9219
9227
9230
9232
9251
9272
9273
9274
9286
9292
9321
9341
9343
9347
9349
9355
9369
9384
9404
9428
9458
9493
9526
9530
9542
9556
9559
9571
9599
9600
9602
9615
9621
9636
9659
9667
9689
9697
9699
9732
9757
9764
9768
9782
9794
9807
9811
9824
9832
9875
9893
9906
9915
9918
9925
9927
9935
9940
9946
9948
9956
9960
9982
9984
10020
10040
10050
10062
10076
10082
10086
10108
10114
10127
10142
10149
10156
10165
10168
10169
10178
10183
10185
10191
10197
10210
10236
10247
10251
10265
10267
10289
10291
10295
10297
10323
10325
10335
10349
10357
10358
10368
10412
10418
10428
10431
10432
10439
10454
10466
10502
10514
10519
10538
10548
10556
10566
10568
10579
10583
10585
10602
10606
10608
10623
10625
10629
10639
10643
10656
10658
10662
10683
10690
10692
10696
10705
10708
10710
10730
10735
10738
10744
10767
10783
10826
10830
10835
10851
10867
10882
10903
10917
10919
10923
10927
10929
10935
10937
10959
10960
10962
10964
10980
10999
11000
11001
11009
11041
11043
11056
11069
11071
11088
11117
11128
11141
11145
11158
11174
11179
11180
11202
11204
11206
11215
11216
11217
11229
11230
11231
11233
11241
11244
11255
11301
11311
11323
11335
11347
11355
11365
11371
11377
11399
11407
11413
11415
11425
11436
11453
11463
11470
11507
11531
11539
11555
11564
11574
11580
11582
11591
11601
11603
11640
11641
11647
11673
11727
11751
11765
11769
11795
11820
11838
11840
11856
11882
11884
11886
11894
11902
11924
11950
11962
11966
11978
11988
12012
12044
12052
12074
12098
12116
12124
12141
12168
12174
12184
12196
12220
12228
12246
12259
12289
12294
12321
12392
12396
12404
12413
12422
12438
12440
12451
12453
12459
12463
12477
12483
12497
12503
12505
12507
12525
12529
12531
12537
12538
12560
12576
12590
12596
12602
12604
12610
12611
12624
12625
12636
12668
12670
12673
12675
12678
12695
12720
12722
12754
12760
12764
12774
12777
12786
12798
12799
12814
12822
12833
12838
12839
12846
12854
12859
12870
12882
12900
12924
12946
12952
12982
12989
12991
13002
13004
13008
13026
13028
13038
13050
13072
13078
13100
13125
13128
13152
13158
13174
13178
13180
13195
13240
13243
13249
13266
13303
13321
13329
13337
13341
13369
13382
13389
13391
13393
13414
13420
13446
13452
13456
13492
13494
13496
13498
13516
13526
13530
13540
13564
13576
13610
13628
13640
13648
13652
13658
13692
13694
13700
13730
13740
13742
13744
13774
13780
13784
13808
13826
13834
13836
13852
13878
13886
13889
13895
13913
13924
13930
13937
13949
13955
13969
13971
13979
13999
14018
14024
14029
14046
14065
14093
14101
14107
14109
14111
14117
14119
14133
14168
14174
14186
14202
14220
14226
14232
14234
14273
14281
14295
14315
14318
14331
14339
14368
14375
14391
14408
14448
14461
14467
14469
14481
14485
14501
14519
14535
14537
14562
14570
14576
14584
14596
14606
14614
14625
14631
14633
14637
14664
14668
14670
14692
14696
14700
14716
14726
14735
14737
14740
14743
14755
14782
14790
14802
14804
14814
14820
14822
14830
14834
14838
14842
14861
14881
14894
14900
14904
14914
14918
14938
15028
15030
15042
15048
15050
15057
15061
15065
15081
15087
15112
15143
15151
15178
15186
15189
15212
15233
15235
15245
15246
15252
15258
15264
15319
15321
15338
15439
15456
15459
15483
15498
15521
15525
15538
15542
15551
15553
15558
15568
15576
15578
15582
15607
15615
15622
15661
15665
15673
15701
15709
15711
15724
15726
15732
15734
15740
15743
15753
15758
15761
15772
15792
15797
15811
15814
15837
15839
15845
15849
15860
15885
15887
15890
15891
15909
15930
15946
15956
15965
15967
15975
15977
15985
15987
16005
16007
16024
16033
16043
16055
16063
16094
16095
16099
16122
16140
16161
16178
16182
16204
16215
16221
16250
16252
16268
16291
16293
16354
16375
16386
16409
16415
16450
16451
16458
16466
16476
16486
16489
16499
16501
16523
16525
16557
16561
16573
16576
16580
16590
16592
16614
16634
16639
16644
16679
16685
16694
16698
16700
16706
16714
16742
16752
16800
16812
16818
16844
16854
16862
16867
16879
16888
16900
16912
16918
16930
16936
16940
16960
16970
16976
16984
17017
17019
17021
17023
17037
17051
17059
17067
17069
17075
17076
17078
17080
17082
17087
17097
17116
17118
17134
17144
17155
17184
17203
17209
17211
17241
17263
17277
17290
17301
17304
17322
17324
17326
17330
17332
17344
17346
17401
17407
17412
17417
17425
17433
17453
17459
17469
17470
17474
17488
17501
17510
17516
17520
17529
17530
17535
17536
17537
17549
17550
17557
17574
17590
17660
17695
17712
17752
17788
17792
17835
17846
17850
17869
17893
17926
17964
17988
17989
17992
18014
18022
18045
18046
18073
18095
18105
18108
18163
18252
18279
18283
18285
18286
18294
18305
18327
18379
18385
18395
18444
18563
18564
18599
18607
18631
18700
18756
18818
18838
18841
18905
18910
18925
18968
19036
19049
19161
19162
19195
19196
19218
19219
19266
19279
19281
19293
19306
19315
19334
19335
19336
19349
19351
19359
19368
19378
19401
19457
19461
19477
19483
19511
19517
19519
19522
19525
19528
19529
19533
19555
19580
19582
19591
19601
19603
19620
19631
19635
19637
19649
19656
19748
19783
19797
19812
19821
19825
19836
19848
19908
20131
20254
20255
20260
20266
20314
20317
20329
20378
20414
20423
20439
20461
20517
20625
20645
20664
20672
20691
20722
20731
20751
20752
20769
20810
20814
20818
21007
21102
21136
21137
21142
21157
21164
21176
21236
21245
21256
21274
21370
21373
21383
21386
21400
21432
21433
21476
21485
21510
21515
21528
21529
21556
21562
21572
21593
21609
21610
21611
21612
21618
21632
21638
21656
21670
21685
21689
21724
21734
21754
21760
21761
21762
21775
21780
21787
21860
21870
21888
21895
21925
21942
21943
21998
22005
22069
22095
22106
22127
22130
22134
22164
22166
22197
22201
22256
22287
22288
22326
22339
22356
22358
22413
22419
22432
22447
22452
22456
22457
22469
22535
22583
22676
22718
22769
22770
22779
22814
22839
22855
22926
22944
22989
23001
23182
23276
23294
23300
23301
23303
23305
23321
23325
23326
23327
23335
23347
23362
23369
23432
23452
23476
23482
23496
23549
23709
23711
23810
23817
23823
23896
23899
23981
23987
23997
24024
24030
24064
24065
24091
24106
24126
24130
24156
24167
24224
24225
24233
24269
24308
24310
24334
24337
24389
24392
24406
24432
24443
24445
24463
24470
24475
24479
24483
24521
24583
24626
24648
24700
24780
24867
24882
24938
24950
24995
24999
25006
25046
25128
25134
25180
25230
25263
25264
25271
25321
25323
25337
25349
25364
25391
25444
25445
25457
25505
25581
25585
25586
25642
25685
25804
25805
25843
25864
25893
25905
25982
26032
26049
26101
26236
26249
26324
26368
26370
26379
26387
26451
26476
26528
26544
26546
26566
26572
26574
26618
26619
26625
27004
27016
27017
27024
27135
27198
27201
27202
27208
27215
27225
27239
27241
27244
27247
27249
27256
27267
27269
27272
27282
27291
27295
27304
27319
27348
27386
27405
27416
27419
27469
27476
27495
27496
27520
27529
27530
27531
27573
27575
27577
27585
27586
27588
27595
27616
27629
27630
27637
27638
27661
27662
27670
27686
27752
27791
27865
27883
27903
27905
27963
28066
28123
28193
28210
28212
28216
28217
28226
28229
28230
28245
28276
28425
28442
28444
28445
28517
28536
28578
28579
28627
28766
28923
28927
28965
28976
28984
28986
29038
29108
29175
29176
29182
29240
29388
29541
29564
29578
29645
29646
29650
29654
29691
29716
29719
29721
29726
29727
29732
29738
29762
30011
30046
30063
30081
30085
30108
30110
30122
30133
30138
30141
30154
30158
30159
30160
30165
30168
30178
30186
30190
30208
30215
30405
30407
30502
30523
30566
30720
30918
30919
30920
31013
31024
31102
31104
31157
31161
31231
31240
31298
31998
32028
32139
32199
32236
32308
32342
32547
32568
32589
32610
32647
32694
32709
33226
33232
33235
33247
33249
33261
33270
33279
33287
33297
33299
33300
33306
33326
33360
33376
33377
33384
33515
33622
33631
33766
33792
33794
33803
33838
33845
33856
33879
33898
33900
33952
33989
34011
34012
34103
34120
34122
34126
34136
34138
34179
34201
34209
34211
34217
34249
34287
34459
34554
34555
34556
34571
34572
34581
34585
34679
34723
34742
34858
34914
35000
35007
35021
35132
35134
35135
35136
35139
35152
35153
35191
35219
35233
35289
35434
35474
35475
35481
35484
35490
35526
35640
35650
35653
35655
35659
35684
35754
35805
35825
35940
36011
36027
36032
36035
36037
36041
36046
36051
36052
36066
36067
36073
36075
36079
36089
36098
36105
36110
36111
36150
36195
36228
36590
36598
36599
36621
36700
36719
36944
36945
36949
36980
37012
37013
37017
37025
37036
37048
37128
37158
37168
37173
37179
37287
37308
37633
37677
37694
37782
37804
37814
37890
37919
37921
37935
37943
37950
37952
37974
37985
38003
38008
38009
38072
38126
38143
38199
38212
38214
38215
38233
38375
38537
38578
38631
38632
38648
38661
38701
38709
38710
38735
38739
38745
38758
38777
38778
38783
38790
38835
38889
38893
38905
38967
38977
39095
39100
39102
39109
39142
39152
39156
39165
39186
39216
39218
39233
39288
39292
39332
39355
39368
39370
39376
39379
39388
39400
39416
39445
39492
39628
39631
39664
39676
39739
39776
39848
39909
39926
39996
40014
40032
40043
40047
40084
40120
40176
40179
40183
40203
40258
40323
40491
40493
40669
40750
40921
40923
41011
41068
41226
41307
41317
41392
41472
41501
41503
41508
41513
41514
41518
41544
41554
41562
41567
41569
41572
41577
41595
41599
41615
41636
41646
41661
41932
41936
41947
41962
41966
41980
41994
42012
42021
42077
42102
42116
42180
42425
42510
42635
42656
42682
42860
42869
42900
42955
42963
42964
42965
42969
42985
42986
42987
43011
43018
43025
43043
43050
43051
43053
43062
43090
43096
43231
43268
43406
43478
43479
43488
43583
43589
43595
43627
43751
43754
43760
43820
43822
43905
43941
43943
43954
44031
44052
44067
44078
44132
44139
44145
44146
44167
44184
44188
44195
44221
44224
44248
44249
44267
44313
44327
44333
44337
44342
44374
44381
44385
44395
44398
44399
44402
44404
44412
44425
44438
44439
44464
44465
44466
44476
44481
44484
44489
44498
44499
44504
44515
44523
44529
44530
44534
44536
44543
44571
44572
44585
44617
44618
44703
44704
44742
44758
44779
44802
44812
44819
44840
44847
44848
44850
44866
44869
44946
44948
44976
44977
44984
45008
45015
45021
45038
45076
45078
45080
45120
45190
45271
45289
45296
45441
45442
45479
45486
45521
45557
45565
45579
45602
45619
45681
45693
45742
45747
45748
45815
45816
45855
45922
45925
46009
46019
46020
46026
46030
46036
46056
46066
46167
46168
46215
46217
46277
46278
46280
46284
46286
46297
46364
46421
46453
46477
46484
46489
46515
46566
46647
46648
46652
46653
46654
46696
46714
46715
46727
46733
46904
47092
47149
47151
47156
47163
47166
47175
47185
47216
47217
47227
47301
47354
47356
47370
47547
47553
47621
47634
47682
47685
47711
47713
47769
47791
47921
47938
47977
47983
48055
48060
48075
48313
48328
48409
48412
48428
48499
48502
48506
48635
48744
48832
48835
48848
48896
48915
48990
49046
49057
49071
49096
49125
49131
49141
49147
49157
49196
49288
49291
49341
49423
49463
49464
49472
49696
49697
49699
49700
49708
49764
49791
49891
49919
49925
49957
50071
50165
50200
50304
50338
50382
50494
50516
50517
50526
50539
50552
50554
50558
50569
50580
50652
50667
50680
50735
50758
50842
50874
50884
50894
50909
50910
50911
50918
50927
50934
50937
50950
50985
51061
51106
51121
51125
51146
51157
51158
51218
51224
51232
51245
51326
51332
51334
51358
51388
51419
51421
51437
51441
51471
51473
51489
51494
51539
51540
51544
51547
51696
51721
51876
51942
51974
52024
52041
52048
52065
52216
52217
52222
52292
52308
52321
52354
52370
52375
52430
52488
52509
52541
52542
52566
52569
52593
52595
52638
52656
52686
52691
52698
52699
52700
52712
52725
52730
52732
52782
52804
52841
52845
52846
52847
52848
52863
52882
52927
53020
53078
53079
53102
53137
53187
53245
53254
53259
53261
53292
53297
53322
53364
53366
53385
53390
53481
53483
53537
53547
53580
53613
53650
53652
53663
53683
53685
53732
53745
53746
53750
53792
53839
53859
53917
53919
53925
53932
53936
53944
53952
53959
53977
53998
54032
54063
54112
54116
54120
54121
54124
54127
54134
54141
54159
54175
54217
54218
54223
54239
54252
54253
54273
54308
54314
54349
54354
54355
54379
54384
54435
54439
54443
54467
54474
54478
54490
54496
54509
54510
54511
54536
54556
54558
54560
54563
54571
54573
54593
54596
54598
54600
54611
54613
54618
54620
54631
54643
54699
54704
54710
54713
54740
54765
54766
54767
54768
54776
54784
54787
54790
54793
54803
54819
54820
54825
54829
54836
54849
54888
54925
54967
54986
54997
55008
55009
55017
55024
55025
55044
55046
55069
55078
55086
55096
55127
55149
55166
55186
55189
55192
55198
55222
55246
55249
55332
55339
55433
55436
55440
55643
55645
55646
55720
55749
55750
55755
55765
55768
55789
55791
55838
55865
55885
55887
55992
56002
56059
56098
56136
56137
56144
56172
56176
56181
56489
56491
56499
56504
56559
56692
56730
56731
56741
56789
56790
56806
56864
56873
56875
56876
56888
57501
57504
57505
57536
57540
57546
57597
57672
57741
57749
57788
57829
57880
57884
57888
57896
57899
57900
57914
57927
57956
57958
57968
57974
58009
58132
58180
58203
58204
58212
58538
58664
58789
58790
58794
58795
59206
59212
59334
59377
59423
59426
59432
59440
59492
59567
59663
59716
59750
59753
59759
59768
59773
59775
59781
59782
59790
59805
59808
59812
59825
59826
59829
59834
59858
59879
59884
59891
