12
260
325
374
387
438
483
600
602
797
905
919
989
1003
1147
1155
1209
1296
1304
1430
1432
1469
1499
1644
1836
1916
1960
1969
1974
2048
2055
2088
2102
2103
2111
2150
2165
2202
2252
2558
2568
2596
2667
2769
2786
2795
2819
2827
2900
2923
2988
2998
3002
3007
3074
3192
3270
3288
3316
3349
3413
3470
3501
3516
3549
3754
3796
3827
3841
3869
3883
3924
3958
3966
4062
4176
4208
4223
4228
4267
4278
4307
4427
4451
4453
4474
4490
4502
4520
4539
4610
4672
4699
4714
4797
4856
4874
4921
5032
5112
5165
5218
5359
5373
5407
5417
5449
5590
5649
5880
5890
5904
5954
5972
5990
6144
6146
6193
6301
6423
6427
6435
6438
6454
6459
6486
6506
6540
6608
6680
6710
6746
6832
6980
7006
7082
7206
7256
7342
7388
7448
7504
7518
7528
7592
7594
7606
7615
7641
7653
7663
7666
7910
7946
7968
7982
7990
8006
8014
8109
8241
8292
8341
8367
8383
8402
8410
8421
8468
8470
8494
8576
8649
8653
8664
8711
8783
8814
8816
8901
8953
9102
9148
9299
9329
9370
9410
9426
9511
9555
9567
9611
9776
9810
9838
9866
10026
10098
10137
10146
10155
10253
10263
10315
10331
10368
10380
10458
10460
10462
10586
10898
10955
10957
11194
11200
11229
11425
11449
11451
11457
11507
11647
11717
11777
11816
11988
12253
12291
12345
12349
12357
12481
12562
12651
12652
12682
12801
12830
12832
12852
12859
12868
12973
12993
13006
13060
13066
13100
13166
13172
13176
13207
13526
13568
13660
13666
13668
13764
13935
13941
13993
14069
14073
14079
14097
14129
14238
14242
14249
14257
14398
14459
14535
14538
14556
14660
14706
14759
14772
14928
14934
14958
15002
15063
15134
15162
15184
15201
15206
15210
15254
15332
15429
15592
15667
15721
15845
15910
15912
15922
15969
16146
16169
16186
16252
16277
16278
16362
16450
16527
16577
16624
16663
16667
16671
16725
16773
16797
16816
16956
17069
17070
17124
17184
17205
17218
17263
17289
17297
17299
17354
17557
17869
17932
17997
18106
18284
18535
18596
18741
18763
18854
19106
19334
19351
19375
19549
19559
19567
19581
19748
20172
20316
20333
20336
20716
20816
21111
21475
21561
21572
21634
21733
21785
21844
21924
21953
21992
22069
22272
22313
22416
22420
22585
22710
22916
23315
23333
23335
23345
23675
23802
23823
23995
24310
24433
24626
24636
24848
24851
24856
24934
24947
25446
25539
25842
26450
26601
27007
27229
27270
27288
27298
27646
27937
28212
28225
28507
28726
28982
28993
29179
29183
29585
29655
29732
30027
30170
30205
32279
32631
32710
33249
33299
33316
33788
33794
34133
34138
34280
34283
34843
35153
35191
35437
35438
35445
35529
35644
35935
36008
36024
36070
36071
36088
36110
36356
37037
37227
37537
37739
37785
37804
37927
37973
38441
38791
38870
38900
39039
39103
39220
39273
39341
39712
39839
40394
40521
40668
40921
41227
41476
41525
41554
41562
41971
41975
41997
42145
42288
42337
42465
42776
43035
43156
43800
43905
44027
44080
44164
44189
44259
44402
44410
44416
44439
44485
44503
44518
44808
44944
44954
45011
45021
45223
45271
45446
45486
45720
45736
45742
45812
45827
45903
46029
46190
46283
46350
46654
46657
46715
47112
47122
47281
47360
47554
47620
47648
47713
47830
48271
48307
48413
48832
49005
49496
49499
49701
49784
50337
50525
50531
50569
50645
50652
50677
50958
51021
51335
51388
51437
51456
52060
52063
52292
52299
52725
52789
52849
53134
53158
53226
53376
53669
53798
53823
53858
53927
54315
54434
54564
54595
54596
54597
54707
54710
54784
54807
54830
55052
55075
55430
55720
55816
56497
56730
56733
56865
57046
57499
57964
58049
58078
59326
59377
59436
59467
59738
59811
59880
