0
14
154
198
218
270
296
313
461
501
509
680
806
822
837
858
1070
1178
1206
1382
1408
1422
1544
1572
1588
1592
1617
1676
1716
1767
1855
1974
2055
2063
2132
2163
2181
2226
2233
2250
2269
2301
2373
2443
2484
2491
2624
2649
2748
2771
2777
2780
2794
2810
2907
2962
2998
3002
3090
3112
3182
3210
3232
3263
3296
3316
3320
3371
3397
3425
3446
3481
3552
3559
3572
3725
3777
3799
3910
3920
4043
4081
4118
4170
4177
4255
4333
4347
4374
4414
4419
4428
4468
4484
4519
4565
4582
4587
4632
4670
4810
4842
4979
5031
5083
5107
5144
5174
5186
5270
5463
5541
5598
5675
5762
5787
5840
6018
6056
6126
6197
6220
6259
6409
6423
6428
6438
6490
6536
6573
6609
6627
6824
6850
6872
6924
6962
6974
7132
7140
7252
7364
7400
7522
7542
7569
7570
7649
7730
7734
7745
7766
7946
7992
8081
8142
8171
8333
8346
8365
8442
8467
8552
8564
8590
8595
8703
8726
8867
8888
8928
8995
9022
9069
9113
9142
9152
9341
9363
9386
9407
9428
9653
9678
9736
9752
9755
9764
9767
9787
9810
9836
10040
10084
10112
10139
10170
10196
10227
10263
10345
10349
10376
10382
10386
10442
10550
10625
10656
10712
10774
11041
11177
11313
11497
11513
11555
11572
11581
11637
11684
11739
11763
11816
12038
12186
12333
12418
12436
12521
12527
12631
12633
12654
12665
12690
12716
12727
12758
12861
12894
12962
12968
13010
13034
13056
13092
13207
13548
13554
13592
13652
13700
13740
13780
13802
13911
13915
13920
13937
13979
13985
14055
14109
14119
14144
14162
14168
14273
14352
14379
14388
14416
14596
14633
14700
14780
14940
15051
15083
15089
15114
15157
15186
15187
15262
15325
15342
15395
15423
15433
15449
15463
15608
15643
15764
15880
15949
15985
15991
16029
16152
16250
16277
16384
16432
16570
16582
16599
16610
16622
16630
16704
16750
16825
16886
16930
16962
17089
17212
17214
17216
17222
17299
17350
17411
17413
17450
17465
17508
17531
17998
18095
18169
18763
19036
19093
19106
19114
19337
19510
19549
19623
19625
20217
20254
20260
20398
20691
21094
21288
21310
21432
21543
21591
21601
21637
21672
21776
21855
21882
21937
22482
22541
22702
22854
22898
23264
23482
23497
23543
23813
23823
24331
24483
24490
24504
24517
24526
24856
25322
25340
25432
25476
25967
26249
26532
27201
27237
27271
27303
27319
27344
27575
27584
27591
28221
29009
29586
29727
30008
30059
30971
31059
31080
31209
31240
32342
32646
33236
33249
33573
33771
33813
33897
34093
34188
34320
34400
34488
34599
34701
34813
34836
35485
35806
35945
36019
36031
36065
36100
36701
36979
37222
37225
37248
37482
37750
38233
38235
38307
38332
38641
38764
38809
38820
38836
39099
39165
39205
39267
39321
39337
39415
39577
39806
40129
40183
40708
41501
41544
41556
41563
41587
41953
41988
42006
42024
42114
42953
43044
43099
43102
43156
43316
43418
43503
43718
43997
44052
44055
44194
44202
44415
44703
44798
44847
44851
44868
45020
45175
45517
45681
45739
45815
45864
45933
46046
46215
46248
46532
46632
46645
46918
46986
47089
47146
47217
47464
47544
47715
47844
47863
48041
48475
48510
48847
49199
49282
49314
49699
49943
49956
50333
50381
50497
50550
50556
50561
50721
51025
51084
51229
51273
51332
51339
51939
52027
52237
52291
52375
52413
52563
52598
52696
52815
52916
52925
53152
53254
53299
53459
53479
53487
53778
53799
53859
53860
53876
53920
53963
54003
54004
54057
54119
54129
54314
54489
54520
54595
54629
54638
54643
54766
54840
54904
54905
54997
55033
55136
55196
55405
55640
55671
55756
56100
56144
56869
56873
57046
57550
57552
57703
57841
57938
58070
58203
59205
59211
59800
59894
