73
307
386
624
636
662
682
738
927
1013
1166
1234
1398
1440
1684
1732
1771
1794
1822
1863
1897
1923
1952
2005
2023
2047
2216
2305
2335
2365
2469
2513
2525
2578
2649
2800
2812
2819
2950
3000
3153
3155
3167
3224
3299
3336
3448
3538
3570
3600
3662
3726
3797
3817
3944
3972
4155
4205
4232
4334
4365
4393
4513
4550
4654
4723
4738
4740
4894
4941
5104
5112
5146
5214
5304
5327
5369
5433
5452
5457
5503
5521
5548
5642
5725
5754
5776
5848
5892
5894
6011
6044
6050
6201
6239
6261
6346
6393
6400
6422
6425
6442
6459
6472
6510
6523
6563
6599
6728
6742
6746
6860
7160
7212
7218
7244
7328
7410
7412
7508
7544
7573
7625
7656
7707
7730
7810
7878
7896
7924
7942
7958
7992
8169
8196
8244
8285
8299
8303
8355
8365
8449
8523
8585
8684
8763
8787
8793
8807
8833
8842
8853
8972
8984
8987
9030
9074
9270
9325
9341
9528
9546
9559
9671
9722
9750
9777
9929
9958
10022
10131
10144
10148
10245
10281
10357
10388
10490
10514
10517
10602
10621
10631
10641
10664
10720
10741
10771
10811
10821
10828
10941
11054
11079
11108
11179
11189
11202
11313
11337
11353
11397
11515
11669
11715
11733
11751
11924
11932
11950
11970
11988
12024
12137
12166
12222
12477
12560
12578
12654
12691
12744
12970
13120
13170
13172
13221
13225
13231
13321
13345
13401
13454
13460
13498
13638
13852
13924
13947
14046
14053
14065
14190
14212
14218
14299
14309
14339
14383
14398
14408
14469
14513
14684
14753
14902
14992
15053
15071
15085
15089
15165
15169
15179
15250
15329
15331
15355
15418
15475
15523
15647
15734
15819
15904
15914
15977
16009
16078
16312
16334
16392
16415
16494
16511
16553
16630
16704
16795
16877
17033
17102
17161
17190
17194
17196
17227
17267
17318
17419
17536
17624
18052
18318
18335
18991
19143
19280
19305
19480
19488
19522
19554
19585
19608
19622
19646
19686
20263
20320
20345
20645
20672
21156
21293
21617
21725
21770
21820
21940
22095
22323
22607
23260
23303
23339
23340
23342
23366
23452
23541
24171
24857
25760
25828
25842
26032
26354
26573
27200
27242
27244
27249
27292
27368
27618
27901
27948
28214
28488
28517
28738
28740
28814
29118
29213
29240
29423
29585
29586
29651
29773
30079
30116
30131
30152
30186
30256
30920
31256
31364
32187
33260
33276
33291
33381
33649
33770
33799
33856
33965
34121
34180
34189
34202
34316
34404
34549
34724
34830
34979
35167
35637
35642
36019
36033
36043
36069
36127
36513
36779
36818
36949
36970
37039
37040
37085
37092
37168
37299
37427
37638
37773
37917
37918
37923
37941
37943
38710
38806
38890
38945
39080
39444
39574
39676
39721
39746
39900
40133
40574
40707
41009
41221
41472
41539
41566
41642
41659
41885
42161
42259
42510
42792
42872
42979
43050
43085
43576
43589
43748
43994
44144
44252
44335
44427
44442
44840
44949
45000
45095
45120
45175
45177
45443
45620
45735
45902
45908
46172
46265
46297
46349
46392
46644
46717
46718
46894
47052
47155
47209
47356
47372
47428
47518
47620
47733
47852
48057
48190
48411
48412
48429
48499
48503
48511
48710
48711
49043
49070
49092
49496
49687
49907
49971
50003
50092
50165
50262
50761
51046
51126
51154
51330
51439
51621
51707
51885
51913
52289
52335
52402
52746
52782
52826
53085
53322
53481
53482
53529
53535
53556
53610
53613
53855
53862
53930
53970
54135
54239
54307
54314
54385
54436
54440
54511
54525
54529
54570
54613
54622
54650
54713
54722
54732
54756
54766
54768
54820
54921
54931
54960
54961
55018
55181
55351
55444
55838
55869
55935
56130
56135
56147
56184
56185
56800
57029
57991
58795
59033
59196
59385
59426
59437
59493
59716
59746
59811
59813
59880
59898
