2
10
14
21
31
33
47
49
73
91
95
98
115
122
129
175
200
207
223
225
233
235
239
245
247
270
308
368
373
377
384
387
450
481
505
517
521
523
529
543
557
592
636
652
656
666
724
726
730
738
758
762
765
769
776
781
783
797
806
810
832
835
839
844
862
885
908
927
949
961
970
989
1013
1061
1063
1066
1092
1114
1124
1137
1143
1155
1161
1174
1176
1178
1183
1198
1207
1214
1221
1227
1244
1252
1262
1280
1291
1292
1302
1313
1325
1349
1365
1370
1378
1394
1414
1418
1467
1471
1473
1478
1497
1501
1505
1513
1519
1532
1538
1540
1543
1558
1562
1580
1612
1617
1629
1644
1654
1716
1718
1738
1749
1757
1765
1771
1790
1792
1794
1808
1811
1817
1827
1830
1838
1846
1857
1867
1869
1879
1897
1913
1917
1936
1944
1946
1958
1964
1971
1972
1973
1974
1999
2007
2016
2020
2030
2048
2058
2085
2115
2129
2130
2144
2146
2147
2150
2169
2189
2202
2203
2206
2225
2244
2252
2256
2260
2271
2273
2275
2282
2283
2285
2319
2325
2341
2363
2367
2371
2405
2407
2425
2437
2449
2457
2459
2461
2533
2550
2566
2578
2582
2588
2589
2597
2598
2617
2645
2655
2658
2685
2734
2736
2739
2740
2742
2778
2792
2795
2796
2804
2808
2835
2850
2853
2854
2883
2889
2901
2936
2940
2945
2958
2963
3013
3021
3026
3038
3066
3067
3084
3098
3132
3175
3178
3190
3195
3199
3204
3206
3212
3228
3230
3232
3249
3254
3273
3288
3336
3342
3347
3351
3353
3365
3371
3395
3431
3437
3446
3450
3471
3475
3479
3486
3498
3500
3503
3520
3527
3530
3534
3536
3542
3547
3556
3558
3579
3612
3630
3632
3635
3637
3646
3647
3651
3662
3678
3696
3709
3729
3737
3743
3748
3752
3764
3785
3796
3800
3823
3830
3843
3845
3855
3859
3878
3880
3920
3938
3962
3976
3980
3994
3996
4000
4002
4046
4050
4055
4059
4062
4069
4089
4091
4101
4131
4136
4144
4154
4157
4158
4165
4169
4177
4195
4204
4207
4218
4230
4240
4243
4249
4253
4254
4257
4260
4261
4267
4269
4283
4285
4298
4307
4312
4322
4323
4330
4332
4336
4348
4351
4361
4376
4378
4389
4420
4437
4441
4446
4449
4463
4467
4468
4472
4482
4483
4485
4491
4494
4495
4502
4504
4520
4523
4531
4541
4544
4556
4585
4597
4626
4638
4644
4657
4665
4697
4706
4718
4727
4746
4753
4776
4792
4810
4812
4830
4850
4852
4879
4890
4892
4898
4899
4906
4936
4949
4951
4954
4963
4976
5005
5021
5027
5050
5056
5058
5070
5086
5092
5095
5097
5104
5109
5126
5131
5144
5159
5164
5186
5190
5192
5212
5218
5254
5262
5270
5272
5280
5288
5302
5309
5325
5327
5331
5333
5339
5351
5375
5401
5411
5421
5423
5426
5427
5445
5481
5483
5507
5517
5521
5529
5545
5557
5584
5588
5590
5596
5598
5619
5633
5638
5640
5642
5644
5674
5685
5694
5699
5700
5715
5737
5739
5750
5756
5760
5771
5780
5784
5793
5796
5806
5808
5823
5839
5870
5882
5888
5890
5892
5956
5963
5988
5990
5992
5996
5999
6001
6009
6024
6047
6050
6058
6069
6089
6097
6107
6132
6174
6189
6199
6206
6220
6244
6257
6265
6280
6291
6312
6318
6333
6354
6355
6378
6381
6387
6391
6399
6409
6412
6421
6423
6426
6428
6433
6434
6439
6446
6447
6456
6459
6466
6470
6475
6506
6508
6511
6517
6519
6542
6559
6566
6585
6589
6592
6597
6604
6625
6642
6644
6684
6714
6722
6750
6754
6764
6766
6812
6816
6850
6860
6870
6872
6874
6882
6886
6908
6924
6938
6946
6952
6966
6976
6978
7002
7016
7030
7034
7048
7054
7064
7066
7068
7070
7074
7104
7126
7130
7140
7146
7148
7152
7172
7178
7180
7196
7204
7222
7242
7248
7264
7282
7302
7304
7314
7330
7336
7360
7364
7366
7384
7400
7414
7422
7440
7468
7504
7512
7518
7542
7557
7582
7606
7615
7619
7621
7638
7654
7655
7658
7663
7668
7677
7681
7682
7691
7696
7697
7720
7722
7726
7736
7742
7755
7765
7767
7782
7796
7812
7820
7862
7874
7880
7884
7898
7904
7908
7912
7932
7952
7964
7980
8000
8008
8026
8048
8052
8062
8066
8084
8086
8099
8102
8108
8111
8115
8121
8126
8136
8147
8153
8156
8162
8165
8166
8170
8172
8187
8195
8198
8214
8224
8228
8232
8259
8270
8274
8276
8287
8291
8296
8300
8306
8319
8322
8341
8350
8355
8359
8381
8383
8385
8404
8408
8418
8421
8430
8449
8470
8473
8478
8480
8483
8488
8507
8517
8532
8554
8556
8568
8574
8578
8590
8592
8599
8604
8605
8608
8609
8615
8622
8623
8633
8645
8657
8661
8664
8681
8691
8695
8709
8736
8769
8777
8800
8818
8824
8837
8865
8875
8885
8917
8921
8942
8960
8965
8993
9001
9010
9018
9032
9036
9048
9063
9069
9070
9080
9087
9091
9100
9102
9123
9124
9133
9138
9142
9148
9152
9153
9168
9169
9178
9186
9188
9191
9210
9237
9257
9263
9265
9267
9271
9272
9276
9293
9301
9307
9311
9319
9335
9344
9374
9380
9382
9406
9408
9410
9418
9422
9432
9434
9444
9446
9448
9450
9458
9479
9503
9505
9511
9520
9522
9531
9544
9556
9557
9567
9571
9580
9582
9586
9592
9595
9599
9611
9631
9678
9680
9686
9704
9712
9722
9748
9761
9771
9773
9788
9811
9814
9816
9826
9836
9840
9844
9848
9856
9889
9893
9903
9911
9916
9925
9929
9934
9938
9940
9954
9966
9974
9984
10000
10002
10012
10016
10032
10060
10072
10074
10078
10102
10120
10127
10132
10144
10145
10150
10157
10177
10225
10249
10269
10275
10287
10293
10303
10311
10323
10333
10350
10360
10364
10372
10378
10380
10436
10437
10449
10453
10458
10489
10496
10498
10500
10510
10514
10566
10574
10579
10583
10587
10589
10590
10600
10623
10631
10634
10636
10638
10639
10641
10645
10668
10672
10683
10687
10690
10698
10708
10710
10726
10748
10752
10756
10778
10809
10817
10818
10821
10830
10849
10857
10876
10879
10883
10909
10927
10941
10943
10950
10964
10982
11002
11004
11011
11015
11017
11019
11023
11039
11041
11043
11056
11058
11064
11096
11098
11100
11114
11117
11122
11123
11125
11135
11141
11145
11154
11161
11162
11167
11176
11188
11194
11198
11204
11209
11212
11217
11229
11233
11248
11257
11271
11273
11275
11292
11298
11319
11333
11339
11347
11369
11389
11417
11427
11435
11447
11461
11465
11471
11487
11495
11497
11515
11529
11543
11549
11562
11568
11578
11579
11587
11591
11629
11647
11662
11672
11673
11683
11698
11702
11703
11717
11733
11735
11741
11751
11757
11759
11805
11836
11860
11892
11924
11936
11954
11960
11988
11996
11998
12008
12022
12068
12086
12096
12128
12141
12145
12188
12198
12220
12246
12253
12269
12299
12307
12323
12325
12337
12357
12413
12422
12424
12436
12453
12455
12499
12531
12537
12578
12584
12590
12596
12602
12605
12610
12619
12628
12632
12635
12642
12643
12644
12654
12675
12682
12684
12686
12693
12714
12723
12734
12735
12744
12754
12756
12779
12787
12800
12822
12828
12837
12840
12852
12856
12870
12890
12928
12930
12942
12952
12954
12958
12966
12973
12980
12984
12989
12991
13002
13018
13024
13030
13032
13046
13062
13080
13082
13088
13096
13102
13150
13154
13158
13172
13207
13209
13257
13261
13263
13267
13289
13293
13305
13313
13321
13327
13333
13347
13349
13365
13367
13375
13379
13382
13391
13405
13409
13446
13460
13476
13480
13486
13504
13510
13512
13530
13586
13618
13620
13632
13672
13674
13676
13692
13696
13710
13726
13740
13756
13760
13766
13782
13786
13800
13820
13828
13834
13850
13878
13897
13922
13951
13971
13975
13993
13995
14009
14022
14031
14036
14047
14097
14101
14127
14128
14131
14174
14182
14186
14214
14220
14230
14238
14240
14251
14253
14271
14291
14311
14360
14364
14368
14377
14379
14383
14391
14395
14396
14406
14408
14416
14417
14423
14432
14456
14459
14465
14474
14495
14517
14533
14535
14537
14544
14548
14560
14566
14608
14609
14611
14612
14620
14648
14658
14678
14682
14684
14702
14703
14704
14711
14731
14733
14753
14770
14772
14790
14810
14828
14832
14854
14865
14892
14900
14906
14910
14912
14999
15010
15019
15038
15048
15071
15077
15083
15095
15126
15137
15145
15157
15186
15189
15192
15196
15198
15210
15216
15235
15243
15265
15273
15275
15295
15310
15319
15329
15347
15355
15375
15403
15424
15429
15435
15447
15464
15468
15475
15486
15521
15523
15533
15535
15540
15542
15563
15567
15576
15582
15595
15608
15610
15639
15667
15673
15705
15718
15738
15745
15786
15795
15801
15809
15819
15820
15835
15837
15868
15878
15890
15893
15910
15918
15928
15939
15991
16005
16015
16021
16025
16027
16047
16103
16117
16120
16130
16142
16152
16160
16169
16176
16192
16211
16219
16233
16237
16248
16250
16254
16276
16287
16306
16312
16324
16338
16344
16352
16376
16379
16388
16394
16400
16402
16413
16417
16420
16422
16430
16436
16442
16444
16472
16478
16480
16489
16494
16501
16502
16504
16514
16515
16525
16529
16533
16543
16550
16553
16554
16561
16562
16571
16579
16582
16592
16606
16611
16614
16618
16626
16630
16641
16644
16646
16648
16652
16658
16663
16683
16689
16691
16700
16704
16725
16733
16738
16763
16764
16773
16785
16789
16791
16794
16797
16806
16816
16827
16833
16839
16856
16866
16879
16908
16918
16926
16964
16966
16994
16998
17027
17029
17039
17049
17055
17067
17070
17073
17075
17078
17093
17095
17100
17122
17136
17147
17149
17151
17159
17171
17192
17198
17200
17205
17207
17214
17224
17225
17251
17253
17275
17283
17304
17308
17313
17316
17320
17322
17328
17388
17393
17398
17402
17417
17425
17427
17470
17497
17512
17528
17543
17547
17550
17551
17561
17563
17572
17590
17647
17680
17751
17766
17792
17854
17887
17893
17945
17983
17992
18019
18027
18051
18054
18057
18060
18136
18146
18176
18199
18255
18256
18281
18283
18296
18304
18309
18310
18333
18335
18407
18414
18418
18504
18506
18548
18558
18631
18634
18640
18643
18697
18723
18725
18763
18802
18832
18865
18904
18905
18917
18984
18991
19028
19035
19094
19133
19143
19218
19237
19246
19255
19306
19335
19349
19361
19373
19374
19440
19447
19472
19489
19515
19529
19530
19535
19537
19548
19549
19561
19564
19583
19591
19592
19633
19635
19649
19685
19783
19812
19846
19911
19913
19961
19991
20189
20193
20211
20226
20254
20256
20313
20314
20318
20340
20377
20387
20418
20423
20438
20461
20472
20482
20502
20503
20593
20628
20649
20657
20661
20672
20673
20691
20752
20818
20853
20972
21007
21012
21094
21127
21136
21163
21244
21334
21339
21363
21370
21383
21475
21507
21542
21543
21554
21568
21601
21612
21616
21631
21639
21682
21703
21720
21741
21745
21755
21759
21761
21762
21763
21766
21768
21770
21774
21789
21791
21844
21858
21882
21902
21913
21950
21957
21958
21993
22006
22020
22028
22040
22075
22092
22124
22128
22224
22253
22261
22272
22309
22342
22363
22365
22412
22433
22434
22444
22445
22459
22469
22513
22535
22579
22582
22585
22676
22720
22753
22779
22785
22854
22857
22905
22924
22970
22979
22987
22999
23307
23317
23322
23328
23336
23337
23339
23343
23344
23345
23347
23364
23365
23371
23419
23459
23482
23630
23708
23813
23853
23856
23890
23900
23952
23980
23982
23987
23989
23992
23996
24030
24091
24105
24106
24131
24186
24232
24303
24309
24331
24374
24431
24432
24437
24440
24486
24489
24495
24498
24529
24607
24646
24688
24693
24700
24707
24778
24788
24811
24812
24837
24922
24936
24943
24950
24994
25111
25146
25180
25181
25232
25265
25321
25360
25363
25430
25447
25459
25466
25482
25579
25642
25682
25781
25803
25844
25905
25946
26328
26370
26387
26390
26432
26475
26488
26518
26570
26575
26600
26618
26672
26673
26733
26877
26964
26979
27004
27008
27018
27028
27054
27198
27223
27234
27238
27249
27267
27273
27280
27291
27293
27304
27347
27363
27368
27386
27387
27467
27497
27508
27521
27529
27567
27587
27590
27597
27611
27617
27621
27628
27629
27639
27641
27668
27681
27706
27720
27792
27880
27881
27883
27908
27964
28102
28124
28142
28144
28157
28210
28211
28264
28279
28407
28408
28426
28446
28481
28506
28512
28526
28761
28809
28837
28883
28963
28970
28973
28994
29004
29106
29109
29110
29111
29156
29168
29176
29179
29203
29204
29238
29268
29269
29339
29579
29582
29586
29614
29651
29654
29697
29704
29717
29727
29739
29750
29753
29776
29785
29844
29992
30009
30011
30013
30023
30029
30053
30054
30064
30065
30069
30078
30079
30088
30093
30095
30120
30123
30126
30135
30137
30160
30165
30167
30176
30187
30189
30204
30208
30267
30268
30344
30409
30434
30523
30794
31052
31053
31132
31167
31168
31352
31998
32028
32158
32199
32307
32461
32462
32494
32547
32589
32628
32643
32644
32646
33238
33241
33247
33256
33261
33272
33276
33279
33282
33283
33287
33288
33320
33378
33515
33562
33639
33690
33769
33779
33799
33824
33838
33845
33856
33893
33897
33901
33965
34003
34008
34025
34038
34067
34078
34090
34103
34117
34126
34191
34212
34215
34285
34313
34315
34317
34390
34397
34445
34488
34564
34578
34686
34817
34818
34836
34839
34843
34844
34859
34922
34968
34982
35135
35137
35152
35158
35339
35394
35451
35499
35504
35585
35602
35619
35642
35656
35755
35764
35805
35939
35985
36012
36016
36036
36039
36043
36052
36053
36057
36072
36080
36081
36083
36089
36094
36099
36101
36106
36141
36144
36263
36355
36482
36607
36719
36945
36951
36982
37012
37024
37040
37048
37051
37052
37059
37132
37133
37136
37143
37155
37160
37172
37173
37182
37288
37382
37453
37475
37477
37500
37640
37644
37654
37738
37739
37753
37766
37777
37778
37815
37834
37891
37942
37950
37989
38008
38044
38046
38077
38145
38146
38201
38212
38214
38218
38229
38233
38250
38254
38256
38260
38267
38289
38307
38351
38375
38409
38441
38537
38691
38710
38725
38726
38731
38745
38777
38779
38789
38804
38811
38817
38819
38827
38889
38894
38986
39069
39082
39095
39097
39099
39103
39115
39132
39156
39165
39186
39202
39225
39243
39254
39262
39264
39290
39292
39302
39304
39313
39321
39324
39328
39379
39400
39415
39429
39547
39568
39595
39628
39658
39673
39700
39721
39727
39739
39757
39797
39813
39870
39936
39946
39955
39973
40043
40063
40129
40132
40182
40184
40198
40203
40204
40522
40585
40586
40668
40704
40773
40923
41014
41015
41170
41203
41204
41207
41227
41235
41241
41252
41254
41316
41487
41513
41514
41541
41555
41559
41565
41592
41598
41604
41631
41634
41644
41659
41661
41728
41729
41886
41912
41933
41962
41975
41981
42030
42042
42051
42113
42115
42121
42180
42187
42188
42227
42259
42464
42490
42510
42576
42583
42600
42603
42646
42696
42766
42777
42848
42914
42955
42957
42965
42972
42979
43019
43053
43062
43090
43100
43110
43119
43155
43161
43232
43264
43266
43316
43391
43490
43595
43620
43627
43633
43634
43663
43718
43756
43819
43838
43873
43876
43914
43923
43941
43975
43992
43993
43997
44002
44015
44027
44028
44034
44035
44045
44053
44056
44079
44093
44109
44113
44133
44139
44145
44177
44191
44207
44217
44219
44224
44249
44251
44267
44326
44334
44371
44377
44379
44402
44404
44432
44436
44440
44445
44454
44458
44478
44479
44490
44502
44504
44521
44522
44535
44569
44597
44621
44785
44787
44800
44803
44808
44819
44843
44845
44848
44950
44955
44957
44962
44966
44968
45000
45123
45222
45236
45250
45275
45295
45434
45478
45483
45495
45510
45542
45543
45552
45557
45563
45608
45649
45730
45735
45736
45755
45784
45792
45811
45816
45826
45878
45900
45908
45926
45929
45932
45934
45938
45965
46000
46029
46046
46049
46050
46190
46215
46217
46232
46248
46249
46277
46281
46313
46353
46354
46406
46445
46473
46484
46515
46526
46532
46544
46545
46566
46600
46633
46648
46650
46696
46718
46720
46723
46724
46725
46853
46854
46857
46874
46894
46922
47052
47056
47092
47116
47135
47150
47151
47247
47258
47281
47301
47319
47348
47469
47493
47497
47552
47580
47591
47615
47634
47647
47682
47712
47787
47863
47922
47945
47947
48032
48041
48056
48057
48058
48136
48307
48314
48315
48393
48410
48469
48505
48506
48669
48707
48709
48714
48743
48773
48805
48812
48846
48850
48970
48976
48980
49005
49070
49071
49131
49132
49154
49199
49248
49273
49289
49465
49497
49676
49689
49700
49704
49708
49718
49813
49881
49891
49897
49902
49930
49944
49947
49948
49949
49962
49969
50165
50198
50201
50371
50373
50401
50409
50410
50478
50479
50516
50542
50546
50547
50552
50556
50654
50655
50663
50690
50735
50743
50757
50890
50909
50934
51013
51014
51046
51084
51142
51145
51154
51218
51227
51236
51261
51277
51287
51319
51332
51334
51403
51434
51470
51484
51535
51542
51603
51691
51696
51707
51721
51722
51984
52009
52014
52038
52049
52054
52104
52107
52180
52215
52216
52217
52232
52234
52243
52263
52290
52317
52319
52321
52335
52370
52397
52398
52399
52410
52444
52449
52487
52507
52544
52559
52560
52574
52592
52595
52614
52641
52710
52729
52797
52815
52816
52820
52829
52843
52886
53019
53023
53085
53086
53102
53119
53135
53159
53182
53187
53213
53227
53243
53265
53276
53286
53297
53335
53358
53365
53376
53403
53457
53486
53504
53526
53579
53608
53613
53658
53666
53668
53681
53733
53739
53745
53750
53792
53835
53843
53844
53917
53920
53924
53947
53949
53955
53963
53974
53985
54005
54015
54038
54050
54111
54119
54125
54127
54129
54130
54135
54140
54141
54175
54176
54225
54229
54230
54282
54295
54370
54378
54389
54392
54414
54421
54435
54444
54457
54460
54464
54488
54501
54510
54530
54541
54551
54570
54573
54577
54578
54594
54599
54601
54609
54610
54617
54618
54709
54721
54737
54741
54761
54775
54779
54780
54783
54784
54788
54789
54803
54836
54845
54858
54921
54966
54967
54980
54996
55008
55020
55022
55056
55069
55116
55128
55183
55186
55187
55212
55216
55218
55222
55231
55246
55265
55301
55309
55312
55328
55405
55411
55445
55644
55670
55671
55765
55767
55790
55797
55865
55888
55890
55996
55997
56001
56005
56060
56098
56131
56146
56169
56185
56238
56543
56559
56560
56612
56631
56734
56876
56888
57011
57498
57500
57537
57538
57600
57674
57704
57705
57706
57708
57710
57739
57740
57744
57747
57750
57789
57828
57829
57876
57882
57883
57895
57896
57904
57916
57927
57944
57958
57966
57968
57971
57972
57997
58056
58175
58201
58453
58783
58786
58793
58811
59033
59053
59218
59328
59424
59427
59428
59431
59437
59439
59487
59567
59663
59704
59742
59750
59753
59791
59793
59807
59810
59812
59819
59820
59835
59874
59889
59895
59896
