97
213
221
243
256
274
280
368
426
444
477
487
616
660
801
853
968
987
989
1059
1077
1153
1217
1302
1367
1503
1586
1712
1749
1753
1774
1792
1802
1826
1832
2078
2109
2113
2120
2203
2206
2271
2298
2641
2782
2857
2965
2984
2994
3070
3099
3111
3145
3169
3175
3197
3218
3307
3334
3343
3415
3457
3538
3649
3674
3737
3777
3785
3797
3823
3910
3948
4009
4106
4138
4176
4226
4298
4363
4403
4485
4506
4510
4521
4625
4727
4736
4754
4943
4945
4951
4970
4980
5010
5030
5084
5168
5172
5485
5668
5870
5886
6015
6054
6087
6218
6286
6341
6409
6482
6608
6635
6678
6708
6768
6790
6820
6888
6978
7040
7088
7090
7098
7110
7198
7218
7388
7398
7414
7454
7557
7566
7585
7589
7684
7700
7816
7902
7968
7972
8016
8036
8068
8149
8195
8324
8398
8414
8464
8479
8521
8525
8534
8538
8570
8582
8595
8683
8696
8751
8893
8921
8982
9016
9077
9150
9206
9263
9321
9353
9387
9397
9483
9602
9632
9684
9730
9752
9757
9838
9844
10054
10072
10225
10253
10350
10402
10460
10530
10544
10589
10744
10786
10807
10924
11068
11102
11127
11180
11182
11244
11333
11576
11599
11616
11653
11656
11679
11710
11996
12016
12022
12078
12180
12228
12242
12296
12453
12548
12652
12665
12671
12672
12690
12722
12730
12833
12838
13148
13186
13472
13478
13520
13684
13744
13822
13830
13888
13955
13975
14081
14184
14401
14425
14448
14654
14672
14678
14920
14955
15013
15030
15046
15095
15109
15206
15345
15368
15383
15421
15441
15525
15570
15586
15588
15703
15721
15732
15824
15847
15889
16041
16150
16186
16227
16255
16276
16328
16340
16366
16379
16390
16514
16545
16569
16658
16692
16722
16755
16761
16773
16810
16883
16890
16904
17080
17165
17184
17188
17249
17290
17473
17524
17564
17634
17660
17662
17887
18034
18049
18103
18335
18418
18493
18506
18563
18583
19020
19488
19515
19560
19582
19585
19627
19641
19789
20208
20423
20449
20625
20716
21113
21137
21405
21489
21528
22184
22197
22414
22625
23335
23451
23454
23980
24034
24065
24129
24155
24336
24525
24527
24868
24913
24993
25047
25265
25322
25363
25464
25586
25606
26275
26518
27200
27288
27306
27335
27383
27581
27621
27689
27887
28245
28346
28423
28515
28525
28795
28948
28969
29001
29388
29564
29692
29731
29990
30087
30096
30110
30131
30144
30149
30175
30177
30212
30217
30422
30645
30932
30971
31059
31132
31162
32410
33231
33239
33240
33246
33300
33362
33557
33638
33714
33810
33948
34578
34588
34815
35488
35766
36019
36056
36084
36109
36116
36701
36886
37045
37168
37223
37266
37890
37985
37998
38003
38256
38307
38631
38760
38772
38782
38791
38808
38912
39037
39075
39104
39216
39273
39298
39429
39583
39767
39776
39842
39860
40924
41254
41501
41635
41643
42036
42116
42149
42162
42656
42719
42766
42960
42963
42978
43011
43034
43050
43406
43975
44006
44015
44028
44031
44053
44098
44254
44313
44336
44379
44438
44485
44703
44758
44787
44826
45014
45119
45214
45558
45579
45736
45795
45979
46285
46539
46601
46655
46803
47212
47510
47674
47863
48056
48070
48081
48168
48628
48791
49123
49147
49199
49676
49833
50504
50556
50678
50884
50969
50999
51322
51476
51484
51490
51692
51694
51812
51885
52360
52473
52574
52638
52641
52764
52814
52815
52843
53086
53254
53334
53377
53531
53682
53715
53778
53856
53857
53860
53952
54130
54252
54321
54322
54468
54482
54548
54562
54622
54638
54703
54771
54821
55073
55079
55160
55428
55439
56150
56491
56540
56543
56733
56868
56876
57502
57616
57750
57829
57863
57881
57906
57962
57976
58194
58197
59198
59206
59259
59385
59504
59714
59781
59803
59807
59877
