0
2
4
47
61
79
80
83
87
121
156
163
170
195
197
200
227
258
273
296
304<
331
346
359
380
384
387
389
393
396
402
426
454
459
461
521
533
559
566
578
580
584
588
592
594
604
616
620
628
640
642
656
658
783
790
797
818
835
840
844
851
863
865
878
879
897
917
921
929
949
951
967
970
972
978
1003
1009
1021
1037
1088
1096
1114
1122
1132
1135
1159
1162
1204
1213
1236
1239
1270
1272
1291
1292
1296
1321
1335
1343
1367
1372
1392
1406
1412
1422
1430
1442
1454
1456
1457
1461
1466
1467
1481
1489
1495
1503
1529
1548
1552
1554
1592
1600
1610
1626
1634
1638
1654
1660
1666
1670
1684
1707
1711
1722
1736
1751
1761
1774
1784
1800
1815
1834
1851
1859
1877
1907
1913
1916
1917
1930
1952
1962
1969
1974
1991
1997
2006
2026
2030
2032
2034
2043
2052
2057
2058
2065
2085
2088
2104
2115
2124
2136
2178
2179
2223
2241
2258
2271
2273
2282
2299
2300
2302
2308
2310
2311
2315
2327
2333
2341
2351
2385
2395
2397
2439
2441
2453
2465
2507
2517
2522
2554
2560
2562
2566
2584
2589
2590
2602
2639
2656
2666
2672
2675
2677
2687
2690
2697
2699
2705
2720
2724
2730
2739
2744
2748
2751
2753
2759
2784
2790
2819
2843
2845
2853
2877
2898
2917
2927
2931
2971
2985
2990
2992
3000
3004
3009
3013
3019
3023
3029
3064
3078
3080
3082
3086
3094
3119
3126
3146
3153
3155
3178
3202
3232
3245
3252
3263
3270
3278
3283
3288
3296
3307
3315
3319
3322
3332
3338
3385
3395
3432
3444
3467
3471
3475
3481
3486
3488
3494
3518
3524
3527
3529
3540
3550
3581
3610
3618
3632
3640
3641
3647
3654
3658
3670
3684
3687
3692
3701
3704
3718
3737
3740
3743
3752
3762
3768
3774
3776
3783
3787
3795
3797
3805
3809
3817
3821
3823
3832
3850
3851
3861
3863
3865
3867
3890
3900
3920
3944
3946
3949
3971
3972
3985
3988
4025
4026
4050
4059
4079
4089
4095
4108
4114
4120
4129
4135
4150
4169
4185
4195
4201
4202
4205
4214
4216
4219
4230
4241
4246
4247
4254
4259
4264
4266
4268
4269
4272
4277
4286
4288
4292
4293
4316
4332
4333
4336
4344
4346
4349
4353
4369
4404
4411
4431
4435
4447
4459
4472
4480
4481
4486
4530
4534
4537
4591
4616
4618
4630
4636
4638
4648
4684
4690
4692
4718
4736
4740
4748
4750
4758
4774
4782
4786
4792
4796
4810
4824
4826
4840
4842
4844
4852
4874
4879
4890
4902
4906
4911
4917
4932
4934
4941
4951
4954
4963
4969
4978
4980
5048
5102
5104
5123
5128
5134
5142
5148
5150
5164
5165
5169
5176
5186
5188
5194
5208
5210
5216
5234
5248
5262
5268
5272
5280
5306
5307
5313
5321
5325
5329
5349
5373
5377
5391
5409
5432
5448
5452
5459
5463
5465
5483
5489
5493
5499
5507
5543
5544
5548
5558
5559
5574
5576
5586
5590
5594
5596
5623
5633
5646
5661
5665
5671
5679
5690
5711
5715
5721
5723
5729
5732
5756
5759
5762
5775
5782
5808
5816
5826
5834
5835
5840
5843
5845
5867
5876
5910
5918
5920
5936
5946
5969
5976
5982
6001
6009
6016
6018
6029
6044
6048
6066
6081
6091
6093
6103
6128
6154
6160
6164
6166
6176
6180
6204
6249
6251
6255
6261
6303
6307
6329
6331
6345
6364
6394
6401
6402
6405
6412
6414
6424
6426
6432
6433
6434
6445
6449
6451
6453
6455
6498
6499
6501
6506
6511
6519
6526
6528
6551
6559
6569
6582
6591
6592
6595
6606
6609
6633
6637
6642
6646
6648
6680
6682
6690
6706
6720
6752
6754
6762
6764
6768
6780
6792
6802
6810
6828
6836
6840
6846
6872
6886
6890
6914
6964
6992
7006
7032
7034
7060
7072
7092
7094
7124
7138
7140
7142
7158
7172
7182
7192
7220
7230
7236
7238
7242
7278
7280
7282
7300
7310
7312
7322
7326
7338
7340
7352
7368
7372
7380
7384
7398
7430
7434
7444
7446
7450
7464
7478
7484
7488
7536
7550
7557
7566
7587
7589
7597
7605
7607
7610
7626
7628
7629
7637
7639
7641
7649
7654
7686
7692
7704
7707
7718
7721
7725
7726
7730
7741
7745
7762
7802
7808
7816
7824
7850
7858
7866
7870
7876
7878
7880
7882
7886
7888
7890
7898
7920
7922
7928
7932
7944
7960
7978
7998
8000
8014
8028
8030
8032
8046
8050
8081
8082
8090
8092
8094
8097
8099
8100
8105
8116
8122
8131
8132
8135
8151
8153
8157
8161
8179
8182
8195
8203
8206
8210
8228
8229
8234
8239
8278
8280
8284
8302
8312
8329
8339
8365
8387
8390
8392
8396
8398
8412
8414
8430
8437
8454
8458
8478
8480
8481
8492
8498
8525
8538
8576
8584
8599
8601
8603
8605
8622
8633
8666
8670
8687
8709
8712
8718
8726
8746
8755
8775
8776
8779
8798
8838
8846
8850
8865
8875
8877
8879
8885
8887
8888
8889
8901
8909
8919
8925
8928
8942
8973
8988
8993
9000
9001
9012
9022
9025
9080
9082
9098
9102
9104
9111
9113
9115
9120
9127
9129
9146
9168
9169
9184
9197
9199
9203
9225
9233
9257
9272
9295
9323
9335
9350
9384
9387
9398
9430
9446
9448
9452
9454
9462
9481
9497
9501
9511
9517
9519
9523
9530
9555
9584
9595
9600
9611
9613
9627
9648
9665
9678
9710
9720
9746
9750
9756
9757
9765
9772
9773
9780
9802
9818
9822
9824
9834
9854
9862
9877
9912
9913
9916
9927
9933
9935
9948
9970
9976
9984
10002
10004
10014
10040
10044
10066
10068
10070
10072
10092
10098
10118
10124
10125
10156
10166
10183
10188
10190
10194
10199
10201
10205
10207
10210
10212
10214
10216
10247
10263
10269
10287
10297
10327
10347
10349
10357
10359
10362
10380
10406
10416
10428
10453
10464
10466
10476
10490
10494
10512
10514
10515
10524
10595
10600
10614
10616
10625
10636
10638
10640
10648
10672
10676
10677
10687
10692
10698
10705
10716
10724
10733
10740
10742
10758
10762
10781
10793
10833
10879
10883
10894
10901
10902
10914
10927
10935
10947
10953
10960
10962
10968
10974
10982
10993
11019
11023
11025
11027
11031
11081
11085
11090
11098
11104
11126
11128
11147
11152
11184
11188
11191
11208
11221
11223
11228
11236
11239
11241
11257
11273
11281
11294
11315
11343
11361
11363
11373
11377
11383
11389
11393
11405
11429
11435
11459
11471
11479
11480
11491
11493
11497
11499
11523
11555
11560
11587
11601
11607
11643
11660
11666
11667
11681
11688
11706
11710
11715
11721
11735
11777
11785
11830
11832
11880
11882
11948
11984
12006
12010
12016
12030
12062
12074
12078
12096
12098
12116
12122
12139
12143
12149
12161
12178
12192
12220
12240
12246
12250
12253
12279
12283
12287
12311
12317
12319
12345
12359
12363
12373
12377
12385
12402
12442
12457
12465
12475
12487
12511
12517
12525
12531
12544
12572
12610
12619
12624
12625
12636
12643
12644
12653
12654
12663
12679
12680
12706
12718
12729
12732
12736
12741
12752
12762
12774
12794
12800
12817
12824
12838
12843
12861
12874
12880
12882
12896
12902
12936
12944
12946
12950
12952
12960
12972
12984
13030
13082
13086
13108
13110
13122
13134
13142
13146
13150
13166
13170
13176
13180
13182
13184
13207
13215
13223
13229
13231
13245
13269
13275
13283
13311
13333
13347
13367
13377
13381
13382
13393
13411
13416
13418
13424
13428
13450
13470
13478
13486
13518
13524
13530
13554
13560
13568
13570
13582
13598
13606
13608
13642
13644
13662
13712
13726
13742
13746
13756
13762
13788
13794
13796
13802
13814
13818
13820
13864
13870
13899
13903
13905
13911
13915
13931
13933
13958
13985
13989
13999
14001
14014
14022
14046
14055
14059
14069
14073
14075
14085
14103
14115
14162
14186
14188
14198
14202
14204
14222
14277
14283
14293
14303
14307
14309
14317
14325
14348
14352
14354
14356
14358
14360
14362
14377
14379
14403
14404
14419
14454
14461
14497
14503
14511
14523
14527
14535
14544
14546
14554
14566
14574
14580
14594
14600
14609
14611
14650
14660
14674
14680
14703
14710
14714
14728
14755
14765
14766
14782
14814
14818
14822
14830
14863
14886
14892
14894
14896
14900
14912
14951
14958
14973
14984
14986
14988
14990
14996
15038
15047
15053
15067
15071
15073
15081
15095
15120
15126
15130
15139
15159
15167
15182
15194
15215
15219
15233
15254
15281
15291
15293
15300
15301
15310
15325
15333
15347
15355
15362
15368
15379
15388
15411
15422
15423
15449
15459
15468
15475
15486
15488
15490
15496
15503
15540
15542
15555
15586
15588
15590
15599
15603
15631
15637
15645
15659
15679
15691
15709
15716
15719
15721
15740
15743
15770
15790
15801
15802
15807
15809
15872
15886
15897
15902
15906
15911
15916
15918
15924
15929
15931
15932
15939
15961
15965
15971
15977
15979
15989
15991
16007
16021
16025
16037
16065
16073
16080
16103
16130
16148
16158
16161
16163
16169
16174
16198
16200
16237
16248
16250
16255
16281
16291
16293
16310
16328
16342
16348
16354
16400
16409
16411
16434
16452
16456
16464
16478
16482
16501
16502
16515
16537
16552
16554
16555
16556
16557
16579
16580
16624
16634
16639
16641
16654
16679
16689
16698
16704
16714
16724
16761
16766
16773
16777
16779
16797
16804
16805
16820
16829
16841
16848
16864
16884
16888
16904
16930
16932
16972
16974
16978
16996
17009
17031
17043
17057
17069
17075
17080
17087
17105
17109
17121
17132
17141
17144
17149
17157
17175
17184
17194
17200
17214
17222
17241
17255
17277
17279
17290
17307
17372
17378
17386
17397
17398
17399
17401
17403
17419
17442
17459
17475
17484
17486
17501
17508
17518
17526
17527
17529
17533
17536
17537
17539
17549
17555
17561
17574
17590
17647
17648
17660
17790
17846
17850
17870
17871
17893
17977
17991
17997
18000
18014
18017
18020
18055
18066
18106
18109
18168
18251
18255
18266
18280
18283
18292
18295
18296
18305
18400
18419
18420
18513
18548
18558
18599
18659
18700
18721
18763
18792
18877
18878
18917
18925
18946
18985
18991
18997
19028
19049
19133
19174
19245
19268
19306
19314
19330
19348
19354
19367
19447
19472
19484
19488
19509
19521
19527
19548
19549
19550
19555
19562
19564
19577
19585
19591
19596
19597
19602
19608
19621
19624
19631
19641
19649
19656
19683
19685
19686
19768
19790
19800
19820
19825
19826
19845
19877
19889
19908
19928
19961
19991
20173
20193
20252
20253
20255
20263
20264
20287
20309
20320
20321
20363
20364
20386
20387
20388
20398
20449
20462
20488
20651
20662
20814
20818
20853
21112
21137
21290
21293
21295
21310
21339
21386
21391
21396
21476
21526
21548
21549
21557
21561
21567
21620
21667
21682
21693
21703
21725
21734
21738
21741
21742
21756
21757
21763
21770
21776
21786
21787
21806
21861
21865
21896
21904
21906
21913
21937
21950
21957
21958
22006
22011
22028
22089
22094
22103
22122
22126
22134
22135
22165
22194
22231
22233
22241
22308
22310
22318
22340
22347
22357
22407
22410
22414
22432
22434
22457
22458
22513
22579
22620
22674
22702
22718
22719
22726
22753
22861
22892
22905
22929
22940
22955
22994
23001
23011
23182
23260
23272
23303
23326
23329
23330
23331
23341
23344
23348
23358
23370
23439
23440
23441
23501
23703
23704
23710
23767
23801
23822
23824
23896
23930
23988
24030
24129
24170
24202
24204
24224
24308
24331
24367
24368
24405
24432
24436
24439
24452
24461
24462
24470
24489
24495
24517
24527
24529
24645
24648
24697
24724
24759
24767
24778
24810
24812
24813
24909
24935
24939
24946
24949
24957
24977
24999
25126
25134
25147
25226
25229
25230
25236
25263
25340
25363
25364
25430
25447
25454
25490
25580
25582
25768
25805
25829
25892
25893
26049
26236
26249
26252
26273
26274
26321
26357
26360
26361
26387
26432
26442
26450
26516
26592
26764
26771
26910
27017
27020
27055
27086
27135
27189
27198
27200
27203
27210
27215
27231
27234
27236
27240
27241
27269
27291
27298
27300
27314
27319
27325
27342
27355
27372
27383
27413
27430
27437
27496
27529
27554
27571
27572
27579
27580
27584
27585
27590
27592
27620
27627
27642
27643
27646
27647
27696
27705
27720
27881
27891
27909
27937
28031
28193
28211
28230
28245
28305
28346
28441
28446
28486
28512
28517
28522
28527
28747
28765
28795
28814
28848
28854
28965
28989
28992
28993
28994
28995
29063
29118
29142
29173
29196
29199
29205
29224
29269
29436
29437
29579
29580
29584
29585
29586
29642
29659
29727
29747
29756
29766
29772
30008
30021
30023
30027
30029
30069
30086
30107
30113
30115
30117
30121
30127
30136
30141
30144
30146
30160
30161
30170
30174
30175
30185
30330
30354
30423
30434
30453
30548
30549
30566
30919
30992
31024
31077
31082
31095
31133
31227
31298
31352
31364
32028
32049
32139
32187
32317
32335
32628
32645
32665
32708
33118
33233
33234
33239
33242
33253
33257
33258
33264
33276
33277
33284
33293
33305
33315
33320
33362
33380
33391
33403
33421
33622
33638
33639
33642
33714
33751
33788
33792
33800
33824
33826
33855
33866
33892
33893
33948
33988
33991
34037
34083
34090
34091
34103
34189
34203
34249
34273
34280
34292
34313
34400
34415
34478
34572
34683
34702
34721
34725
34742
34814
34815
34828
34837
34843
34979
34982
35132
35139
35154
35155
35188
35339
35422
35433
35450
35469
35472
35477
35504
35524
35526
35527
35529
35583
35584
35600
35619
35631
35632
35640
35641
35644
35648
35649
35659
35660
35667
35744
35755
35764
35825
35882
35894
35929
35946
35967
36006
36013
36016
36030
36036
36048
36053
36062
36065
36067
36073
36077
36083
36085
36086
36087
36097
36109
36114
36115
36116
36127
36144
36150
36483
36531
36700
36915
36944
36953
36983
37012
37032
37039
37042
37048
37059
37085
37092
37093
37126
37130
37131
37135
37143
37169
37179
37225
37229
37266
37277
37278
37288
37386
37444
37589
37601
37637
37639
37654
37794
37878
37909
37938
37953
37969
37988
38064
38142
38145
38146
38174
38235
38240
38254
38256
38267
38274
38442
38538
38695
38709
38727
38736
38741
38745
38781
38810
38812
38817
38830
38837
38870
38886
38892
38897
38900
38911
38945
38966
39035
39036
39068
39082
39101
39102
39105
39109
39113
39146
39156
39165
39202
39225
39313
39343
39353
39379
39465
39556
39577
39601
39610
39622
39640
39646
39673
39700
39703
39757
39761
39776
39779
39806
39813
39857
39860
39873
39888
39916
39936
39976
39983
40056
40087
40096
40179
40197
40203
40349
40406
40521
40527
40669
40671
40704
40923
40964
41170
41178
41208
41295
41317
41517
41542
41560
41561
41563
41569
41572
41591
41600
41632
41642
41728
41899
41909
41913
41953
41954
41972
41988
42009
42101
42102
42103
42148
42162
42279
42296
42444
42446
42447
42522
42527
42632
42688
42692
42693
42777
42965
42979
42988
43007
43023
43034
43050
43061
43065
43095
43099
43293
43307
43391
43478
43590
43740
43747
43748
43754
43757
43786
43824
43839
43853
43876
43887
43995
44008
44031
44045
44056
44100
44115
44159
44164
44184
44209
44211
44220
44248
44260
44334
44338
44372
44373
44389
44393
44394
44397
44421
44453
44458
44463
44477
44480
44485
44486
44488
44506
44510
44517
44520
44521
44526
44527
44531
44536
44539
44543
44569
44571
44596
44616
44618
44621
44704
44781
44794
44809
44811
44812
44813
44845
44851
44951
44952
44953
44967
44977
45000
45003
45011
45013
45021
45038
45223
45224
45250
45262
45275
45296
45433
45479
45495
45499
45510
45542
45543
45545
45569
45619
45649
45686
45707
45730
45735
45814
45831
45879
45906
45908
45925
45928
45934
46009
46036
46039
46040
46046
46049
46191
46192
46249
46265
46276
46286
46293
46297
46364
46421
46488
46538
46585
46617
46630
46631
46643
46646
46699
46700
46718
46725
46783
46853
46857
46893
47050
47114
47125
47149
47157
47175
47259
47284
47356
47358
47370
47371
47388
47513
47551
47634
47648
47799
47800
47922
47938
48208
48408
48414
48428
48429
48474
48502
48503
48606
48628
48707
48757
48784
48827
48915
48981
48987
48989
48990
49045
49046
49047
49049
49057
49058
49115
49121
49130
49141
49151
49154
49273
49281
49287
49393
49420
49514
49633
49683
49689
49700
49707
49751
49813
49843
49862
49867
49902
49945
49965
50020
50071
50371
50398
50411
50412
50474
50497
50540
50549
50550
50557
50569
50674
50679
50692
50726
50732
50752
50842
50844
50874
50890
50927
50928
50934
50946
50950
50957
50959
50999
51025
51035
51044
51046
51079
51114
51120
51126
51135
51136
51137
51143
51180
51181
51236
51243
51245
51248
51288
51321
51337
51442
51445
51472
51473
51479
51493
51536
51537
51538
51543
51547
51601
51660
51693
51705
51722
51861
51875
51902
51969
51970
51975
51984
52021
52024
52062
52107
52182
52215
52246
52266
52291
52321
52352
52360
52370
52397
52400
52402
52431
52506
52509
52594
52612
52629
52642
52691
52696
52697
52757
52785
52794
52808
52814
52816
52817
52818
52826
52844
52863
52879
52887
52893
52916
52927
52935
53078
53089
53136
53187
53189
53200
53231
53240
53254
53259
53322
53366
53384
53403
53459
53477
53516
53522
53533
53593
53609
53642
53680
53681
53715
53764
53781
53795
53798
53841
53856
53913
53916
53927
53935
53943
53948
53970
53972
53983
53997
54003
54005
54053
54057
54063
54074
54117
54136
54139
54152
54159
54226
54229
54239
54252
54274
54311
54321
54322
54349
54382
54392
54397
54401
54429
54438
54443
54445
54450
54459
54467
54468
54470
54471
54472
54474
54483
54488
54496
54500
54508
54513
54525
54556
54558
54559
54566
54588
54593
54597
54600
54609
54616
54620
54632
54642
54650
54703
54706
54707
54734
54738
54749
54751
54756
54759
54768
54769
54774
54780
54784
54798
54815
54844
54850
54854
54860
54925
54960
54996
54998
55017
55023
55027
55033
55048
55050
55052
55069
55072
55082
55086
55088
55122
55134
55135
55150
55151
55156
55163
55189
55199
55206
55245
55264
55267
55309
55320
55378
55410
55413
55433
55436
55444
55445
55643
55644
55671
55730
55739
55745
55750
55755
55765
55783
55816
55817
55997
56007
56059
56100
56103
56133
56136
56137
56144
56146
56170
56172
56178
56192
56193
56238
56341
56502
56540
56544
56559
56630
56734
56772
56776
56789
56801
56805
56818
56869
56873
56874
57008
57091
57092
57499
57502
57505
57506
57541
57552
57597
57617
57708
57716
57745
57746
57750
57787
57876
57877
57881
57893
57895
57899
57903
57919
57921
57922
57962
57964
57966
57972
57973
57976
57989
57991
58078
58114
58133
58182
58193
58194
58204
58207
58209
58210
58257
58275
58373
58538
58564
58663
58664
58784
58785
58786
58787
58788
58794
58802
58819
58822
59036
59053
59205
59209
59259
59328
59334
59426
59436
59457
59471
59493
59505
59506
59663
59715
59738
59746
59759
59779
59787
59802
59823
59839
59856
59875
59891
59901
59970
