82
131
172
252
300
305
344
356
392
483
539
551
615
671
836
847
878
879
951
1004
1086
1102
1105
1507
1509
1589
1639
1679
1731
1881
1935
2028
2076
2105
2154
2167
2168
2211
2285
2318
2334
2357
2540
2576
2612
2617
2619
2773
2777
2783
2825
2849
2881
2933
2956
2957
2962
3069
3118
3159
3191
3282
3291
3429
3549
3665
3732
3764
3819
3913
3971
4135
4218
4221
4505
4692
4734
4833
4931
4971
5010
5032
5189
5227
5583
5827
5831
5879
5883
5891
5908
5913
6358
6396
6480
6631
6677
6701
6850
6852
6854
6936
6970
7400
7554
7692
7860
7866
7870
7977
8211
8394
8417
8431
8579
8823
8873
8922
8944
9184
9267
9274
9335
9348
9450
9582
9701
9705
9724
9744
9806
9893
9968
10040
10094
10096
10423
10447
10469
10579
10826
11043
11070
11243
11246
11328
11354
11491
11568
11580
11829
11981
12102
12117
12145
12194
12207
12253
12319
12447
12741
12801
12989
13059
13147
13199
13298
13488
13676
13750
13800
13844
13849
14006
14050
14125
14222
14448
14503
14562
14938
15019
15066
15087
15456
15681
15981
16161
16220
16424
16520
16605
16721
16761
16805
16934
16952
16955
17017
17153
17169
17217
17293
17408
17472
17487
17543
17738
17910
17982
18028
18047
18097
18205
18254
18302
18309
18401
18534
18748
18782
18827
19183
19242
19309
19519
19625
19790
19843
19901
19955
20076
20098
20273
20368
20429
20435
20688
20733
20866
20905
20922
20952
20994
21283
21315
21447
21454
21480
21558
21564
21655
21742
21752
21831
21854
21892
22234
22320
22330
22397
22732
22733
22870
23056
23121
23170
23220
23234
23301
23310
23385
23487
23520
23535
23672
23679
23801
23810
23826
24008
24118
24121
24236
24429
24466
24522
24870
24956
25172
25235
25448
25477
25579
25604
25650
25774
25871
25897
25919
25950
26005
26138
26148
26191
26198
26336
26488
26520
26523
26680
26739
26749
26908
26926
27007
27025
27029
27109
27273
27331
27349
27669
27673
27689
27703
27845
27997
28093
28147
28191
28230
28243
28297
28442
28447
28827
28877
29150
29198
29285
29411
29541
29684
29892
29915
30075
30147
30414
30430
30446
30837
31192
31219
31340
31401
31402
31476
31760
31812
31854
32032
32055
32176
32391
32411
32730
32874
33268
33306
33310
33471
33513
33542
33712
33732
33836
33921
33928
33938
33959
34006
34298
34362
34662
34912
34948
35089
35402
35425
35634
35638
35785
36081
36127
36327
36337
36588
36850
37410
37675
38444
38979
39024
39322
39339
39976
40265
40439
