2
13
39
175
224
366
480
572
625
638
809
896
905
1106
1176
1186
1230
1389
1419
1421
1442
1455
1514
1573
1664
1720
1997
2067
2215
2236
2270
2343
2355
2362
2365
2552
2762
2829
2858
2919
2922
2942
2993
3061
3136
3189
3205
3286
3287
3466
3505
3522
3565
3573
3606
3704
3754
3761
3828
3829
4019
4097
4447
4556
4598
4631
4652
4690
4782
4851
4957
5012
5240
5386
5404
5491
5632
5742
5758
5809
5947
6136
6166
6312
6315
6417
6491
6556
6562
6942
7108
7116
7134
7262
7290
7324
7373
7406
7533
7553
7557
7616
7617
7619
7625
7806
7875
7996
8403
8691
8785
8820
8824
8924
8928
8948
8991
9201
9478
9550
9554
9711
10049
10160
10456
10474
10536
10670
10745
10765
10811
10982
10983
11091
11124
11224
11261
11325
11368
11395
11463
11488
11544
11607
11701
11835
11840
11892
11961
12058
12147
12534
12640
12642
12830
12837
12862
12936
13100
13280
13366
13518
13908
14013
14283
14303
14442
14594
14605
14863
14972
15043
15075
15095
15227
15371
15713
15714
15820
15833
15873
16051
16247
16270
16337
16363
16397
16442
16617
17006
17075
17131
17169
17271
17727
17773
17924
17962
18049
18052
18109
18130
18233
18357
18799
18957
19013
19111
19182
19239
19461
19557
19714
19935
20020
20090
20107
20267
20486
20645
20671
20698
20857
21205
21432
21518
21535
21663
21746
21751
21758
21798
21919
22283
22298
22313
22361
22383
22739
22760
22916
22939
23102
23205
23240
23253
23263
23778
23855
23856
23964
23987
24145
24465
24577
24688
24700
25146
25347
25430
26028
