39
55
255
268
299
363
376
394
426
428
488
630
638
728
729
819
823
879
895
1210
1252
1569
1570
1598
1688
1882
1921
2102
2201
2328
2887
2929
2942
2946
2980
3028
3066
3241
3258
3324
3337
3364
3370
3380
3493
3585
3612
3616
3882
3937
4005
4098
4111
4112
4180
4182
4337
4481
4511
4512
4724
4771
4897
4933
4957
5060
5153
5190
5242
5413
5439
5470
5543
5649
5714
5812
5819
5907
6053
6138
6174
6217
6232
6262
6282
6479
6522
6673
6746
7056
7188
7249
7291
7437
7553
7616
7651
7779
7834
7967
8021
8077
8105
8193
8233
8306
8350
8510
8578
8583
8667
8692
8871
8928
8942
8991
9437
9470
9694
9703
9830
10045
10070
10111
10152
10202
10310
10394
10875
10894
10928
11027
11109
11259
11265
11302
11324
11325
11459
11462
11463
11600
11654
11694
11794
11962
12080
12169
12315
12379
12385
12432
12483
12485
12611
12629
12789
12812
12958
13151
13153
13187
13418
13471
13499
13517
13570
13596
13667
13754
13889
13988
14176
14194
14209
14212
14251
14481
14642
14677
14875
15232
15274
15293
15381
15440
15502
15837
15867
15882
16279
16586
16620
16667
16676
16687
17018
17336
17380
17482
18033
18113
18277
18603
18808
18896
18923
18989
19155
19370
19494
19532
19553
19640
19643
19672
19745
19828
19886
19891
20068
20108
20298
20357
20451
20710
20887
20942
21057
21062
21291
21535
21601
21606
21806
21941
22046
22245
22636
22808
22939
23350
23374
23703
23778
24095
24417
24465
24521
24584
24630
24633
24667
24685
25352
25671
25865
25932
25947
26049
26063
