65
148
153
188
353
453
482
554
652
817
899
933
934
1139
1171
1194
1445
1457
1565
1677
1789
1842
1854
1955
1959
2093
2113
2169
2311
2324
2485
2519
2894
2966
2990
3280
3362
3430
3437
3548
3616
3703
3732
3769
3775
3796
3798
3806
3815
3838
3899
3906
3912
3991
4001
4074
4124
4174
4176
4221
4258
4290
4296
4463
4465
4499
4531
4753
4758
4773
4829
4838
4862
4883
5010
5064
5199
5383
5385
5390
5466
5518
5539
5622
5623
5684
5700
5745
5994
6038
6044
6315
6319
6381
6406
6412
6589
6590
6707
6739
6781
6811
6972
7069
7246
7323
7399
7419
7515
7767
7948
8030
8175
8224
8313
8325
8415
8660
8670
8751
8829
8934
9004
9032
9036
9130
9179
9189
9190
9233
9247
9257
9348
9382
9397
9413
9430
9533
9555
9574
9637
9695
9714
10085
10120
10353
10469
10473
10514
10561
10672
10748
10835
11171
11179
11437
11457
11487
11519
11539
11568
11590
11687
11700
11769
11962
11985
12195
12255
12257
12284
12399
12549
12619
12666
12680
12692
12800
12801
12901
12908
12988
13176
13254
13300
13321
13362
13422
13455
13614
13839
13848
14038
14047
14082
14130
14175
14222
14244
14245
14326
14416
14593
14666
14694
14867
14900
14924
15100
15178
15242
15284
15293
15322
15393
15483
15498
15531
15537
15599
15625
15688
15700
15712
15821
15987
16068
16191
16219
16463
16614
16633
16799
16875
16958
17014
17080
17148
17328
17411
17483
17871
18016
18058
18189
18357
18372
18663
18764
18968
19043
19051
19129
19193
19670
19763
19766
19776
19806
20084
20147
20183
20224
20308
20312
20416
20428
20439
20544
20695
20751
20860
20908
20949
21050
21054
21171
21282
21315
21341
21365
21419
21433
21434
21544
21557
21782
21854
22397
22536
22804
23292
23315
23519
24175
24186
24239
24263
24432
24460
24483
24669
24738
25111
25185
25197
25248
25466
25527
25757
25942
26198
26222
26486
26778
26790
26814
26816
26914
27024
27055
27057
27116
27261
27344
27423
27454
27649
27679
27681
27747
27826
27832
27851
27886
27997
28022
28123
28201
28230
28298
28471
28487
28711
28949
29021
29098
29161
29237
29260
29349
29573
29912
30077
30094
30184
30353
30475
30513
30791
30875
30876
31106
31159
31219
31309
31765
31847
31935
32041
32196
32198
32431
32661
32950
33531
33836
33871
33943
33990
34098
34434
34671
34813
34967
34995
35109
35215
35781
35973
36022
36505
36556
36570
36850
37254
37396
37496
37508
37558
37726
38603
38630
38793
38921
39006
39010
39297
40092
