86
124
144
210
224
252
255
353
775
801
894
1077
1130
1163
1192
1215
1217
1315
1341
1346
1419
1494
1690
1705
1748
1776
1912
2084
2125
2267
2343
2461
2473
2596
2638
2666
2714
2715
2750
2754
2887
2980
3218
3313
3424
3489
3524
3537
3624
3790
3823
4068
4206
4211
4234
4263
4387
4396
4399
4409
4419
4566
4632
4639
4832
4865
4927
4979
4992
5263
5414
5422
5523
5879
5957
5966
6096
6104
6127
6130
6166
6241
6248
6267
6361
6588
6963
7004
7017
7057
7152
7276
7323
7426
7483
7513
7538
7558
7621
7918
7996
8003
8074
8075
8128
8138
8264
8299
8597
8670
8674
8716
8739
8761
8830
8838
9090
9119
9137
9139
9373
9491
9700
9896
9962
10018
10031
10119
10153
10199
10281
10350
10380
10506
10711
10854
10981
11027
11091
11200
11201
11255
11367
11464
11508
11602
11613
11649
11710
11719
11737
11840
11972
11977
12028
12035
12151
12265
12350
12381
12413
12467
12509
12572
12580
12830
12969
12994
13081
13090
13110
13279
13294
13305
13425
13702
13747
13984
14086
14214
14231
14685
14903
14916
15791
15867
15941
16242
16273
16274
16389
16466
16483
16539
16647
16744
16795
16807
16846
16935
17018
17216
17306
17330
17342
17449
17739
17876
17877
17882
18044
18050
18117
18359
18692
18818
18933
19594
19595
19634
19673
19776
19910
19913
20122
20189
20211
20241
20268
20330
20406
20458
20523
20942
21051
21133
21312
21401
21536
21620
21730
21812
22046
22157
22395
23281
23601
23742
23803
23815
23816
24043
24055
24073
24591
24660
24669
25302
25363
25413
25873
