59
91
155
198
238
454
482
538
544
624
818
1015
1034
1128
1153
1393
1420
1421
1457
1633
1677
1789
1846
1867
2115
2155
2202
2280
2368
2416
2435
2491
2500
2518
2602
2604
2932
3024
3059
3074
3109
3299
3344
3556
3579
3623
3665
3680
3831
3838
4120
4143
4255
4463
4650
4716
4795
4835
4837
4839
4882
4910
4958
4989
5021
5090
5160
5213
5267
5535
5595
5598
5629
5741
5761
5801
5879
5958
6040
6047
6056
6239
6282
6304
6319
6324
6325
6332
6479
6526
6782
6834
6935
7377
7382
7482
7529
7530
7532
7534
7653
7771
7815
7848
7978
8016
8019
8035
8324
8366
8399
8432
8514
8541
8828
8892
8903
8914
8984
9040
9072
9077
9176
9192
9252
9476
9554
9567
9594
9610
9621
9640
9804
9968
10021
10083
10127
10132
10338
10356
10378
10389
10574
10740
10755
10862
10888
10913
10948
10963
11103
11115
11195
11228
11395
11402
11432
11605
11710
11840
11921
11980
12162
12246
12255
12331
12333
12653
12792
12797
12802
12813
12931
13135
13139
13141
13293
13295
13453
13554
13558
13629
13726
13820
13849
13851
14333
14358
14386
14439
14793
14867
14949
14962
15034
15178
15242
15298
15306
15363
15419
15496
15600
15803
16023
16159
16320
16368
16573
16836
16942
16973
16990
17014
17098
17153
17287
17435
17565
17620
17642
17710
17840
17871
18165
18311
18354
18371
18650
18715
18746
18775
18821
18877
18976
19088
19130
19139
19248
19487
19649
19945
19955
20360
20362
20440
20458
20714
20779
20819
20863
20953
21035
21217
21243
21342
21351
21386
21433
21453
21517
21535
21578
21597
21751
21831
21835
21854
21979
22040
22525
22530
22647
22682
22718
22775
22984
23015
23195
23208
23234
23276
23386
23387
23487
23672
23786
23931
24169
24174
24424
24445
24462
24557
24820
24893
25093
25137
25147
25363
25380
25434
25560
25574
25586
25694
25832
26078
26225
26389
26868
26894
26912
27592
27649
27656
27766
27830
28015
28129
28288
28296
28370
28407
28515
28585
29044
29114
29128
29170
29236
29632
29737
29859
30001
30054
30076
30255
30430
30709
30894
30937
31168
31223
31375
31431
31518
31523
31535
31758
31865
32057
32526
32659
32724
32754
32816
32863
32867
33150
33200
33214
33268
33296
33306
33313
33871
33913
34028
34211
34245
34291
34368
34437
34681
34751
34778
34922
35003
35031
35079
35082
35174
35251
35484
35796
35888
36028
36064
36266
36388
36390
36460
36523
37194
37496
37501
37550
37639
37726
37759
38001
38249
38300
38704
39308
40108
40305
40927
