86
120
199
233
237
243
244
638
642
652
683
797
798
870
941
990
1054
1513
1591
1607
1721
1723
1730
1742
1752
1848
1888
2049
2061
2079
2088
2168
2182
2221
2285
2357
2442
2505
2603
2604
2739
2783
2788
2825
2905
2963
2967
2975
3091
3249
3301
3344
3351
3424
3431
3440
3573
3665
3678
3723
3806
3890
4047
4048
4128
4333
4537
4690
4740
4778
4803
4826
4878
4913
4971
4976
5010
5085
5128
5249
5445
5466
5566
5621
5641
5684
5740
5786
5827
5922
6021
6115
6172
6303
6323
6584
6806
6812
6859
7095
7213
7240
7410
7515
7637
7641
7655
7836
7897
7933
7969
8069
8206
8224
8394
8485
8538
8558
8610
8630
8631
8696
8745
8880
8917
9129
9149
9178
9576
9714
9796
9885
9890
10001
10010
10040
10053
10076
10102
10275
10309
10353
10361
10365
10391
10434
10860
10862
10863
10883
11047
11105
11315
11390
11395
11425
11437
11513
11555
11559
11918
12046
12173
12205
12214
12243
12249
12250
12265
12293
12390
12455
12478
12500
12575
12692
12815
12940
13133
13185
13365
13578
13672
13694
13741
13743
13973
14046
14125
14136
14175
14239
14244
14331
14528
14585
14806
14929
14930
14942
14949
14961
15114
15199
15238
15309
15531
15590
15627
15712
15883
16432
16487
16607
16630
16761
16916
16934
16955
17050
17076
17089
17484
17488
17535
17625
17750
17850
17887
18004
18079
18127
18358
18364
18367
18431
18758
18821
18873
18945
18998
19062
19133
19150
19467
19519
19545
19670
19804
19876
20061
20247
20273
20378
20490
20624
20644
20675
20681
20726
20778
20911
20943
20969
21140
21236
21419
21433
21434
21462
21480
21559
21570
21606
21831
21911
22047
22368
22441
22451
22539
22833
22893
23037
23052
23211
23285
23413
23463
23470
23479
23488
23569
23573
23604
24025
24326
24457
24544
24686
25134
25137
25185
25197
25363
25374
25389
25684
25880
25989
26163
26422
26510
26650
26665
26813
26894
26914
27025
27065
27092
27387
27406
27608
27646
27659
27846
27899
28030
28109
28158
28190
28290
28384
28652
28722
28747
29083
29190
29345
29353
29438
29633
29661
29749
29915
30187
30446
30595
30782
30932
31169
31366
31391
31396
31437
31690
31842
31859
31865
31930
32277
32460
32596
32702
32712
32817
33279
33313
33321
33595
33901
34001
34091
34142
34350
34370
34778
34943
35008
35098
35396
35444
35612
35890
36048
36445
36504
36891
37251
37397
37442
37666
37727
37831
37962
38249
38351
38603
38774
39006
39041
39359
39386
39498
39969
40210
40496
40601
