132
175
200
206
240
376
394
518
539
664
685
728
892
995
1231
1321
1501
1529
1622
1623
1691
1840
1949
2011
2059
2202
2235
2298
2334
2353
2361
2362
2723
2989
3135
3158
3323
3355
3388
3522
3584
3646
3753
3809
3823
3985
4002
4004
4179
4259
4292
4409
4410
4443
4480
4500
4566
4602
4626
4656
4664
4870
4948
4978
5043
5191
5404
5523
5536
5735
5748
5764
5825
5903
5959
6053
6165
6217
6240
6241
6281
6317
6442
6588
6986
7090
7121
7135
7188
7361
7379
7513
7525
7538
7626
7628
7651
7685
7797
7802
7807
7879
7937
7955
7989
8056
8074
8082
8095
8179
8300
8310
8439
8633
8671
8760
8766
8769
8821
8872
9202
9220
9224
9437
9455
9846
9891
9952
9966
9967
10064
10310
10670
10756
10769
10822
10854
10966
11020
11383
11466
11563
11694
11778
11928
11972
11977
11982
12032
12053
12291
12314
12359
12386
12403
12486
12573
12647
12668
13034
13151
13164
13669
13685
13703
13990
14081
14115
14209
14366
14414
14439
14503
14594
14782
14785
14863
14872
15044
15048
15098
15274
15712
15822
15868
15885
15933
15942
15974
15985
16119
16158
16361
16397
16425
16466
16573
16831
16834
16973
17086
17292
17344
17442
17918
17946
18033
18125
18362
18506
18508
18571
19155
19304
19533
19796
20145
20237
20256
20295
20633
20698
21051
21121
21184
21220
21261
21296
21322
21605
21877
21931
22056
22325
22343
22396
22433
22494
22542
22662
22812
22916
22937
23203
23282
23296
23550
23949
24613
25070
25073
25077
25161
25268
25347
25413
25463
25668
25962
26071
26187
