9
22
35
62
78
87
91
93
94
114
118
120
123
131
154
155
157
184
198
202
212
244
251
252
315
316
330
340
344
356
386
419
475
476
483
486
538
556
561
582
587
642
647
671
681
706
741
773
817
825
840
845
849
857
908
910
917
923
937
939
1001
1011
1023
1029
1050
1053
1071
1079
1080
1085
1092
1102
1138
1150
1188
1194
1294
1319
1330
1341
1386
1393
1420
1422
1445
1458
1533
1560
1565
1574
1575
1581
1585
1587
1589
1596
1600
1602
1605
1645
1648
1660
1680
1690
1694
1702
1720
1723
1727
1730
1731
1736
1756
1783
1798
1813
1839
1850
1871
1888
1891
1906
1908
1914
1925
1959
1971
1998
2015
2027
2028
2043
2049
2050
2077
2090
2100
2101
2105
2113
2117
2119
2145
2146
2150
2156
2167
2176
2181
2199
2212
2227
2250
2304
2306
2308
2314
2317
2318
2319
2326
2331
2332
2339
2358
2386
2428
2437
2441
2461
2485
2491
2492
2536
2540
2542
2543
2572
2597
2600
2614
2616
2619
2624
2633
2637
2638
2719
2775
2776
2777
2778
2780
2788
2796
2806
2814
2825
2832
2836
2849
2860
2905
2906
2919
2955
2960
2985
2990
3012
3034
3050
3054
3059
3067
3069
3073
3101
3110
3119
3126
3153
3158
3177
3191
3199
3200
3209
3212
3271
3291
3332
3341
3346
3351
3361
3391
3424
3428
3430
3433
3440
3454
3455
3459
3470
3474
3487
3508
3520
3547
3614
3615
3627
3633
3664
3672
3688
3708
3717
3750
3770
3775
3776
3779
3786
3787
3796
3813
3821
3825
3835
3851
3858
3863
3935
3942
3947
3958
4001
4002
4052
4067
4135
4137
4144
4148
4167
4174
4198
4202
4207
4212
4218
4221
4222
4254
4289
4291
4317
4324
4333
4355
4362
4391
4458
4463
4465
4468
4493
4513
4580
4595
4654
4662
4665
4672
4677
4687
4690
4708
4722
4754
4777
4803
4805
4829
4834
4854
4862
4867
4889
4890
4895
4922
4931
4937
4964
4973
4977
4986
4999
5009
5019
5024
5059
5076
5103
5105
5106
5111
5121
5129
5164
5239
5240
5269
5273
5274
5373
5381
5385
5390
5394
5410
5411
5428
5445
5506
5514
5534
5539
5540
5557
5571
5589
5595
5596
5598
5605
5616
5617
5622
5623
5629
5641
5662
5670
5723
5740
5746
5756
5798
5801
5817
5827
5831
5868
5884
5910
5924
5931
5944
5945
5988
5994
6004
6014
6015
6027
6047
6056
6057
6079
6082
6089
6099
6100
6115
6144
6155
6172
6182
6183
6215
6217
6283
6299
6319
6345
6369
6377
6380
6395
6396
6412
6422
6477
6494
6504
6525
6537
6560
6649
6660
6677
6679
6681
6694
6765
6782
6797
6801
6804
6806
6814
6891
6899
6911
6922
6935
6938
6971
6993
6999
7046
7069
7105
7118
7123
7228
7245
7262
7279
7293
7320
7323
7339
7371
7404
7410
7411
7412
7418
7427
7476
7503
7511
7531
7532
7534
7579
7598
7707
7720
7736
7737
7770
7803
7828
7829
7853
7895
7898
7908
7921
7922
7926
7962
7965
7971
7978
7992
8020
8040
8061
8067
8119
8125
8149
8166
8184
8196
8214
8225
8226
8270
8275
8280
8312
8327
8351
8357
8359
8367
8374
8392
8399
8400
8414
8419
8473
8483
8523
8524
8538
8548
8553
8579
8585
8589
8595
8596
8612
8623
8636
8641
8658
8661
8666
8682
8718
8720
8725
8732
8734
8761
8765
8766
8768
8790
8800
8853
8866
8937
8942
8944
8947
8959
8962
8963
8964
9003
9004
9006
9029
9033
9040
9099
9113
9128
9129
9143
9177
9178
9185
9197
9216
9221
9230
9247
9252
9267
9268
9308
9309
9312
9344
9345
9364
9368
9378
9413
9430
9431
9437
9467
9477
9524
9525
9527
9532
9533
9568
9574
9587
9591
9597
9611
9627
9635
9659
9662
9671
9689
9700
9702
9717
9723
9724
9832
9852
9861
9864
9873
9877
9886
9890
9891
9904
9931
9949
9955
9986
10002
10030
10031
10040
10056
10071
10073
10076
10078
10091
10094
10097
10106
10118
10120
10128
10129
10174
10176
10188
10190
10192
10193
10194
10195
10196
10221
10234
10272
10273
10274
10276
10291
10322
10350
10351
10353
10360
10366
10367
10385
10389
10420
10423
10426
10434
10470
10474
10508
10522
10523
10559
10574
10575
10579
10592
10634
10703
10705
10722
10736
10748
10826
10860
10870
10913
10948
10952
10965
10969
10984
10995
11006
11063
11103
11116
11127
11169
11174
11175
11216
11258
11331
11333
11397
11402
11416
11485
11486
11490
11512
11529
11559
11578
11579
11583
11595
11599
11618
11635
11703
11723
11746
11769
11775
11776
11777
11943
11963
11981
11985
12006
12046
12089
12091
12102
12123
12215
12216
12219
12248
12268
12297
12319
12347
12369
12391
12445
12465
12490
12523
12548
12561
12562
12580
12605
12641
12647
12650
12654
12655
12657
12666
12671
12681
12695
12792
12802
12804
12858
12861
12870
12895
12907
12918
12919
12936
12954
12971
12981
13028
13057
13059
13097
13103
13116
13147
13149
13150
13185
13205
13238
13244
13252
13257
13259
13293
13298
13318
13320
13388
13422
13425
13433
13467
13474
13481
13488
13498
13528
13530
13536
13548
13555
13566
13584
13604
13630
13674
13687
13721
13727
13737
13750
13772
13778
13799
13809
13815
13837
13847
13850
13862
13886
13892
13901
13908
13972
14028
14042
14048
14081
14089
14091
14097
14108
14110
14176
14231
14239
14244
14266
14296
14331
14332
14360
14386
14432
14459
14468
14472
14512
14529
14555
14561
14564
14576
14593
14606
14665
14666
14693
14694
14704
14713
14717
14753
14784
14786
14793
14903
14929
14942
14949
14950
14991
15013
15016
15085
15120
15189
15201
15229
15238
15242
15250
15293
15296
15316
15363
15370
15380
15409
15416
15442
15451
15498
15516
15538
15540
15545
15580
15590
15598
15600
15602
15604
15656
15668
15744
15758
15773
15790
15791
15800
15817
15849
15862
15883
15884
15899
15903
15928
15930
15934
15976
16006
16022
16034
16081
16087
16101
16120
16141
16153
16158
16159
16184
16207
16238
16269
16277
16289
16291
16301
16315
16316
16327
16357
16359
16362
16365
16375
16376
16386
16394
16426
16459
16542
16573
16595
16609
16610
16621
16665
16679
16710
16711
16720
16759
16761
16762
16793
16799
16805
16815
16836
16856
16951
16952
16958
16973
16999
17017
17027
17029
17037
17039
17050
17078
17079
17083
17086
17106
17149
17151
17160
17172
17217
17276
17304
17312
17316
17321
17330
17331
17339
17340
17404
17435
17450
17479
17482
17511
17515
17518
17519
17528
17534
17551
17564
17569
17586
17588
17599
17625
17628
17637
17639
17641
17645
17656
17710
17748
17781
17786
17798
17824
17851
17882
17938
17949
17987
17989
17990
17994
17999
18016
18028
18077
18095
18149
18165
18189
18209
18213
18235
18289
18297
18350
18356
18360
18361
18366
18372
18382
18383
18385
18504
18527
18529
18591
18599
18606
18618
18626
18631
18634
18635
18646
18648
18653
18659
18663
18675
18700
18748
18775
18777
18780
18820
18822
18840
18844
18867
18877
18998
19000
19028
19033
19120
19131
19134
19135
19147
19155
19157
19167
19186
19194
19200
19273
19275
19277
19305
19309
19319
19339
19373
19393
19408
19424
19426
19440
19467
19482
19510
19511
19542
19551
19608
19612
19624
19629
19664
19689
19776
19804
19843
19864
19886
19888
19923
19930
19968
19992
20016
20037
20059
20060
20061
20092
20110
20128
20147
20181
20191
20212
20214
20215
20224
20240
20271
20272
20308
20310
20318
20322
20396
20414
20416
20430
20444
20497
20548
20549
20581
20588
20631
20648
20649
20681
20682
20691
20692
20695
20698
20700
20707
20726
20740
20749
20751
20757
20760
20763
20778
20788
20789
20804
20805
20819
20839
20870
20883
20884
20890
20895
20897
20911
20917
20923
20935
20946
20947
20951
20955
20960
20975
20994
20995
21050
21053
21054
21058
21125
21140
21171
21228
21241
21294
21314
21341
21356
21387
21390
21418
21419
21432
21433
21434
21453
21503
21525
21557
21561
21575
21581
21587
21606
21655
21694
21721
21752
21761
21762
21763
21804
21853
21855
21867
21868
21869
21911
21915
21978
21991
22036
22173
22202
22211
22234
22313
22315
22320
22334
22341
22365
22368
22371
22372
22373
22391
22392
22394
22440
22443
22444
22445
22447
22448
22495
22504
22510
22525
22540
22608
22616
22617
22654
22656
22659
22663
22665
22715
22718
22740
22772
22774
22782
22799
22807
22816
22860
22870
22886
22893
22900
22911
22948
23005
23011
23021
23023
23036
23056
23061
23109
23126
23141
23149
23173
23190
23195
23209
23211
23237
23288
23290
23301
23310
23315
23316
23317
23318
23323
23380
23382
23383
23387
23463
23470
23476
23479
23481
23488
23508
23512
23519
23535
23547
23559
23569
23571
23595
23638
23653
23676
23680
23690
23706
23769
23777
23793
23811
23814
23827
23832
23835
23845
23873
23877
23889
23912
23931
23934
23946
23971
23987
23991
24070
24121
24135
24151
24169
24170
24196
24197
24201
24236
24320
24385
24391
24395
24418
24424
24467
24483
24498
24511
24542
24580
24587
24610
24686
24722
24740
24809
24820
24825
24828
24865
24900
24940
24941
24945
25053
25062
25092
25110
25126
25192
25226
25237
25248
25249
25271
25293
25299
25316
25375
25376
25380
25391
25398
25452
25471
25480
25496
25527
25542
25565
25577
25578
25581
25586
25655
25705
25721
25722
25753
25756
25790
25805
25810
25817
25829
25862
25882
25911
25915
25922
25950
25977
26022
26048
26077
26078
26082
26090
26104
26120
26122
26123
26133
26163
26173
26225
26231
26233
26234
26235
26389
26422
26454
26456
26481
26488
26489
26491
26493
26494
26523
26528
26536
26541
26556
26559
26567
26604
26606
26652
26659
26666
26671
26680
26684
26685
26699
26707
26717
26722
26726
26742
26778
26780
26781
26803
26812
26813
26814
26820
26875
26891
26901
26903
26905
26907
26910
26926
26976
27020
27024
27043
27057
27062
27066
27086
27088
27092
27247
27293
27345
27367
27395
27400
27406
27454
27455
27504
27522
27535
27591
27601
27613
27615
27625
27642
27650
27654
27656
27666
27673
27689
27704
27741
27746
27802
27808
27814
27815
27824
27832
27841
27851
27899
27904
27935
27958
27982
27993
28003
28008
28053
28097
28129
28150
28182
28191
28201
28297
28312
28317
28361
28384
28385
28391
28407
28448
28451
28468
28483
28490
28515
28564
28579
28580
28585
28652
28667
28670
28671
28722
28724
28742
28747
28762
28774
28863
28881
28904
28939
28973
28997
29004
29029
29039
29083
29108
29114
29123
29124
29126
29150
29174
29190
29253
29257
29260
29296
29313
29338
29345
29390
29415
29417
29434
29465
29482
29488
29506
29576
29579
29629
29633
29634
29662
29663
29680
29683
29684
29788
29859
29868
29872
29884
29885
29915
30001
30033
30055
30076
30107
30131
30147
30187
30255
30257
30294
30313
30396
30446
30476
30495
30496
30529
30542
30556
30579
30622
30721
30726
30732
30804
30848
30863
30881
30911
30995
31016
31049
31071
31081
31097
31103
31106
31120
31143
31146
31159
31199
31210
31219
31223
31254
31255
31259
31292
31340
31349
31375
31378
31386
31388
31396
31397
31399
31405
31407
31437
31524
31581
31583
31591
31594
31691
31759
31771
31779
31781
31796
31842
31847
31854
31857
31860
31879
31883
31901
31965
31970
32012
32051
32081
32102
32103
32172
32174
32266
32279
32287
32302
32332
32337
32349
32357
32395
32431
32432
32471
32480
32488
32490
32593
32603
32618
32668
32712
32754
32791
32848
32863
32867
32935
32936
32963
32992
33083
33085
33163
33172
33182
33184
33207
33211
33254
33271
33296
33309
33339
33428
33436
33448
33471
33482
33550
33613
33712
33726
33732
33763
33822
33915
33937
33973
33992
34008
34028
34072
34173
34175
34199
34219
34237
34246
34251
34253
34261
34275
34287
34313
34316
34321
34340
34361
34362
34368
34447
34488
34553
34622
34623
34629
34634
34679
34681
34682
34701
34725
34745
34805
34818
34845
34877
34922
34944
34991
34994
35008
35038
35167
35170
35174
35175
35192
35227
35317
35318
35345
35351
35359
35362
35363
35364
35369
35396
35411
35445
35469
35631
35633
35645
35701
35708
35722
35753
35796
35797
35824
35834
35844
36029
36045
36081
36117
36153
36193
36199
36309
36341
36381
36388
36440
36460
36506
36519
36523
36616
36621
36630
36682
36862
37025
37038
37070
37071
37123
37161
37224
37271
37285
37300
37308
37331
37334
37370
37374
37376
37410
37413
37426
37442
37473
37482
37496
37526
37573
37585
37639
37664
37675
37709
37723
37724
37728
37759
37779
37878
38001
38029
38197
38208
38298
38340
38370
38378
38383
38405
38555
38559
38628
38666
38746
38750
38774
38789
38852
38979
39001
39057
39114
39123
39299
39302
39308
39357
39358
39490
39528
39644
39697
39751
39833
39909
39919
40036
40092
40113
40120
40137
40287
40305
40389
40928
