2
10
34
52
53
60
63
64
79
81
86
87
101
113
114
148
154
155
159
162
172
189
199
202
214
215
243
303
304
312
342
353
381
383
425
459
462
467
482
483
485
536
552
554
561
593
598
618
623
625
628
633
638
667
681
685
710
734
772
805
836
847
848
871
873
898
899
910
915
923
939
940
951
968
998
1010
1016
1063
1065
1070
1072
1086
1093
1101
1104
1115
1139
1147
1149
1237
1240
1301
1330
1340
1343
1384
1420
1461
1472
1508
1509
1530
1538
1561
1562
1563
1569
1575
1578
1589
1590
1600
1601
1613
1639
1653
1683
1690
1696
1702
1721
1740
1776
1790
1821
1839
1850
1907
1930
1943
1959
1960
1965
1970
1975
2065
2078
2079
2080
2088
2099
2107
2108
2120
2127
2146
2147
2156
2165
2168
2175
2185
2210
2221
2223
2271
2280
2306
2309
2310
2316
2319
2324
2327
2335
2336
2338
2376
2400
2447
2491
2493
2507
2511
2518
2519
2535
2536
2542
2548
2596
2600
2601
2614
2634
2669
2671
2740
2741
2776
2782
2784
2787
2825
2830
2878
2892
2905
2925
2929
2933
2954
2963
3025
3027
3035
3066
3067
3068
3080
3092
3131
3154
3158
3174
3177
3209
3213
3249
3252
3306
3327
3335
3337
3362
3386
3387
3390
3411
3428
3432
3459
3470
3494
3524
3553
3555
3556
3573
3579
3584
3615
3616
3627
3657
3659
3663
3678
3703
3718
3723
3751
3771
3776
3779
3787
3804
3844
3853
3862
3898
3899
3907
3912
3921
3950
3992
4003
4018
4067
4068
4077
4088
4111
4119
4133
4137
4143
4150
4171
4174
4213
4219
4255
4263
4291
4297
4317
4391
4411
4430
4434
4435
4459
4476
4494
4529
4540
4544
4573
4581
4598
4603
4612
4622
4623
4642
4653
4672
4687
4692
4702
4720
4755
4756
4758
4795
4804
4805
4905
4913
4972
4978
4982
4985
4987
4989
5005
5014
5015
5019
5020
5063
5085
5103
5111
5116
5120
5188
5202
5203
5214
5221
5254
5259
5317
5373
5381
5386
5409
5463
5514
5516
5518
5530
5537
5539
5553
5571
5610
5662
5701
5746
5755
5762
5786
5796
5797
5798
5827
5828
5829
5830
5867
5886
5918
5922
5923
5945
6016
6035
6046
6082
6093
6100
6114
6185
6237
6304
6322
6353
6368
6380
6397
6412
6413
6440
6460
6478
6505
6549
6581
6598
6620
6649
6650
6680
6702
6719
6731
6739
6743
6781
6796
6818
6822
6833
6848
6859
6925
6931
6936
6997
6999
7069
7096
7120
7209
7240
7262
7270
7271
7293
7298
7303
7322
7339
7371
7407
7415
7418
7427
7464
7490
7511
7521
7529
7544
7552
7554
7579
7635
7641
7654
7736
7737
7738
7765
7770
7780
7803
7814
7815
7830
7836
7852
7856
7892
7902
7927
7935
7950
7951
7953
7964
7965
7973
8000
8030
8035
8041
8052
8057
8062
8065
8067
8069
8115
8116
8159
8183
8196
8224
8225
8229
8230
8232
8233
8239
8253
8268
8269
8334
8392
8394
8417
8423
8432
8469
8515
8524
8525
8544
8547
8553
8557
8579
8596
8610
8612
8624
8626
8635
8660
8670
8682
8696
8720
8725
8734
8789
8790
8852
8873
8877
8880
8917
8922
8926
8927
8937
8944
8957
8959
8962
8971
9022
9024
9037
9038
9080
9098
9099
9128
9137
9143
9170
9172
9177
9178
9180
9183
9220
9233
9241
9243
9307
9320
9364
9365
9401
9405
9416
9442
9475
9477
9478
9514
9524
9535
9538
9563
9567
9576
9580
9584
9591
9609
9611
9660
9661
9676
9705
9713
9723
9777
9800
9803
9806
9853
9860
9873
9877
9890
9904
9926
9968
9986
10019
10021
10027
10053
10058
10071
10073
10074
10077
10086
10095
10119
10124
10126
10132
10133
10142
10172
10173
10174
10177
10189
10195
10198
10200
10227
10229
10235
10241
10267
10274
10275
10283
10288
10298
10309
10320
10330
10342
10350
10351
10353
10354
10362
10364
10384
10386
10416
10420
10424
10429
10435
10473
10474
10522
10559
10575
10592
10597
10623
10624
10625
10672
10748
10832
10870
10874
10876
10889
10898
10913
10934
10951
10952
10980
11006
11027
11046
11068
11070
11133
11167
11174
11177
11195
11201
11243
11257
11270
11274
11277
11279
11281
11302
11333
11348
11376
11425
11426
11431
11432
11489
11490
11548
11551
11556
11558
11565
11579
11581
11593
11594
11599
11625
11635
11703
11704
11714
11743
11749
11769
11805
11809
11872
11918
11919
11925
11944
11969
12005
12044
12089
12123
12173
12195
12196
12205
12207
12213
12215
12220
12247
12257
12284
12319
12338
12347
12351
12360
12391
12445
12455
12458
12467
12476
12478
12481
12482
12487
12499
12523
12549
12561
12664
12685
12696
12783
12809
12870
12899
12905
12928
12974
13028
13045
13057
13059
13074
13120
13126
13131
13136
13148
13149
13181
13238
13244
13245
13254
13274
13290
13300
13318
13384
13389
13392
13401
13454
13486
13497
13500
13502
13509
13521
13523
13528
13536
13548
13554
13565
13570
13582
13615
13617
13629
13630
13647
13659
13672
13676
13694
13726
13734
13739
13740
13746
13748
13757
13783
13800
13809
13813
13839
13847
13886
13893
13901
13946
13989
14014
14031
14038
14040
14047
14065
14099
14105
14109
14158
14164
14192
14194
14195
14196
14201
14222
14245
14248
14266
14268
14296
14333
14335
14350
14357
14360
14366
14409
14431
14438
14460
14461
14472
14481
14489
14490
14492
14521
14561
14562
14571
14582
14593
14606
14648
14656
14681
14717
14720
14730
14749
14786
14787
14795
14832
14867
14877
14896
14902
14906
14926
14950
14995
14996
15014
15035
15052
15058
15085
15112
15114
15178
15216
15229
15239
15250
15300
15309
15370
15372
15380
15392
15400
15401
15404
15415
15416
15429
15456
15496
15497
15516
15528
15537
15541
15543
15579
15600
15602
15605
15627
15657
15659
15668
15745
15755
15756
15772
15773
15787
15791
15807
15817
15843
15849
15868
15869
15889
15910
15932
15934
15937
15981
15987
16001
16006
16021
16087
16161
16191
16219
16224
16239
16291
16294
16299
16314
16327
16328
16331
16359
16364
16375
16386
16394
16426
16431
16447
16479
16511
16520
16542
16551
16591
16595
16596
16598
16601
16606
16612
16613
16614
16617
16618
16620
16628
16632
16655
16658
16677
16681
16720
16721
16759
16796
16797
16805
16815
16817
16827
16836
16875
16945
16958
16967
16971
17017
17031
17032
17035
17040
17043
17050
17051
17078
17083
17085
17086
17089
17131
17153
17159
17169
17206
17209
17216
17232
17247
17276
17287
17302
17310
17312
17339
17403
17409
17436
17511
17515
17528
17569
17571
17586
17597
17629
17641
17645
17646
17656
17658
17668
17717
17802
17843
17871
17904
17909
17910
17938
17972
17987
18005
18027
18046
18059
18062
18073
18077
18091
18092
18097
18104
18194
18215
18243
18289
18329
18342
18353
18354
18356
18360
18362
18378
18384
18387
18408
18480
18500
18631
18645
18653
18679
18680
18683
18715
18746
18751
18764
18778
18779
18781
18787
18807
18812
18821
18828
18845
18850
18869
18938
18958
18976
18978
18997
19000
19011
19033
19065
19070
19105
19111
19129
19136
19139
19146
19157
19183
19194
19198
19236
19242
19262
19285
19339
19365
19391
19394
19406
19424
19439
19478
19482
19509
19542
19564
19615
19659
19664
19711
19767
19843
19898
19910
19911
19949
19959
20014
20016
20084
20090
20093
20098
20115
20130
20191
20220
20240
20246
20272
20297
20303
20314
20325
20345
20377
20378
20383
20396
20422
20425
20456
20497
20536
20549
20588
20649
20651
20683
20688
20694
20695
20698
20700
20714
20721
20732
20744
20821
20823
20861
20863
20882
20893
20908
20909
20914
20916
20923
20930
20935
20953
20958
20962
20963
20992
20994
20995
20999
21025
21028
21054
21121
21149
21218
21219
21241
21242
21248
21274
21282
21315
21342
21351
21356
21404
21416
21433
21447
21454
21473
21480
21511
21536
21558
21561
21585
21634
21655
21694
21721
21741
21742
21763
21795
21804
21868
21874
21933
21975
22013
22030
22045
22047
22075
22081
22082
22089
22092
22210
22211
22300
22306
22313
22320
22334
22371
22380
22392
22405
22435
22444
22447
22448
22449
22504
22510
22523
22539
22560
22616
22625
22654
22657
22665
22668
22673
22694
22696
22703
22714
22774
22804
22807
22863
22895
22920
22929
22937
22948
22993
23020
23023
23036
23108
23112
23126
23127
23130
23170
23211
23232
23234
23260
23266
23273
23274
23285
23301
23302
23303
23313
23316
23317
23380
23383
23385
23387
23392
23403
23413
23415
23457
23465
23479
23481
23539
23547
23552
23626
23649
23653
23675
23715
23755
23756
23762
23769
23786
23799
23816
23826
23831
23834
23911
23934
23945
23946
23949
23964
23971
24009
24023
24070
24144
24173
24197
24205
24223
24252
24292
24330
24372
24384
24395
24424
24428
24442
24457
24458
24462
24473
24511
24525
24530
24543
24554
24587
24609
24610
24668
24669
24695
24738
24797
24823
24825
24839
24854
24907
24940
24943
24956
24959
25002
25023
25045
25058
25093
25115
25120
25126
25137
25147
25192
25195
25202
25235
25248
25251
25262
25271
25293
25298
25316
25323
25325
25390
25393
25420
25465
25466
25471
25491
25539
25565
25570
25658
25684
25728
25729
25734
25736
25757
25782
25798
25802
25806
25807
25852
25859
25871
25904
25915
25919
25922
25923
25938
26006
26022
26030
26048
26078
26090
26110
26133
26155
26212
26231
26235
26298
26302
26314
26369
26386
26429
26432
26444
26446
26476
26481
26482
26486
26490
26492
26493
26520
26527
26536
26541
26548
26550
26646
26665
26666
26671
26675
26689
26707
26742
26755
26765
26779
26780
26812
26813
26814
26828
26837
26894
26911
26912
26949
26976
26980
27007
27017
27024
27048
27052
27064
27086
27151
27233
27247
27261
27324
27364
27387
27395
27404
27413
27437
27443
27447
27454
27466
27522
27560
27587
27591
27608
27619
27625
27651
27662
27666
27670
27681
27683
27696
27734
27763
27766
27802
27805
27830
27845
27846
27851
27852
27869
27874
27876
27877
27888
27918
27932
27997
28002
28022
28030
28032
28048
28069
28109
28127
28129
28140
28143
28150
28158
28185
28201
28257
28273
28297
28307
28312
28347
28349
28370
28442
28451
28465
28515
28564
28573
28574
28593
28657
28671
28698
28712
28732
28755
28757
28762
28810
28826
28827
28904
28934
28936
28937
28965
28985
29006
29020
29044
29066
29114
29128
29168
29170
29176
29190
29198
29221
29236
29244
29275
29280
29291
29296
29338
29340
29345
29374
29390
29393
29400
29417
29487
29495
29541
29543
29551
29552
29573
29576
29625
29629
29633
29637
29647
29654
29658
29671
29683
29704
29737
29791
29859
29872
29885
29967
29992
30010
30033
30063
30075
30115
30154
30157
30183
30213
30281
30287
30365
30414
30477
30489
30529
30595
30630
30631
30632
30688
30709
30732
30782
30835
30858
30901
30924
30937
31047
31049
31107
31136
31146
31147
31149
31152
31168
31179
31219
31223
31224
31247
31340
31348
31349
31375
31378
31402
31458
31533
31581
31586
31594
31642
31648
31673
31675
31715
31785
31794
31812
31814
31820
31833
31854
31873
31920
31943
31994
32012
32041
32058
32079
32102
32154
32155
32176
32180
32201
32219
32235
32236
32243
32275
32282
32284
32285
32302
32306
32310
32364
32391
32453
32457
32460
32472
32480
32488
32489
32527
32593
32596
32603
32637
32646
32663
32697
32703
32706
32710
32724
32730
32754
32817
32843
32849
32851
32865
32943
32966
33083
33122
33159
33184
33210
33212
33214
33254
33268
33296
33314
33347
33364
33365
33405
33453
33490
33493
33551
33556
33670
33762
33763
33785
33836
33847
33883
33901
33920
33921
33928
33936
33946
33966
33973
33993
34001
34005
34020
34087
34104
34162
34165
34222
34235
34237
34246
34250
34253
34290
34304
34321
34334
34335
34437
34585
34590
34622
34662
34681
34684
34700
34707
34715
34717
34741
34751
34789
34820
34834
34845
34854
34862
34953
34958
34989
34991
34993
35003
35009
35011
35029
35031
35038
35086
35117
35119
35125
35129
35155
35156
35161
35167
35169
35174
35175
35179
35261
35315
35318
35319
35321
35325
35348
35362
35364
35369
35398
35399
35460
35469
35484
35488
35516
35545
35571
35645
35674
35693
35707
35722
35768
35773
35788
35797
35834
35912
35979
35991
36003
36029
36140
36169
36178
36181
36228
36266
36267
36377
36389
36416
36440
36481
36504
36505
36506
36567
36583
36670
36681
36795
36891
36926
36940
37001
37038
37084
37123
37150
37285
37324
37331
37376
37408
37473
37496
37513
37556
37580
37585
37658
37757
37800
37876
37878
37910
37932
37953
37970
38016
38029
38109
38113
38192
38222
38291
38316
38326
38351
38359
38405
38559
38603
38606
38629
38666
38775
38816
38878
38901
38979
39006
39215
39314
39349
39386
39498
39583
39590
39827
39885
39902
40030
40108
40113
40181
40210
40235
40389
40439
40588
