2
9
12
22
34
35
52
53
58
59
61
82
102
113
114
118
123
136
155
161
188
201
244
382
383
386
432
453
467
472
482
483
500
540
541
550
552
554
561
577
582
596
606
615
617
640
648
652
702
710
756
773
817
836
837
840
848
914
917
921
923
933
938
945
997
1003
1016
1064
1072
1073
1085
1095
1096
1138
1139
1169
1180
1238
1294
1308
1309
1323
1324
1343
1344
1393
1421
1444
1452
1472
1508
1512
1552
1560
1565
1573
1576
1577
1578
1584
1596
1597
1599
1602
1626
1639
1679
1685
1689
1720
1750
1761
1776
1789
1804
1813
1827
1841
1888
1906
1908
1928
1944
1959
1966
1970
1994
2008
2037
2048
2088
2089
2099
2100
2104
2105
2107
2113
2127
2145
2146
2156
2165
2185
2203
2212
2217
2227
2248
2278
2281
2282
2285
2304
2311
2313
2314
2325
2330
2358
2368
2370
2376
2400
2441
2442
2493
2503
2508
2548
2597
2598
2600
2616
2619
2633
2669
2716
2721
2738
2776
2782
2799
2806
2817
2826
2839
2875
2884
2918
2930
2934
2952
2965
2971
2984
2990
3006
3033
3053
3071
3109
3112
3118
3173
3199
3209
3212
3249
3251
3283
3287
3291
3318
3335
3337
3346
3391
3410
3428
3429
3434
3454
3456
3472
3474
3508
3519
3529
3547
3555
3556
3573
3574
3582
3584
3623
3627
3633
3657
3682
3708
3712
3717
3735
3772
3775
3796
3804
3833
3853
3858
3862
3897
3898
3913
3914
3921
3942
4052
4072
4074
4088
4101
4111
4113
4118
4123
4127
4133
4135
4143
4177
4196
4201
4202
4207
4218
4254
4255
4258
4259
4262
4355
4419
4423
4441
4459
4460
4468
4475
4476
4507
4537
4571
4573
4594
4596
4611
4623
4642
4649
4679
4680
4686
4701
4708
4719
4720
4731
4733
4755
4773
4778
4795
4803
4824
4833
4838
4853
4854
4858
4859
4867
4872
4878
4883
4895
4896
4905
4978
4983
4989
4991
4997
4999
5010
5013
5020
5076
5092
5104
5105
5115
5116
5119
5144
5160
5180
5203
5204
5227
5231
5240
5249
5258
5267
5269
5274
5285
5317
5318
5322
5338
5354
5382
5388
5409
5443
5444
5481
5530
5534
5573
5588
5589
5594
5595
5598
5680
5687
5705
5711
5722
5723
5736
5745
5761
5765
5786
5796
5813
5814
5827
5854
5855
5863
5879
5880
5883
5918
5923
5936
5939
5952
5987
5988
5989
5994
6004
6026
6035
6038
6040
6047
6056
6079
6099
6121
6135
6178
6185
6236
6241
6245
6299
6319
6325
6352
6377
6390
6393
6395
6396
6407
6418
6422
6459
6460
6477
6479
6505
6525
6533
6550
6573
6584
6631
6635
6648
6654
6679
6701
6706
6707
6726
6731
6732
6776
6787
6795
6811
6813
6854
6859
7128
7212
7224
7246
7269
7270
7320
7326
7382
7394
7399
7400
7401
7407
7412
7413
7419
7449
7476
7477
7481
7506
7515
7528
7539
7551
7579
7637
7638
7676
7688
7691
7707
7736
7765
7767
7770
7814
7820
7870
7892
7898
7922
7934
7978
8000
8001
8036
8041
8042
8057
8062
8065
8069
8081
8153
8176
8177
8184
8195
8214
8230
8278
8279
8280
8323
8334
8357
8362
8367
8395
8399
8423
8426
8431
8480
8484
8513
8515
8557
8558
8577
8579
8590
8624
8630
8635
8661
8697
8790
8876
8877
8887
8918
8926
8937
8947
8956
8957
8962
8970
8986
9033
9072
9073
9098
9113
9128
9136
9170
9176
9184
9190
9192
9194
9197
9230
9252
9267
9307
9309
9312
9361
9368
9413
9424
9430
9434
9440
9443
9450
9452
9476
9478
9524
9531
9532
9538
9555
9564
9582
9587
9588
9602
9609
9629
9656
9659
9661
9676
9689
9702
9717
9724
9733
9741
9747
9748
9793
9803
9832
9834
9864
9877
9883
9888
9889
9890
9891
9893
9905
9908
9927
9955
9986
10008
10009
10010
10054
10074
10075
10093
10094
10099
10106
10121
10129
10131
10134
10142
10148
10150
10172
10178
10180
10196
10197
10201
10221
10234
10235
10237
10241
10258
10271
10273
10278
10291
10309
10311
10352
10356
10360
10361
10363
10368
10416
10419
10437
10449
10469
10471
10518
10523
10525
10532
10538
10539
10559
10589
10651
10666
10671
10703
10736
10741
10743
10826
10832
10854
10870
10874
10876
10896
10913
10951
10952
10980
10984
11006
11040
11041
11063
11065
11078
11080
11086
11107
11124
11126
11156
11165
11170
11200
11215
11216
11225
11258
11270
11276
11280
11328
11333
11347
11348
11403
11429
11431
11432
11437
11449
11489
11490
11495
11532
11551
11557
11558
11565
11578
11579
11589
11593
11595
11618
11619
11634
11714
11743
11749
11803
11809
11873
11920
11962
11963
11989
12006
12044
12046
12065
12078
12116
12117
12175
12213
12220
12243
12268
12310
12349
12360
12369
12383
12387
12390
12392
12445
12446
12458
12464
12475
12487
12504
12554
12562
12575
12617
12631
12651
12660
12663
12664
12694
12716
12728
12741
12781
12783
12784
12800
12814
12815
12861
12908
12914
12918
12928
12936
13030
13045
13057
13126
13150
13153
13199
13208
13225
13237
13268
13274
13293
13294
13297
13318
13366
13384
13388
13392
13409
13410
13421
13425
13448
13454
13469
13481
13488
13498
13509
13529
13548
13554
13558
13564
13566
13570
13572
13575
13581
13582
13591
13603
13626
13640
13658
13721
13732
13734
13744
13783
13813
13820
13822
13839
13852
13886
13908
13946
13955
13972
14028
14040
14047
14050
14071
14089
14106
14110
14130
14158
14194
14196
14202
14219
14222
14228
14230
14239
14245
14296
14315
14331
14333
14338
14350
14358
14359
14416
14417
14459
14468
14489
14500
14501
14512
14521
14535
14539
14570
14572
14589
14593
14639
14652
14694
14713
14720
14752
14775
14832
14867
14879
14925
14926
14930
14944
14951
14962
14977
14991
15015
15016
15018
15020
15034
15050
15060
15063
15066
15100
15189
15224
15225
15233
15239
15242
15244
15253
15306
15325
15331
15338
15363
15370
15371
15372
15373
15392
15399
15400
15404
15416
15429
15444
15517
15518
15538
15579
15600
15601
15602
15603
15662
15681
15701
15703
15756
15757
15791
15804
15821
15849
15908
15915
15928
15930
15981
15991
16001
16033
16082
16087
16091
16106
16109
16112
16191
16208
16220
16223
16228
16238
16246
16291
16299
16301
16316
16319
16320
16328
16331
16359
16403
16410
16418
16422
16426
16431
16447
16459
16460
16599
16608
16610
16611
16614
16642
16677
16681
16710
16731
16748
16760
16858
16934
16951
16953
16973
16977
17018
17029
17032
17043
17049
17068
17075
17082
17101
17130
17149
17151
17157
17160
17177
17185
17197
17209
17215
17247
17304
17309
17316
17330
17331
17340
17403
17427
17430
17535
17543
17553
17568
17571
17580
17594
17622
17630
17635
17636
17642
17700
17704
17750
17755
17761
17782
17786
17811
17816
17843
17851
17871
17880
17881
17884
17887
17910
17912
17941
17951
17987
17990
17999
18004
18005
18027
18046
18058
18140
18165
18177
18188
18196
18212
18243
18254
18309
18350
18357
18359
18361
18362
18363
18365
18369
18371
18372
18375
18377
18378
18382
18383
18385
18466
18500
18501
18592
18606
18626
18638
18646
18662
18663
18683
18740
18748
18766
18781
18851
19025
19062
19128
19129
19138
19143
19167
19199
19236
19244
19248
19259
19275
19276
19277
19299
19309
19311
19344
19358
19393
19397
19413
19414
19426
19437
19462
19478
19487
19557
19576
19608
19615
19670
19676
19688
19763
19764
19766
19770
19776
19785
19818
19836
19921
19956
19992
20035
20037
20059
20060
20110
20128
20147
20181
20191
20224
20228
20265
20270
20309
20312
20318
20322
20323
20347
20357
20358
20368
20428
20444
20456
20480
20489
20493
20536
20544
20548
20569
20572
20669
20675
20695
20700
20707
20712
20718
20720
20721
20724
20749
20823
20843
20850
20856
20870
20871
20889
20890
20891
20895
20905
20910
20938
20946
20949
20953
20956
21001
21016
21032
21035
21053
21054
21113
21121
21140
21141
21155
21172
21228
21235
21241
21242
21248
21301
21359
21360
21366
21379
21390
21403
21404
21462
21464
21467
21473
21525
21557
21558
21561
21570
21574
21585
21587
21597
21606
21694
21714
21736
21741
21742
21761
21762
21800
21840
21889
21979
22031
22036
22039
22044
22081
22119
22120
22143
22173
22213
22233
22291
22323
22334
22371
22380
22385
22390
22393
22398
22443
22449
22495
22599
22608
22634
22656
22663
22668
22670
22677
22685
22702
22703
22715
22732
22733
22757
22758
22770
22799
22840
22859
22886
22895
22911
22920
22984
22993
23005
23019
23036
23039
23052
23055
23099
23118
23121
23134
23147
23172
23209
23230
23251
23275
23276
23288
23291
23296
23311
23315
23316
23323
23327
23353
23387
23403
23424
23463
23479
23487
23488
23508
23519
23525
23535
23556
23569
23590
23612
23646
23647
23649
23653
23670
23690
23699
23700
23708
23752
23756
23786
23809
23811
23831
23854
23873
23946
23949
23978
24118
24149
24173
24186
24196
24236
24322
24323
24326
24349
24352
24371
24372
24396
24420
24424
24462
24466
24498
24501
24522
24529
24530
24532
24580
24590
24591
24613
24618
24686
24695
24722
24791
24828
24943
24973
24989
25041
25058
25069
25073
25092
25111
25126
25127
25131
25137
25142
25195
25202
25209
25238
25249
25293
25320
25358
25363
25428
25462
25471
25491
25496
25500
25530
25575
25613
25617
25663
25676
25701
25729
25757
25801
25805
25810
25817
25832
25885
25916
25923
25950
25989
26019
26022
26048
26082
26143
26163
26173
26191
26212
26234
26235
26276
26278
26281
26282
26314
26322
26350
26381
26384
26413
26422
26454
26469
26476
26480
26491
26493
26548
26604
26622
26634
26640
26646
26652
26658
26659
26665
26680
26681
26689
26699
26707
26708
26722
26741
26771
26779
26780
26809
26812
26813
26816
26828
26882
26895
26905
26912
26934
27023
27026
27043
27091
27123
27180
27221
27253
27273
27304
27324
27349
27400
27404
27413
27443
27454
27466
27474
27508
27537
27601
27615
27642
27647
27656
27659
27689
27703
27711
27728
27759
27763
27776
27808
27812
27813
27846
27851
27869
27875
27882
27884
27886
27888
27908
27930
27932
27933
27955
27982
27986
27991
28016
28022
28023
28030
28053
28097
28109
28129
28138
28139
28140
28141
28142
28143
28147
28150
28151
28158
28176
28182
28230
28231
28234
28273
28287
28288
28296
28312
28340
28349
28407
28443
28445
28446
28471
28476
28489
28499
28523
28582
28585
28618
28658
28670
28690
28699
28712
28748
28755
28785
28793
28813
28850
28865
28949
28973
29019
29021
29023
29065
29083
29174
29190
29237
29244
29254
29273
29274
29345
29353
29400
29417
29418
29420
29428
29473
29487
29492
29528
29558
29570
29573
29579
29608
29633
29634
29635
29654
29663
29680
29681
29682
29749
29784
29788
29789
29790
29837
29869
29872
29892
29907
29912
29915
29919
29968
30000
30007
30035
30067
30073
30096
30107
30115
30151
30154
30283
30300
30321
30353
30430
30472
30475
30477
30537
30538
30568
30630
30632
30651
30652
30709
30782
30791
30835
30886
30901
30937
30948
30995
31028
31068
31080
31115
31120
31159
31171
31203
31210
31223
31249
31255
31258
31259
31282
31292
31366
31375
31386
31389
31402
31437
31476
31523
31561
31569
31591
31638
31644
31655
31673
31725
31771
31779
31781
31796
31812
31817
31820
31828
31833
31842
31854
31860
31873
31930
31994
32048
32051
32066
32103
32160
32162
32222
32230
32263
32275
32284
32287
32301
32337
32431
32456
32460
32490
32527
32668
32678
32687
32702
32710
32725
32729
32816
32835
32849
32952
32954
32955
32966
32979
33118
33163
33185
33210
33245
33268
33313
33347
33350
33453
33471
33513
33534
33556
33648
33710
33762
33785
33799
33805
33829
33836
33883
33915
33937
33950
33960
34005
34021
34087
34091
34095
34098
34142
34162
34165
34199
34208
34235
34251
34281
34290
34304
34313
34340
34362
34434
34449
34584
34622
34629
34682
34684
34701
34707
34715
34717
34730
34789
34834
34840
34845
34854
34863
34944
34953
34957
34994
34995
35002
35083
35086
35089
35098
35129
35156
35163
35169
35174
35179
35316
35319
35343
35345
35352
35354
35399
35444
35460
35490
35536
35539
35612
35633
35645
35693
35756
35765
35781
35783
35785
35814
35824
36034
36057
36140
36191
36193
36228
36272
36327
36389
36460
36501
36548
36556
36571
36583
36620
36621
36733
36795
36846
36882
36900
36926
37001
37021
37025
37083
37161
37194
37226
37234
37242
37285
37370
37408
37410
37461
37490
37505
37520
37550
37631
37639
37641
37664
37666
37674
37680
37701
37709
37728
37878
37910
37932
38054
38169
38187
38249
38326
38340
38381
38383
38431
38495
38751
38775
38816
38852
38997
39010
39024
39101
39217
39252
39270
39299
39322
39339
39358
39386
39470
39501
39590
39827
39926
40018
40182
40184
40235
40305
40439
40496
40672
40702
40788
40902
40927
