2
9
17
53
93
112
114
115
126
130
131
168
169
188
213
226
242
243
255
269
276
306
313
318
332
378
379
384
396
434
435
476
488
503
515
554
572
591
598
610
617
619
640
660
662
666
667
671
679
685
691
732
752
783
786
820
821
836
859
870
892
914
915
919
924
944
981
986
1008
1016
1019
1026
1051
1058
1067
1130
1165
1176
1185
1210
1231
1252
1288
1325
1391
1403
1415
1430
1442
1443
1457
1464
1465
1471
1483
1494
1495
1502
1525
1535
1555
1586
1589
1606
1607
1615
1617
1620
1635
1662
1688
1690
1720
1725
1739
1769
1772
1793
1795
1804
1808
1811
1841
1860
1862
1874
1898
1903
1954
1987
1994
1998
2042
2069
2086
2092
2132
2162
2163
2176
2202
2205
2220
2221
2232
2233
2234
2270
2271
2275
2298
2339
2343
2354
2361
2386
2420
2437
2446
2473
2499
2504
2513
2514
2517
2532
2552
2562
2587
2614
2615
2649
2700
2714
2721
2723
2738
2785
2811
2817
2823
2829
2858
2886
2887
2917
2918
2922
2930
2941
2946
2947
2956
2970
2993
3008
3016
3020
3028
3058
3060
3066
3091
3101
3108
3112
3136
3159
3161
3182
3189
3205
3206
3208
3210
3226
3238
3281
3282
3313
3318
3329
3354
3370
3376
3379
3380
3394
3407
3421
3489
3499
3505
3508
3512
3524
3525
3536
3537
3550
3566
3587
3616
3623
3664
3669
3686
3687
3702
3733
3749
3809
3813
3828
3904
3911
3927
3930
3977
3978
4003
4004
4005
4022
4052
4069
4083
4085
4098
4101
4111
4133
4156
4178
4180
4181
4182
4190
4210
4266
4278
4329
4337
4358
4392
4409
4411
4440
4441
4443
4446
4447
4448
4454
4500
4505
4508
4554
4556
4558
4559
4598
4602
4609
4613
4627
4655
4710
4724
4731
4752
4771
4790
4799
4801
4807
4824
4828
4829
4865
4870
4878
4909
4910
4943
4958
4960
4973
4981
4982
5001
5016
5020
5043
5062
5066
5147
5149
5166
5241
5292
5312
5313
5357
5372
5386
5391
5432
5491
5524
5534
5535
5536
5541
5542
5612
5676
5677
5713
5724
5735
5742
5762
5811
5818
5858
5879
5892
5903
5928
5958
5966
5967
6010
6054
6115
6134
6136
6142
6157
6162
6163
6170
6193
6241
6253
6254
6257
6261
6265
6266
6267
6347
6348
6374
6382
6384
6422
6468
6474
6479
6484
6485
6494
6543
6558
6566
6607
6642
6662
6664
6674
6678
6701
6746
6747
6779
6787
6789
6792
6796
6833
6839
6892
6893
6926
6929
7056
7089
7118
7134
7152
7161
7163
7214
7262
7266
7283
7290
7291
7295
7296
7305
7323
7347
7355
7361
7363
7377
7378
7384
7389
7401
7424
7436
7441
7452
7471
7523
7524
7533
7539
7551
7554
7557
7592
7614
7625
7627
7632
7638
7648
7684
7686
7742
7765
7783
7803
7805
7831
7861
7892
7918
7943
7944
7952
7955
7996
8003
8095
8105
8144
8165
8167
8205
8232
8237
8238
8260
8309
8311
8347
8366
8398
8403
8416
8431
8451
8467
8468
8475
8497
8498
8505
8520
8554
8583
8595
8632
8633
8640
8658
8671
8674
8677
8713
8725
8739
8768
8769
8770
8774
8786
8824
8838
8847
8857
8901
8940
8947
8948
8979
9006
9036
9052
9053
9055
9122
9157
9168
9198
9215
9224
9259
9291
9295
9333
9341
9361
9362
9373
9410
9438
9455
9470
9491
9496
9498
9514
9515
9540
9566
9596
9609
9610
9696
9703
9705
9716
9728
9729
9854
9865
9904
9908
9913
9935
9937
9988
9997
9999
10017
10035
10044
10049
10057
10062
10070
10071
10110
10128
10148
10151
10152
10162
10176
10186
10199
10200
10281
10282
10302
10353
10393
10421
10435
10474
10500
10536
10538
10539
10553
10610
10626
10642
10711
10770
10781
10785
10786
10796
10811
10816
10837
10847
10881
10896
10953
10962
10963
10974
10982
11038
11046
11076
11091
11096
11141
11142
11156
11167
11180
11196
11197
11200
11224
11235
11237
11238
11247
11252
11254
11275
11312
11314
11323
11340
11355
11370
11384
11395
11404
11412
11423
11432
11440
11450
11463
11483
11488
11581
11585
11588
11600
11611
11613
11626
11644
11668
11673
11701
11705
11720
11737
11794
11796
11804
11815
11827
11856
11877
11890
11892
11914
11968
11972
11982
12010
12026
12035
12054
12076
12077
12081
12085
12147
12154
12168
12180
12226
12232
12239
12241
12254
12283
12290
12302
12307
12350
12351
12372
12374
12375
12376
12377
12380
12416
12432
12472
12485
12486
12510
12522
12545
12580
12604
12626
12629
12630
12641
12647
12669
12714
12732
12741
12745
12765
12776
12840
12841
12862
12865
12881
12911
12915
12926
12941
12942
12967
12968
12993
12998
13007
13039
13054
13058
13064
13091
13092
13132
13136
13151
13159
13160
13164
13177
13222
13224
13234
13297
13350
13362
13382
13416
13418
13426
13436
13451
13455
13458
13471
13481
13485
13487
13513
13518
13540
13606
13609
13619
13634
13635
13648
13674
13696
13702
13751
13782
13810
13820
13836
13855
13890
13895
13898
13902
13907
13942
13943
13978
14005
14006
14009
14068
14081
14082
14086
14186
14209
14303
14351
14377
14397
14415
14421
14442
14453
14481
14491
14503
14505
14512
14522
14524
14555
14610
14612
14652
14769
14785
14814
14816
14846
14852
14871
14882
14899
14915
14972
14977
14980
15033
15038
15043
15044
15047
15056
15063
15097
15119
15180
15232
15249
15268
15275
15290
15298
15315
15351
15368
15371
15380
15398
15451
15461
15487
15490
15521
15560
15569
15570
15576
15586
15613
15624
15625
15712
15723
15745
15780
15833
15834
15847
15869
15885
15921
15950
15978
15994
16016
16051
16119
16144
16222
16253
16273
16279
16296
16344
16389
16390
16401
16419
16427
16447
16450
16454
16484
16491
16492
16539
16554
16582
16633
16647
16684
16687
16735
16757
16800
16826
16846
16852
16853
16865
16866
16875
16891
16916
16945
16958
16959
16969
16978
16994
17003
17040
17059
17075
17086
17100
17131
17138
17196
17216
17306
17325
17336
17344
17347
17399
17408
17420
17471
17479
17481
17486
17519
17525
17552
17617
17620
17697
17712
17716
17898
17902
17904
17945
17959
17962
17998
18011
18033
18036
18088
18107
18109
18113
18117
18124
18165
18241
18242
18285
18296
18363
18393
18394
18451
18456
18485
18533
18536
18541
18542
18546
18573
18608
18624
18632
18636
18658
18808
18814
18860
18875
18879
18899
18933
18938
18941
18988
19007
19013
19029
19030
19094
19126
19133
19135
19149
19151
19154
19155
19209
19229
19242
19249
19256
19259
19325
19337
19371
19374
19419
19461
19471
19478
19535
19538
19552
19553
19592
19594
19621
19624
19641
19646
19663
19672
19721
19743
19745
19776
19779
19788
19796
19818
19829
19832
19869
19874
19892
19910
19913
19945
19951
19962
20008
20016
20020
20057
20092
20094
20128
20140
20143
20155
20160
20179
20198
20206
20211
20237
20243
20266
20267
20272
20280
20303
20310
20327
20328
20330
20357
20409
20416
20444
20484
20491
20534
20665
20749
20925
20942
20990
21029
21050
21051
21062
21071
21077
21129
21133
21135
21140
21211
21212
21260
21261
21272
21296
21299
21321
21322
21366
21401
21471
21476
21503
21517
21519
21586
21610
21614
21621
21624
21647
21649
21681
21693
21706
21726
21730
21736
21744
21778
21779
21784
21806
21835
21841
21877
21889
21919
21956
22018
22046
22075
22095
22121
22142
22167
22174
22207
22209
22238
22252
22255
22261
22270
22288
22294
22313
22320
22345
22370
22372
22404
22494
22497
22547
22631
22639
22644
22704
22740
22756
22792
22812
22817
22933
23053
23083
23245
23253
23259
23264
23281
23288
23305
23368
23374
23432
23480
23571
23572
23611
23670
23742
23749
23758
23766
23803
23815
23855
23856
23860
23873
23875
23920
23930
23957
24006
24014
24015
24056
24086
24120
24162
24278
24341
24350
24381
24577
24628
24630
24640
24700
24716
24721
24740
24882
24892
24930
24944
24984
25072
25077
25083
25091
25124
25177
25196
25199
25219
25268
25286
25304
25310
25326
25353
25355
25387
25413
25426
25430
25605
25660
25671
25677
25711
25940
25978
26082
26117
26156
26187
