6
9
10
53
54
64
86
92
93
100
122
124
130
143
168
188
189
210
214
244
282
314
318
353
364
365
394
395
433
454
476
479
503
576
589
617
625
661
667
691
728
729
734
735
739
807
823
836
879
890
895
897
919
924
942
943
954
980
981
1027
1058
1078
1127
1147
1150
1155
1176
1217
1230
1277
1321
1322
1391
1422
1443
1448
1455
1470
1483
1494
1495
1514
1525
1537
1569
1570
1573
1586
1589
1596
1597
1616
1623
1634
1666
1685
1691
1692
1709
1751
1790
1794
1804
1829
1840
1841
1855
1860
1866
1892
1912
1996
2008
2009
2027
2059
2079
2097
2101
2116
2126
2138
2161
2163
2165
2171
2176
2192
2201
2215
2225
2233
2252
2267
2270
2274
2298
2343
2348
2364
2380
2386
2420
2445
2473
2474
2503
2505
2515
2532
2535
2563
2567
2606
2657
2684
2714
2729
2737
2750
2754
2761
2809
2812
2823
2858
2859
2887
2920
2927
2929
2941
2942
2956
2980
2989
2993
3016
3019
3020
3058
3107
3108
3111
3209
3230
3261
3282
3286
3304
3313
3342
3355
3356
3364
3365
3376
3377
3418
3423
3424
3440
3453
3471
3490
3493
3494
3508
3523
3554
3573
3586
3606
3623
3624
3638
3646
3652
3656
3700
3714
3722
3749
3762
3805
3806
3809
3813
3821
3867
3868
3871
3927
3977
3985
3992
3993
3996
4002
4011
4023
4032
4047
4048
4053
4083
4096
4097
4099
4106
4111
4133
4156
4170
4175
4177
4178
4185
4190
4206
4211
4236
4264
4267
4366
4371
4386
4396
4399
4409
4441
4482
4504
4508
4518
4558
4559
4566
4593
4613
4620
4622
4626
4627
4630
4636
4639
4651
4690
4717
4718
4752
4756
4790
4804
4807
4824
4850
4869
4870
4909
4927
4933
4941
4948
4957
4967
4982
4986
4992
5015
5018
5020
5043
5060
5063
5065
5069
5094
5146
5147
5155
5165
5191
5201
5239
5312
5344
5386
5391
5412
5413
5451
5453
5461
5473
5486
5487
5518
5533
5543
5571
5578
5601
5613
5634
5650
5677
5696
5698
5700
5716
5724
5740
5758
5762
5772
5804
5812
5819
5858
5879
5889
5892
5899
5901
5906
5908
5947
5951
5958
5961
5967
6010
6069
6100
6150
6162
6166
6170
6183
6193
6206
6216
6242
6248
6257
6315
6317
6351
6353
6354
6384
6411
6451
6452
6467
6509
6558
6588
6662
6790
6795
6796
6808
6817
6890
6907
6931
6942
6962
7009
7026
7029
7043
7044
7057
7060
7098
7116
7118
7121
7132
7133
7151
7157
7207
7215
7240
7249
7255
7261
7262
7266
7276
7283
7318
7333
7346
7373
7378
7385
7401
7406
7447
7495
7512
7524
7533
7556
7615
7616
7620
7625
7646
7648
7651
7664
7684
7712
7741
7766
7779
7790
7796
7797
7801
7805
7813
7816
7830
7834
7869
7920
7937
7952
7955
7989
7996
8039
8046
8059
8075
8078
8084
8127
8131
8144
8165
8166
8168
8179
8193
8194
8204
8238
8274
8299
8303
8306
8309
8389
8411
8438
8457
8461
8497
8500
8507
8511
8565
8633
8639
8658
8667
8670
8673
8677
8739
8762
8774
8782
8785
8790
8803
8824
8825
8857
8858
8871
8872
8901
8920
8947
8992
9006
9009
9011
9013
9040
9049
9054
9089
9090
9093
9099
9102
9104
9139
9156
9170
9184
9198
9202
9291
9297
9333
9373
9381
9383
9392
9399
9455
9469
9471
9496
9499
9529
9564
9575
9594
9622
9647
9648
9679
9694
9697
9702
9705
9706
9729
9734
9749
9750
9771
9773
9854
9866
9875
9890
9891
9913
9937
9951
9954
9964
9966
9983
9998
10019
10031
10035
10049
10062
10073
10109
10110
10144
10146
10150
10152
10167
10175
10186
10191
10192
10193
10199
10200
10213
10262
10274
10281
10312
10334
10336
10350
10388
10435
10474
10505
10510
10529
10554
10586
10593
10610
10672
10759
10765
10769
10796
10797
10816
10880
10896
10924
10963
10965
10973
11038
11096
11136
11142
11175
11176
11235
11237
11247
11256
11302
11311
11322
11351
11352
11355
11362
11383
11392
11395
11396
11404
11433
11446
11450
11458
11463
11487
11502
11503
11506
11508
11513
11523
11567
11585
11602
11611
11613
11644
11669
11671
11779
11856
11904
11958
11961
11964
11981
11990
12002
12012
12027
12029
12058
12076
12085
12086
12095
12129
12130
12148
12153
12154
12166
12186
12200
12219
12221
12224
12232
12241
12242
12265
12289
12303
12313
12324
12350
12359
12373
12384
12385
12387
12388
12391
12410
12443
12467
12472
12486
12490
12491
12504
12510
12538
12573
12611
12640
12644
12645
12662
12668
12700
12732
12745
12765
12778
12812
12858
12862
12992
12994
13006
13035
13050
13058
13060
13081
13091
13092
13093
13123
13132
13145
13146
13160
13170
13201
13205
13219
13221
13223
13224
13254
13262
13279
13300
13325
13338
13383
13390
13396
13404
13429
13485
13508
13513
13519
13580
13606
13642
13648
13686
13699
13702
13724
13746
13754
13788
13790
13815
13819
13845
13889
13914
13918
13942
13970
14006
14009
14059
14060
14062
14073
14081
14083
14147
14186
14194
14213
14214
14216
14249
14267
14268
14283
14370
14376
14397
14403
14412
14417
14421
14444
14448
14453
14464
14470
14481
14495
14500
14505
14540
14545
14552
14555
14645
14684
14814
14820
14863
14899
14935
14977
14980
15004
15028
15029
15038
15064
15078
15083
15097
15103
15119
15159
15180
15193
15218
15221
15242
15246
15249
15259
15282
15290
15299
15324
15337
15351
15370
15408
15421
15440
15451
15482
15490
15522
15535
15542
15555
15636
15652
15723
15744
15752
15777
15790
15801
15802
15825
15834
15846
15847
15869
15882
15885
15918
15921
15942
15985
15987
15999
16110
16188
16256
16273
16337
16347
16359
16361
16370
16397
16415
16420
16447
16448
16454
16471
16483
16514
16582
16593
16617
16620
16628
16641
16704
16757
16808
16812
16817
16835
16839
16854
16875
16935
16957
16978
17081
17099
17131
17143
17159
17165
17166
17169
17183
17196
17292
17306
17318
17331
17342
17348
17384
17399
17422
17423
17429
17442
17464
17470
17479
17480
17481
17486
17498
17519
17532
17533
17552
17556
17558
17559
17560
17603
17604
17611
17618
17644
17697
17713
17716
17744
17745
17773
17800
17865
17874
17877
17916
17924
18011
18026
18044
18050
18052
18057
18070
18081
18130
18189
18210
18211
18225
18256
18276
18277
18361
18372
18378
18379
18389
18394
18396
18417
18433
18506
18531
18536
18574
18597
18600
18603
18615
18624
18628
18675
18692
18728
18736
18737
18743
18806
18807
18827
18848
18882
18893
18896
18899
18922
18957
19015
19030
19085
19094
19104
19124
19133
19146
19149
19152
19223
19239
19258
19281
19325
19333
19361
19371
19374
19400
19431
19449
19450
19470
19534
19535
19538
19553
19557
19602
19634
19641
19643
19673
19675
19776
19782
19788
19808
19841
19869
19877
19889
19892
19945
20011
20051
20057
20098
20107
20144
20160
20163
20164
20178
20198
20211
20256
20272
20279
20309
20326
20329
20334
20353
20357
20386
20416
20438
20451
20468
20508
20520
20581
20633
20640
20708
20710
20844
20888
20942
20990
21025
21049
21051
21059
21073
21075
21083
21084
21090
21135
21211
21284
21299
21309
21340
21482
21489
21518
21561
21566
21576
21586
21620
21656
21693
21706
21741
21748
21794
21805
21865
21889
21920
21969
22007
22024
22075
22121
22174
22238
22270
22276
22320
22336
22356
22361
22370
22396
22406
22417
22500
22502
22503
22536
22566
22594
22599
22626
22636
22639
22641
22644
22663
22787
22834
22902
22981
23020
23094
23183
23191
23203
23233
23253
23263
23289
23296
23301
23350
23351
23390
23393
23397
23405
23408
23423
23432
23444
23460
23517
23565
23611
23628
23686
23699
23703
23707
23716
23772
23810
23875
23936
23946
23958
23973
24006
24043
24073
24095
24109
24191
24205
24207
24216
24269
24276
24330
24341
24347
24397
24505
24509
24576
24591
24628
24644
24721
24882
24921
24944
24968
24979
24984
25072
25074
25083
25161
25184
25199
25253
25255
25257
25258
25268
25279
25326
25352
25355
25397
25429
25598
25605
25618
25668
25708
25781
25783
25809
25884
25920
26071
26117
