6
10
17
63
66
112
113
115
122
152
158
159
168
173
188
193
206
212
214
218
224
226
227
251
252
255
273
282
288
304
366
414
428
476
479
488
489
592
593
598
606
610
622
630
660
663
680
685
686
688
691
732
738
739
780
786
801
803
807
808
818
819
821
844
878
890
894
897
904
924
943
944
947
948
978
979
998
1000
1017
1027
1051
1074
1077
1095
1105
1127
1144
1159
1186
1192
1193
1211
1217
1288
1315
1321
1322
1335
1353
1391
1419
1420
1443
1444
1445
1450
1465
1471
1495
1503
1513
1514
1555
1557
1569
1574
1577
1584
1588
1589
1595
1605
1607
1608
1609
1617
1626
1627
1662
1688
1693
1728
1732
1738
1775
1855
1857
1860
1874
1882
1903
1933
1939
1954
1993
1994
1997
1998
2027
2042
2060
2067
2080
2100
2102
2125
2145
2154
2181
2202
2205
2215
2216
2221
2233
2255
2257
2259
2260
2275
2328
2334
2339
2347
2353
2472
2498
2500
2513
2517
2529
2530
2536
2553
2567
2595
2638
2649
2657
2666
2684
2714
2729
2754
2794
2811
2851
2892
2915
2917
2920
2922
2930
2947
3060
3091
3100
3101
3111
3112
3158
3189
3192
3199
3212
3216
3238
3247
3259
3260
3309
3318
3342
3353
3394
3398
3453
3467
3471
3473
3478
3479
3497
3498
3500
3505
3525
3534
3549
3566
3569
3570
3572
3585
3633
3638
3660
3711
3808
3810
3821
3823
3828
3836
3871
3904
3911
3951
3952
3975
4004
4019
4020
4053
4083
4112
4133
4240
4259
4263
4264
4290
4328
4336
4358
4372
4386
4387
4392
4418
4432
4439
4442
4448
4512
4559
4584
4597
4610
4626
4627
4632
4652
4665
4690
4702
4717
4783
4790
4798
4806
4807
4823
4859
4869
4909
4923
4967
4982
4992
5012
5016
5017
5047
5062
5084
5094
5128
5150
5154
5155
5191
5192
5237
5239
5241
5304
5312
5313
5360
5370
5403
5404
5422
5423
5521
5523
5535
5542
5649
5684
5700
5715
5725
5740
5741
5742
5748
5754
5770
5781
5785
5804
5805
5818
5850
5857
5858
5879
5906
5915
5935
5951
6096
6104
6130
6141
6142
6146
6158
6162
6163
6166
6188
6193
6216
6217
6282
6317
6348
6374
6382
6400
6404
6451
6467
6491
6494
6530
6542
6588
6700
6701
6707
6734
6786
6817
6839
6849
6893
6914
6922
6931
6941
6963
7004
7017
7031
7088
7108
7118
7121
7134
7153
7154
7161
7188
7207
7213
7283
7330
7346
7353
7384
7401
7403
7436
7441
7452
7456
7502
7512
7558
7592
7614
7615
7625
7626
7628
7630
7631
7632
7664
7683
7684
7714
7741
7765
7781
7799
7807
7813
7826
7833
7875
7879
7918
7920
7985
7995
8039
8059
8074
8078
8095
8105
8120
8144
8164
8179
8204
8205
8213
8220
8227
8233
8234
8261
8264
8276
8277
8299
8311
8319
8347
8360
8366
8389
8397
8398
8403
8422
8431
8438
8439
8451
8457
8494
8505
8507
8563
8568
8573
8583
8597
8633
8666
8673
8725
8740
8767
8769
8771
8785
8790
8803
8866
8902
8920
8936
8948
9011
9050
9054
9090
9093
9104
9110
9139
9170
9180
9215
9259
9361
9362
9379
9432
9469
9499
9510
9515
9566
9609
9622
9679
9702
9703
9711
9728
9760
9845
9846
9895
9935
9953
9964
9965
9966
9988
9998
10018
10031
10035
10045
10057
10062
10071
10110
10119
10146
10166
10175
10191
10199
10233
10281
10302
10388
10394
10420
10430
10464
10493
10494
10496
10505
10509
10512
10529
10536
10554
10592
10593
10610
10651
10671
10672
10691
10715
10716
10759
10765
10785
10818
10819
10836
10858
10877
10881
10894
10896
10963
10965
10973
10974
11000
11004
11005
11015
11027
11036
11038
11043
11046
11091
11142
11159
11178
11181
11187
11196
11197
11205
11242
11265
11266
11275
11302
11323
11340
11350
11351
11352
11353
11362
11393
11395
11396
11404
11438
11440
11450
11455
11462
11502
11535
11544
11566
11569
11595
11600
11634
11644
11654
11668
11671
11701
11710
11711
11777
11778
11779
11789
11793
11798
11838
11856
11858
11877
11878
11891
11904
11913
11964
11968
11975
11980
11981
12001
12058
12080
12081
12095
12115
12133
12143
12144
12147
12153
12166
12167
12169
12186
12225
12240
12277
12284
12298
12314
12315
12326
12351
12360
12378
12385
12389
12391
12432
12443
12480
12483
12485
12486
12501
12504
12509
12522
12523
12534
12544
12554
12560
12573
12580
12610
12611
12630
12634
12640
12641
12643
12661
12672
12741
12777
12856
12858
12863
12881
12889
12926
12942
12958
12968
12969
12994
12998
13012
13025
13050
13099
13100
13128
13132
13152
13170
13177
13187
13231
13235
13254
13279
13295
13297
13390
13417
13425
13437
13451
13455
13456
13458
13485
13508
13540
13541
13552
13570
13580
13596
13606
13667
13668
13683
13699
13790
13815
13851
13888
13918
13942
13945
13950
13970
14005
14006
14008
14029
14060
14080
14083
14098
14114
14124
14166
14179
14186
14216
14249
14278
14292
14352
14367
14370
14397
14403
14414
14415
14437
14444
14470
14481
14495
14503
14505
14522
14540
14552
14554
14555
14612
14642
14654
14665
14769
14819
14832
14852
14855
14863
14916
14917
14969
15037
15041
15048
15064
15095
15100
15103
15153
15180
15249
15253
15259
15274
15275
15290
15293
15332
15338
15374
15408
15442
15479
15482
15486
15506
15522
15538
15551
15560
15576
15606
15614
15619
15627
15652
15712
15723
15724
15725
15744
15752
15755
15767
15772
15776
15780
15790
15791
15821
15825
15828
15847
15931
15942
15974
15978
15985
15994
16016
16028
16056
16057
16079
16086
16141
16168
16175
16222
16223
16256
16277
16283
16288
16367
16425
16435
16450
16465
16471
16472
16483
16491
16492
16539
16582
16593
16641
16647
16697
16733
16735
16746
16807
16809
16817
16820
16833
16834
16846
16852
16854
16879
16882
16919
16935
16959
16969
16973
16978
16979
16994
17003
17081
17131
17138
17159
17165
17216
17251
17331
17336
17342
17344
17367
17386
17408
17417
17418
17449
17464
17470
17479
17498
17519
17520
17529
17532
17551
17552
17560
17572
17603
17609
17686
17687
17692
17693
17702
17739
17882
17916
17924
17962
17963
18000
18017
18018
18033
18036
18044
18049
18052
18071
18088
18091
18187
18208
18210
18226
18288
18296
18307
18361
18396
18493
18508
18541
18567
18597
18631
18640
18664
18669
18692
18728
18743
18744
18769
18807
18818
18896
18933
18934
19003
19024
19029
19071
19075
19087
19111
19119
19124
19133
19154
19163
19173
19209
19229
19249
19333
19370
19374
19400
19405
19419
19436
19450
19470
19487
19535
19545
19546
19552
19578
19595
19621
19624
19641
19643
19656
19672
19700
19722
19745
19757
19760
19779
19782
19788
19808
19840
19841
19869
19877
19888
19891
19918
19949
20035
20090
20094
20098
20107
20144
20160
20194
20211
20235
20237
20268
20279
20296
20309
20330
20334
20406
20416
20469
20491
20503
20508
20516
20534
20646
20665
20668
20710
20713
20732
20735
20745
20751
20775
20862
20906
20931
20942
20992
21025
21030
21083
21136
21213
21217
21220
21223
21260
21278
21347
21349
21432
21442
21443
21444
21450
21460
21473
21489
21561
21576
21601
21605
21610
21620
21681
21729
21764
21798
21805
21806
21809
21812
21853
21884
21942
22018
22121
22144
22157
22209
22238
22241
22251
22261
22283
22313
22319
22343
22371
22372
22386
22396
22416
22451
22513
22534
22542
22621
22627
22631
22658
22663
22695
22756
22787
22812
22817
22881
22889
22939
22965
23020
23094
23130
23187
23205
23234
23240
23253
23281
23282
23289
23305
23310
23350
23368
23391
23397
23428
23460
23480
23491
23541
23559
23619
23650
23699
23742
23749
23766
23787
23855
23874
23875
23876
23920
23928
23949
23988
24043
24108
24162
24205
24234
24330
24347
24350
24381
24465
24536
24576
24577
24613
24627
24633
24660
24669
24889
24933
25070
25072
25083
25124
25196
25245
25255
25258
25268
25270
25302
25305
25310
25326
25344
25355
25370
25401
25415
25426
25428
25448
25522
25525
25558
25584
25598
25668
25677
25708
25779
25781
25783
25923
25962
25974
26071
