8
12
19
52
53
57
62
81
85
88
114
119
132
156
172
188
193
199
201
202
214
233
251
252
299
302
303
316
330
342
387
393
406
419
458
459
472
475
486
541
582
587
588
589
606
608
609
615
618
633
638
642
648
704
707
741
765
770
836
849
871
879
898
900
915
923
938
955
968
990
1003
1004
1015
1023
1031
1045
1050
1051
1059
1086
1099
1102
1104
1128
1129
1130
1150
1169
1180
1240
1291
1319
1323
1344
1452
1458
1461
1472
1507
1512
1531
1533
1538
1547
1553
1559
1563
1573
1578
1584
1590
1594
1603
1613
1626
1634
1679
1680
1683
1684
1689
1695
1723
1730
1756
1761
1776
1783
1797
1798
1846
1855
1867
1881
1886
1892
1907
1914
1930
1935
1944
1969
1971
1994
2015
2044
2049
2061
2083
2092
2113
2114
2117
2120
2134
2154
2168
2181
2185
2194
2199
2203
2210
2214
2227
2285
2306
2313
2315
2316
2318
2324
2334
2338
2400
2430
2435
2437
2461
2464
2492
2493
2505
2513
2531
2536
2537
2544
2577
2602
2614
2615
2618
2624
2633
2638
2640
2719
2754
2773
2783
2796
2799
2811
2812
2813
2817
2825
2834
2849
2861
2879
2881
2884
2885
2898
2932
2933
2951
2952
2954
2983
2984
2989
3026
3053
3059
3069
3071
3080
3100
3118
3126
3136
3137
3146
3153
3177
3208
3214
3251
3271
3282
3291
3306
3327
3331
3332
3336
3337
3351
3411
3447
3453
3455
3459
3484
3508
3510
3520
3524
3555
3564
3574
3586
3614
3616
3627
3630
3656
3664
3672
3687
3723
3732
3751
3765
3770
3779
3805
3833
3863
3886
3887
3898
3900
3913
3921
3947
3958
3971
3998
4001
4053
4072
4074
4077
4089
4111
4120
4124
4133
4135
4201
4205
4218
4221
4255
4263
4289
4290
4291
4296
4307
4324
4412
4418
4423
4429
4434
4440
4463
4465
4492
4493
4499
4502
4504
4505
4510
4520
4533
4544
4546
4550
4580
4598
4622
4650
4701
4702
4708
4779
4791
4805
4806
4814
4825
4854
4855
4867
4872
4882
4931
4958
4959
4972
4973
4974
4978
4980
4992
4997
5009
5020
5084
5085
5090
5092
5104
5105
5129
5164
5165
5179
5214
5216
5223
5249
5253
5268
5278
5338
5382
5383
5384
5387
5388
5390
5411
5444
5462
5500
5501
5530
5534
5535
5539
5557
5582
5583
5598
5605
5617
5671
5723
5735
5740
5761
5763
5826
5827
5830
5840
5853
5861
5868
5880
5891
5929
5944
5952
5988
5994
6027
6043
6045
6047
6054
6057
6082
6089
6100
6101
6119
6123
6144
6238
6241
6305
6316
6324
6345
6357
6377
6418
6422
6459
6537
6581
6589
6631
6635
6648
6666
6679
6680
6701
6702
6707
6743
6781
6795
6796
6804
6813
6814
6824
6850
6911
6935
6936
6970
6971
6972
6993
6996
7042
7077
7102
7107
7120
7124
7209
7213
7240
7246
7262
7265
7271
7279
7298
7320
7327
7371
7400
7401
7410
7411
7412
7427
7463
7490
7511
7529
7539
7555
7653
7654
7676
7698
7704
7712
7719
7767
7780
7815
7820
7829
7830
7836
7866
7886
7908
7951
7970
7971
7978
8014
8015
8030
8040
8053
8057
8062
8069
8116
8150
8167
8175
8210
8214
8226
8232
8239
8253
8312
8324
8326
8333
8357
8389
8416
8423
8425
8427
8431
8445
8484
8523
8538
8547
8573
8585
8623
8626
8631
8634
8657
8678
8695
8696
8727
8742
8765
8768
8779
8784
8825
8876
8914
8924
8926
8927
8934
8963
8970
8973
8981
9002
9004
9032
9037
9072
9085
9089
9112
9113
9127
9143
9180
9183
9190
9193
9194
9220
9230
9247
9275
9309
9345
9348
9361
9382
9405
9424
9462
9467
9477
9511
9514
9528
9535
9563
9564
9565
9567
9580
9582
9603
9609
9610
9612
9624
9628
9635
9637
9678
9713
9731
9745
9750
9767
9768
9792
9796
9832
9870
9886
9889
9890
9924
9925
9927
9985
9994
10002
10040
10053
10076
10084
10085
10089
10093
10095
10096
10102
10106
10121
10123
10130
10134
10189
10192
10194
10197
10198
10210
10229
10234
10237
10238
10258
10259
10272
10278
10309
10311
10320
10342
10352
10360
10378
10380
10385
10386
10421
10425
10429
10474
10502
10539
10625
10634
10635
10736
10743
10854
10896
10913
10916
10934
10964
10995
11000
11046
11047
11070
11078
11113
11115
11116
11124
11161
11171
11197
11200
11201
11225
11243
11257
11270
11278
11280
11302
11328
11333
11340
11348
11380
11429
11431
11432
11449
11529
11532
11565
11569
11589
11599
11610
11635
11636
11700
11715
11739
11743
11746
11749
11767
11771
11777
11802
11809
11812
11828
11866
11873
11900
11901
11902
11918
11919
11921
11954
11963
12005
12006
12030
12092
12125
12168
12174
12180
12207
12214
12251
12255
12257
12268
12277
12284
12285
12299
12331
12335
12339
12349
12380
12387
12390
12391
12399
12418
12431
12445
12446
12458
12464
12465
12475
12482
12548
12550
12554
12575
12611
12617
12631
12660
12688
12695
12703
12728
12802
12823
12841
12895
12900
12908
12911
12928
12932
12968
12970
12980
13027
13028
13058
13074
13103
13135
13225
13237
13254
13290
13295
13320
13321
13345
13350
13413
13421
13425
13454
13461
13473
13474
13488
13497
13502
13516
13525
13555
13564
13577
13578
13581
13591
13603
13604
13608
13609
13617
13629
13640
13658
13659
13661
13672
13674
13708
13721
13734
13740
13747
13748
13758
13800
13809
13820
13844
13856
13862
13973
13989
14006
14020
14047
14089
14099
14158
14175
14199
14219
14222
14230
14244
14245
14253
14266
14276
14280
14283
14334
14340
14357
14439
14449
14451
14458
14501
14504
14535
14539
14543
14547
14555
14561
14572
14574
14579
14589
14590
14609
14648
14681
14692
14693
14700
14730
14752
14753
14788
14832
14878
14879
14886
14901
14903
14925
14961
14963
14995
14997
15026
15036
15098
15112
15119
15120
15183
15199
15201
15232
15254
15284
15296
15306
15307
15316
15322
15366
15373
15387
15393
15399
15401
15416
15418
15437
15441
15444
15496
15528
15531
15538
15539
15543
15561
15590
15598
15599
15600
15604
15657
15662
15701
15790
15791
15792
15803
15807
15849
15880
15884
15915
15937
15952
16022
16023
16101
16109
16124
16159
16161
16223
16225
16246
16277
16288
16327
16328
16347
16358
16362
16389
16424
16432
16447
16459
16463
16464
16465
16487
16490
16495
16511
16535
16542
16588
16599
16606
16615
16621
16633
16653
16680
16701
16728
16748
16752
16762
16815
16827
16836
16856
16858
16934
16935
16945
16951
16971
16978
17014
17018
17040
17043
17076
17077
17080
17082
17084
17164
17177
17185
17187
17247
17255
17287
17293
17310
17339
17402
17403
17435
17450
17479
17482
17484
17485
17511
17515
17530
17534
17552
17594
17622
17627
17631
17635
17639
17643
17645
17704
17710
17718
17742
17749
17880
17882
17938
17941
17974
17982
17991
17994
18014
18028
18047
18054
18055
18062
18104
18108
18112
18143
18150
18160
18166
18183
18184
18205
18212
18213
18215
18243
18254
18305
18311
18327
18328
18329
18349
18353
18354
18357
18359
18360
18362
18366
18372
18401
18413
18431
18480
18528
18529
18534
18590
18631
18635
18638
18653
18664
18705
18716
18746
18760
18767
18781
18797
18807
18812
18828
18844
18850
18851
18867
18877
19007
19035
19062
19070
19105
19106
19120
19123
19134
19139
19142
19143
19157
19167
19198
19237
19285
19299
19305
19343
19393
19410
19447
19450
19471
19509
19522
19557
19632
19639
19649
19682
19683
19688
19711
19717
19726
19766
19767
19783
19799
19886
19898
19911
19921
19930
19969
20011
20014
20026
20031
20036
20037
20056
20060
20084
20110
20164
20170
20181
20191
20208
20240
20246
20265
20307
20334
20345
20362
20368
20377
20394
20396
20411
20416
20435
20442
20467
20493
20544
20569
20589
20629
20644
20651
20692
20707
20712
20714
20779
20788
20789
20817
20821
20823
20843
20860
20861
20863
20873
20882
20889
20897
20926
20946
20949
20953
20958
20960
20962
20963
20970
20994
20998
21016
21048
21054
21122
21136
21171
21227
21231
21248
21277
21282
21351
21356
21384
21386
21398
21410
21432
21447
21498
21523
21525
21544
21557
21562
21570
21574
21575
21597
21603
21606
21681
21695
21742
21833
21869
21911
21973
21991
22075
22076
22089
22123
22210
22213
22227
22249
22254
22320
22335
22340
22349
22385
22398
22440
22450
22493
22504
22506
22539
22594
22618
22657
22665
22670
22683
22693
22718
22732
22733
22737
22753
22816
22840
22859
22863
22865
22866
22911
22919
22957
22986
23003
23015
23021
23022
23037
23056
23096
23112
23126
23127
23147
23208
23273
23285
23296
23318
23326
23385
23387
23424
23457
23469
23487
23525
23547
23595
23676
23677
23679
23690
23699
23752
23756
23764
23787
23810
23826
23877
23889
23912
23922
23927
23929
23946
23949
23964
23978
23979
24023
24025
24070
24118
24173
24174
24175
24193
24197
24201
24205
24209
24210
24223
24292
24322
24323
24352
24364
24395
24406
24418
24424
24449
24457
24497
24498
24507
24554
24580
24587
24589
24591
24612
24633
24668
24721
24724
24797
24870
24886
24947
24951
25007
25023
25034
25045
25054
25058
25110
25116
25121
25137
25142
25189
25195
25248
25312
25314
25325
25355
25357
25390
25393
25408
25420
25442
25452
25462
25471
25477
25491
25494
25496
25535
25539
25543
25560
25565
25581
25617
25655
25704
25756
25790
25817
25859
25862
25880
25906
25915
25923
25950
25977
25980
25989
26022
26064
26078
26114
26120
26122
26143
26148
26173
26175
26194
26207
26212
26235
26277
26280
26300
26314
26350
26369
26381
26384
26403
26409
26410
26413
26414
26436
26472
26480
26487
26488
26490
26494
26509
26527
26535
26541
26548
26559
26606
26622
26666
26680
26685
26696
26726
26739
26771
26778
26779
26790
26794
26809
26815
26818
26820
26828
26831
26894
26898
26899
26904
26905
26906
26907
26912
26913
26914
26926
26932
26976
27007
27016
27017
27027
27028
27030
27048
27051
27052
27055
27123
27138
27221
27233
27241
27267
27274
27305
27324
27344
27364
27406
27413
27421
27455
27466
27483
27487
27527
27544
27546
27557
27560
27592
27593
27619
27624
27643
27646
27655
27661
27681
27682
27704
27711
27802
27813
27826
27845
27869
27922
27942
27958
27986
28025
28032
28048
28066
28093
28118
28138
28141
28142
28151
28176
28191
28215
28230
28257
28273
28312
28340
28348
28354
28361
28391
28442
28448
28466
28468
28470
28476
28487
28490
28523
28564
28593
28617
28649
28652
28657
28669
28686
28700
28707
28722
28742
28757
28761
28781
28798
28811
28925
28936
28961
29019
29055
29064
29065
29092
29108
29128
29163
29168
29170
29197
29200
29208
29209
29253
29254
29260
29274
29275
29285
29296
29358
29393
29400
29418
29438
29487
29494
29513
29514
29541
29550
29552
29558
29569
29629
29635
29662
29682
29704
29777
29791
29830
29831
29837
29869
29919
29990
30007
30010
30033
30077
30133
30151
30158
30187
30213
30283
30313
30321
30350
30371
30430
30452
30475
30489
30496
30501
30538
30542
30556
30632
30636
30651
30708
30721
30763
30863
30870
30932
30995
30996
31013
31049
31068
31080
31097
31103
31140
31152
31193
31196
31197
31223
31249
31258
31282
31340
31348
31349
31383
31390
31393
31396
31401
31432
31522
31552
31561
31570
31581
31649
31691
31757
31760
31785
31794
31812
31814
31836
31930
31943
31967
32032
32059
32074
32079
32104
32155
32219
32243
32266
32285
32301
32302
32310
32395
32453
32456
32459
32472
32526
32547
32678
32703
32729
32730
32851
32865
32907
32924
32953
32954
32979
32980
33053
33054
33118
33122
33144
33159
33161
33182
33208
33213
33254
33268
33306
33321
33326
33339
33370
33406
33430
33448
33531
33536
33613
33713
33732
33761
33785
33862
33908
33912
33913
33922
33950
33959
33966
33990
33993
34006
34008
34020
34021
34072
34090
34122
34159
34163
34199
34208
34219
34275
34316
34317
34336
34340
34368
34553
34588
34623
34658
34666
34684
34701
34725
34789
34805
34834
34877
34943
34957
34980
35003
35009
35031
35067
35079
35089
35109
35125
35144
35161
35169
35192
35215
35247
35272
35315
35317
35325
35333
35343
35345
35351
35368
35369
35405
35610
35630
35638
35667
35756
35788
35795
35858
35888
35912
35971
35979
36034
36048
36081
36166
36181
36187
36257
36341
36390
36394
36412
36603
37021
37123
37137
37161
37234
37245
37271
37285
37300
37396
37408
37410
37418
37461
37490
37505
37521
37550
37558
37580
37644
37666
37670
37680
37701
37709
37717
37737
37876
37910
37976
38026
38054
38113
38169
38300
38381
38410
38431
38445
38556
38631
38789
38801
38814
38851
38900
38901
38950
38997
39118
39123
39145
39217
39258
39308
39322
39334
39357
39386
39615
39626
39827
39833
39902
40019
40113
40182
40183
40213
40235
40279
40389
40601
40735
40902
40928
