1
13
66
93
100
140
142
152
169
189
201
210
212
224
252
282
283
297
301
306
314
325
354
371
379
395
396
397
400
414
418
428
432
435
454
480
488
516
550
554
589
591
599
630
660
663
664
671
672
680
717
734
807
809
813
819
820
824
836
837
890
894
904
924
943
948
958
981
986
999
1058
1077
1082
1125
1144
1153
1159
1177
1185
1192
1231
1268
1277
1288
1315
1316
1325
1341
1353
1414
1420
1421
1430
1450
1455
1465
1470
1471
1483
1503
1555
1573
1577
1580
1586
1607
1622
1634
1665
1666
1670
1688
1748
1779
1780
1781
1793
1794
1875
1898
1904
1931
1937
1939
1962
1987
2009
2028
2042
2059
2060
2102
2161
2192
2197
2215
2225
2232
2255
2257
2328
2348
2353
2385
2386
2402
2420
2444
2445
2460
2478
2493
2503
2515
2531
2536
2562
2563
2595
2626
2632
2638
2666
2683
2700
2737
2760
2794
2811
2818
2858
2890
2915
3028
3089
3091
3100
3101
3108
3125
3127
3156
3160
3161
3209
3217
3231
3259
3280
3281
3282
3304
3324
3353
3365
3366
3367
3377
3407
3411
3419
3424
3440
3476
3495
3499
3505
3512
3513
3514
3536
3537
3565
3570
3582
3585
3604
3623
3641
3646
3652
3655
3669
3687
3702
3704
3715
3722
3723
3733
3754
3806
3822
3828
3836
3868
3927
3929
3977
4016
4019
4020
4022
4023
4052
4064
4068
4083
4096
4098
4101
4131
4170
4176
4177
4180
4181
4194
4210
4248
4267
4306
4328
4329
4336
4337
4356
4359
4366
4371
4396
4397
4402
4410
4411
4418
4440
4442
4447
4448
4554
4610
4613
4627
4651
4652
4705
4712
4752
4756
4770
4771
4790
4799
4806
4807
4808
4824
4859
4864
4869
4898
4930
4937
4938
4943
4948
4957
4958
4960
4967
4982
4985
4991
5011
5015
5018
5069
5140
5148
5150
5154
5164
5201
5240
5242
5261
5285
5312
5340
5398
5404
5414
5422
5470
5521
5542
5556
5578
5584
5602
5617
5654
5684
5698
5700
5735
5748
5763
5764
5770
5781
5805
5809
5811
5812
5818
5877
5879
5889
5895
5897
5901
5906
5924
5959
5961
5964
6017
6031
6100
6127
6142
6157
6163
6174
6188
6215
6233
6254
6284
6317
6351
6404
6411
6417
6442
6452
6485
6498
6509
6566
6677
6774
6786
6795
6833
6849
6850
6896
6907
6914
6942
6963
6969
7004
7047
7057
7082
7098
7103
7132
7139
7152
7153
7154
7164
7183
7213
7214
7240
7255
7283
7290
7339
7345
7352
7363
7373
7378
7385
7423
7441
7471
7479
7484
7495
7524
7528
7532
7533
7538
7553
7556
7615
7629
7632
7637
7655
7658
7703
7704
7713
7742
7765
7805
7856
7860
7861
7869
7878
7915
7918
7952
7967
7968
8039
8074
8075
8082
8105
8127
8131
8140
8218
8220
8272
8276
8277
8300
8311
8366
8391
8398
8413
8422
8431
8438
8454
8497
8511
8547
8554
8555
8573
8667
8670
8677
8713
8716
8740
8760
8761
8763
8765
8766
8773
8775
8782
8790
8791
8803
8821
8825
8830
8857
8859
8871
8900
8902
8920
8924
8928
8942
8948
8991
9013
9036
9102
9110
9137
9139
9156
9157
9249
9264
9265
9275
9279
9362
9383
9397
9403
9410
9422
9432
9491
9514
9548
9566
9585
9595
9622
9623
9639
9647
9679
9705
9742
9749
9750
9773
9846
9904
9935
9937
9951
9952
9980
9983
10018
10022
10044
10048
10062
10073
10110
10129
10144
10146
10149
10152
10166
10176
10186
10212
10261
10282
10302
10312
10314
10336
10348
10351
10368
10373
10394
10421
10428
10432
10464
10494
10505
10508
10529
10536
10537
10575
10592
10593
10600
10611
10625
10672
10700
10716
10745
10788
10797
10801
10818
10819
10875
10877
10880
10972
10981
10982
11004
11027
11035
11078
11088
11089
11096
11134
11135
11175
11176
11178
11205
11238
11242
11261
11263
11266
11275
11289
11302
11334
11354
11368
11379
11404
11412
11446
11455
11459
11484
11522
11567
11581
11607
11613
11614
11633
11655
11673
11694
11701
11710
11737
11779
11803
11815
11828
11858
11859
11877
11886
11904
11913
11914
11962
11968
11975
11990
11998
12027
12068
12081
12085
12087
12095
12147
12154
12160
12170
12224
12240
12241
12254
12265
12284
12303
12304
12315
12318
12324
12332
12359
12361
12375
12381
12389
12391
12408
12467
12471
12472
12486
12504
12523
12538
12545
12573
12585
12600
12604
12607
12629
12634
12657
12661
12678
12714
12736
12741
12777
12789
12865
12889
12894
12911
12915
12941
12942
12967
13034
13035
13050
13059
13067
13081
13090
13091
13092
13146
13155
13162
13177
13235
13272
13282
13317
13325
13363
13366
13390
13407
13434
13458
13511
13541
13606
13635
13648
13683
13791
13820
13836
13842
13845
13866
13888
13896
13898
13904
13912
13914
13917
13918
13945
13950
13988
13990
14005
14029
14048
14060
14062
14068
14081
14095
14176
14186
14209
14213
14231
14249
14267
14268
14278
14303
14341
14381
14412
14417
14442
14470
14522
14536
14540
14612
14645
14651
14698
14713
14782
14785
14814
14819
14851
14863
14871
14893
14902
14969
14972
14980
15026
15038
15041
15042
15044
15047
15048
15056
15063
15064
15104
15118
15144
15190
15203
15232
15242
15299
15312
15314
15370
15402
15415
15432
15440
15443
15461
15479
15481
15522
15528
15560
15561
15569
15576
15613
15614
15617
15644
15664
15696
15724
15751
15752
15754
15767
15772
15773
15777
15780
15822
15829
15847
15867
15873
15908
15918
15933
15951
15974
15978
16025
16028
16057
16079
16119
16164
16175
16184
16188
16220
16221
16222
16223
16242
16283
16285
16337
16363
16370
16376
16385
16390
16428
16435
16442
16450
16463
16465
16466
16517
16542
16586
16641
16677
16685
16687
16730
16757
16770
16771
16778
16810
16817
16831
16835
16904
16916
16919
16945
16958
16959
16978
16979
16989
17000
17003
17006
17086
17128
17143
17166
17169
17198
17227
17306
17330
17331
17336
17338
17341
17348
17379
17380
17383
17384
17388
17417
17423
17442
17449
17462
17479
17482
17529
17551
17558
17560
17577
17604
17620
17635
17656
17697
17702
17727
17744
17745
17882
17902
17916
17924
17946
17955
17962
17998
18000
18052
18057
18071
18081
18109
18189
18212
18213
18229
18245
18285
18322
18357
18361
18394
18433
18462
18474
18508
18515
18520
18522
18540
18552
18571
18574
18603
18608
18636
18766
18787
18814
18827
18896
18910
18933
18957
19030
19124
19144
19151
19154
19182
19226
19265
19274
19277
19280
19282
19304
19325
19333
19345
19400
19405
19500
19533
19538
19558
19579
19592
19595
19600
19603
19641
19646
19722
19753
19757
19773
19776
19777
19778
19780
19804
19808
19818
19832
19840
19888
19910
19932
20057
20077
20092
20107
20122
20132
20143
20144
20155
20159
20174
20178
20211
20237
20259
20266
20280
20293
20310
20316
20334
20386
20458
20469
20477
20486
20490
20516
20520
20534
20544
20640
20645
20669
20735
20748
20749
20773
20857
20858
20872
20906
20942
21048
21077
21090
21133
21206
21223
21278
21284
21291
21312
21321
21349
21350
21444
21460
21504
21551
21561
21576
21586
21621
21646
21648
21649
21693
21706
21726
21751
21764
21779
21794
21806
21845
21931
21953
21978
22057
22067
22121
22142
22157
22174
22214
22238
22252
22261
22267
22270
22294
22298
22313
22320
22325
22336
22361
22372
22389
22433
22542
22547
22566
22578
22600
22612
22627
22631
22690
22695
22740
22752
22792
22808
22881
22898
22916
22933
22937
22948
22973
23096
23107
23131
23185
23202
23233
23240
23245
23259
23263
23301
23316
23342
23350
23368
23405
23408
23432
23460
23491
23517
23550
23551
23559
23601
23611
23628
23670
23707
23709
23716
23779
23803
23810
23958
23959
23976
23986
23987
23988
24014
24015
24022
24056
24063
24070
24109
24145
24191
24368
24381
24509
24591
24627
24667
24669
24685
24716
24718
24842
24882
24935
24968
25070
25083
25127
25161
25177
25199
25202
25213
25219
25223
25257
25268
25279
25304
25352
25354
25370
25371
25387
25426
25429
25430
25448
25574
25582
25598
25605
25660
25668
25677
25932
25947
26019
26063
26071
