18
45
72
90
117
140
182
210
248
260
337
374
457
483
491
492
598
653
671
679
713
746
750
772
792
799
800
811
857
879
898
952
996
1027
1042
1055
1068
1074
1084
1110
1131
1182
1195
1215
1344
1350
1379
1392
1449
1458
1462
1497
1500
1523
1575
1581
1590
1591
1615
1624
1661
1724
1739
1748
1750
1782
1829
1870
1922
1923
2010
2045
2050
2129
2172
2240
2269
2307
2314
2415
2451
2454
2491
2532
2543
2552
2601
2602
2612
2646
2657
2690
2769
2863
2900
2906
2958
2979
3040
3069
3096
3278
3356
3386
3420
3450
3455
3478
3528
3538
3540
3545
3549
3589
3593
3610
3700
3717
3724
3827
3830
3907
3960
3965
4003
4174
4271
4436
4439
4481
4508
4512
4538
4558
4624
4635
4687
4698
4730
4731
4747
4797
4835
4837
4841
4899
5006
5089
5106
5118
5158
5183
5194
5236
5269
5405
5415
5421
5555
5604
5624
5638
5677
5689
5701
5711
5727
5733
5805
5887
5897
5909
5929
5930
5938
5998
6021
6052
6064
6084
6094
6160
6297
6377
6384
6530
6605
6625
6662
6782
6796
6824
6847
6848
6873
6879
6894
7002
7078
7087
7250
7297
7353
7375
7394
7408
7411
7444
7477
7499
7518
7532
7678
7745
7854
7867
7873
7927
8049
8124
8125
8155
8201
8203
8310
8334
8350
8396
8494
8498
8547
8569
8626
8629
8633
8683
8813
8815
8829
8964
9013
9065
9129
9206
9347
9365
9421
9449
9481
9518
9520
9620
9645
9660
9673
9695
9723
9743
9764
9841
9867
9872
9916
9925
10015
10034
10038
10076
10108
10143
10218
10226
10243
10289
10295
10473
10498
10515
10556
10623
10650
10651
10717
10785
10927
10952
11010
11027
11062
11161
11196
11207
11238
11253
11258
11282
11389
11394
11396
11503
11585
11587
11597
11600
11670
11686
11750
11755
11806
11830
11847
11865
11912
11924
11946
11967
11972
11983
12027
12056
12122
12131
12146
12163
12179
12222
12232
12243
12275
12414
12450
12455
12472
12542
12544
12600
12661
12668
12679
12707
12725
12776
12830
12834
12836
12864
12883
12907
12993
13052
13058
13112
13130
13223
13250
13255
13361
13414
13427
13428
13468
13533
13577
13596
13628
13653
13721
13750
13754
13763
13778
13819
13824
13869
13937
13969
14013
14030
14040
14062
14069
14112
14132
14134
14181
14246
14262
14291
14385
14418
14526
14547
14570
14646
14659
14686
14754
14770
14781
14832
14840
14898
14909
14917
14940
14985
15034
15045
15052
15193
15233
15376
15403
15405
15439
15483
15503
15539
15540
15638
15665
15717
15754
15792
15821
15826
15894
15911
15922
15925
15971
15974
16012
16094
16130
16155
16169
16249
16273
16281
16304
16323
16331
16423
16444
16499
16542
16579
16613
16614
16616
16658
16678
16680
16745
16760
16782
16815
16827
16849
16871
16929
16938
17002
17119
17192
17258
17272
17311
17357
17370
17371
17385
17422
17483
17531
17579
17612
17652
17653
17891
17969
18019
18074
18093
18098
18133
18157
18268
18352
18412
18459
18471
18536
18571
18590
18688
18695
18699
18709
18728
18773
18813
18868
18890
18892
18898
19061
19068
19073
19077
19128
19131
19162
19216
19230
19258
19271
19315
19326
19327
19350
19411
19435
19509
19527
19635
19642
19729
19751
19828
19857
19949
19976
19984
20012
20030
20043
20101
20131
20187
20459
20501
20503
20516
20616
20747
20778
20797
20806
20812
20817
20837
20940
20954
20962
20971
20975
20988
20999
21016
21040
21135
21156
21183
21232
21292
21367
21371
21378
21384
21386
21482
21488
21514
21524
21549
21551
21552
21782
21805
21816
21865
21935
21980
21983
22030
22122
22221
22222
22249
22270
22272
22285
22328
22336
22423
22425
22505
22546
22673
22680
22784
22789
22874
23037
23048
23049
23074
23076
23166
23184
23235
23259
23315
23332
23392
23396
23400
23438
23478
23556
23597
23612
23644
23650
23666
23676
23681
23688
23728
23797
23884
23920
23966
24068
24069
24117
24120
24134
24150
24153
24168
24184
24251
24259
24385
24398
24422
24443
24477
24545
24554
24582
24648
24672
24731
24753
24818
24841
24924
25034
25039
25081
25159
25241
25297
25313
25339
25349
25372
25377
25394
25398
25426
25456
25521
25536
25619
25646
25748
25757
25779
25810
25820
25954
26053
26099
26148
26227
26234
26260
26283
26399
26433
26484
26536
26582
26596
26615
26621
26711
26723
26734
26742
26761
26779
26861
26873
26885
26916
26965
26977
27028
27054
27138
27152
27204
27231
27242
27279
27345
27366
27399
27420
27494
27504
27518
27539
27587
27589
27612
27641
27666
27668
27671
27839
27868
27923
27924
27973
28037
28039
28041
28044
28072
28181
28215
28264
28365
28387
28401
28415
28528
28537
28673
28719
28809
28825
28873
28933
29122
29132
29193
29283
29314
29354
29372
29406
29421
29484
29497
29518
29524
29565
29637
29646
29662
29691
29692
29830
29850
29853
29865
29940
29984
29988
30015
30098
30117
30188
30250
30301
30313
30361
30364
30404
30433
30457
30466
30555
30596
30615
30620
30741
30828
30931
30937
30938
30971
31117
31310
31318
31377
31404
31480
31496
31531
31546
31593
31596
31616
31627
31678
31764
31775
31792
31841
31859
31868
32007
32039
32044
32089
32118
32127
32196
32269
32347
32366
32445
32447
32482
32487
32506
32528
32529
32544
32682
32684
32785
32811
32933
33041
33089
33181
33191
33195
33286
33316
33324
33336
33352
33466
33480
33506
33557
33559
33569
33588
33634
33657
33673
33832
33952
33971
34047
34099
34149
34167
34204
34255
34267
34338
34349
34402
34424
34438
34441
34442
34478
34597
34651
34662
34730
34734
34885
34907
34908
34909
34920
34944
34969
34970
35244
35387
35414
35469
35471
35502
35524
35527
35635
35740
35756
35811
35821
35834
35837
35849
35876
35893
35923
35961
36005
36034
36073
36170
36187
36261
36355
36356
36384
36443
36482
36497
36507
36513
36598
36690
36724
36917
37055
37089
37212
37216
37259
37263
37334
37508
37556
37588
37615
37661
37844
37893
37901
37985
37997
38114
38116
38131
38140
38176
38246
38285
38306
38362
38436
38479
38481
38495
38518
38524
38583
38585
38586
38633
38650
38659
38692
38719
38828
38877
38922
38925
38927
38931
39001
39014
39144
39146
39164
39181
39210
39219
39242
39275
39410
39444
39540
39572
39756
39775
39881
39929
39975
39977
39999
40027
40084
40093
40196
40259
40297
40338
40427
40441
40457
40472
40534
40560
40669
40725
40842
40947
40967
40977
41010
41048
41083
41134
41148
41244
41278
41289
41351
41431
41456
41538
41636
41738
41741
41756
41796
41824
41844
41855
41922
42074
42076
42128
42154
42201
42271
42276
42364
42406
42467
42511
42543
42591
42689
42868
42887
42896
42902
42927
43017
43045
43145
43261
43367
43378
43396
43447
43508
43536
43714
43733
43794
43849
43887
43889
43966
44062
44077
44080
44122
44156
44348
44368
44516
44787
44845
44889
44905
44914
44927
44990
45134
45152
45200
45240
45273
45304
45321
45344
45356
45455
45607
45669
45679
45704
45908
46040
46129
46141
46177
46273
46299
46466
46487
46554
46601
46647
46731
46740
46930
46944
47019
47032
47081
47225
47232
47271
47309
47312
47322
47467
47470
47511
47524
47551
47668
47734
47746
47817
47823
47849
47858
47864
47886
47921
47949
48012
48028
48102
48184
48202
48206
48314
48321
48470
48484
48530
48538
48613
48661
48684
48705
48735
48753
48863
48896
48921
48937
48993
49015
49158
49181
49207
49245
49247
49257
49258
49447
49461
49505
49527
49550
49552
49608
49645
49652
49662
49707
49763
49872
49943
49966
49978
50064
50092
50096
50135
50139
50149
50277
50279
50332
50392
50436
50454
50562
50649
50660
50713
50758
50780
50782
50825
50833
50959
51041
51046
51147
51159
51226
51233
51379
51381
51390
51391
51449
51472
51525
51589
51664
51686
51704
51733
51852
51874
51896
51900
51980
52225
52241
52310
52343
52382
52413
52454
52575
52588
52600
52666
52751
52797
52845
52884
52901
52919
52920
52955
53022
53049
53148
53268
53306
53363
53367
53392
53393
53406
53463
53469
53478
53515
53631
53645
53663
53677
53698
53828
53887
53918
53954
53974
54023
54043
54056
54070
54072
54134
54244
54334
54343
54375
54376
54391
54437
54450
54463
54494
54580
54605
54618
54696
54708
54760
54820
54862
54863
54891
55038
55165
55174
55182
55214
55393
55407
55459
55465
55522
55533
55703
55707
55768
55833
55905
55962
55985
55989
56125
56157
56247
56263
56384
56514
56550
56566
56712
56745
56786
56795
56833
56855
56877
56964
57002
57013
57100
57154
57173
57175
57177
57178
57211
57242
57264
57310
57406
57425
57484
57576
57609
57632
57652
57697
57745
57756
57793
57803
57849
57860
57939
57942
57955
57972
57983
57988
58048
58063
58085
58121
58213
58248
58293
58299
58368
58404
58420
58456
58532
58581
58590
58662
58731
58854
58921
58940
59019
59037
59285
59470
59494
59585
59628
59693
59747
59754
59828
59923
59980
60007
60064
60104
60143
60279
60309
60315
60358
60411
60564
60571
60787
60965
61103
61106
61117
61212
61339
61342
61403
61404
61598
61609
61774
61882
62011
62019
62104
62139
62148
62216
62284
62383
62411
62496
62511
62539
62596
62616
62689
62750
62775
62892
62987
62997
63052
63057
63063
63079
63149
63181
63231
63278
63287
63393
63407
63522
63561
63586
63657
63755
63768
63785
63813
63963
63972
63997
64001
64044
64164
64183
64240
64288
64292
64357
64430
64448
64457
64473
64486
64499
64567
64602
64607
64657
64684
64769
64814
64871
64898
64899
64942
65085
65137
65165
65239
65246
65261
65304
65305
65410
65454
65456
65492
65536
65776
65783
65807
65955
66010
66056
66088
66096
66218
66300
66314
66367
66494
66560
66645
66685
66859
66862
66895
66907
67040
67139
67305
67535
67553
67572
67595
67631
67666
67708
67746
67802
67901
67933
67945
67990
67999
68003
68039
68074
68078
68280
68441
68445
68456
68486
68497
68659
68679
68698
68724
68789
68841
68945
68970
69020
69027
69108
69315
69424
69563
69639
69685
69782
69978
70014
70103
70155
70314
70423
70467
70489
70614
70675
70680
70773
70883
70953
70996
71121
71239
71251
71256
71277
71407
71444
71527
71664
71708
71731
71801
71887
71951
71957
71983
71989
72094
72099
72141
72232
72254
72257
72283
72338
72387
72393
72398
72428
72436
72439
72518
72592
72623
72797
72919
72929
73096
73100
73194
73210
73220
73406
73469
73532
73534
73609
73617
73672
73709
73714
73786
73797
73825
73999
74179
74284
74370
74414
74517
74564
74630
74771
74783
74799
74807
74842
75021
75073
75114
75225
75328
75351
75458
75481
75506
75537
75608
75720
75742
76052
76074
76110
76254
76328
76500
76610
76641
76648
76778
76820
76956
76986
76991
77037
77099
77125
77162
77180
77202
77282
77292
77482
77510
77625
77681
77794
77881
77902
78005
78034
78134
78152
78162
78180
78198
78360
78367
78368
78376
78538
78547
78659
78691
78815
78865
78886
79000
79139
79175
79335
79367
79415
79448
79519
79541
79561
79746
79800
79841
80029
80086
80150
80377
80426
80616
80746
80783
80796
80921
80926
80965
81126
81135
81194
81450
81451
81488
81508
81573
81883
81910
82014
82052
82092
82144
82151
82215
82332
82420
82546
82585
82586
82619
82632
82820
82826
83105
83132
83145
83287
83298
83411
83551
83552
83582
83605
83649
83701
83702
83735
83923
83939
83960
83962
84015
84142
84245
84306
84334
84339
84387
84448
84570
84632
84656
84675
84790
85214
85227
85287
85301
85875
85919
85959
85974
86046
86059
86145
86301
86362
86371
86375
86427
86456
86483
86490
86567
86590
86612
86693
86703
86874
86964
86988
87015
87016
87117
87127
87273
87345
87378
87388
87409
87522
87614
87706
87801
87830
87856
87876
87966
88094
88123
88160
88162
88203
88288
88344
88418
88427
88437
88550
88626
88673
88855
88858
89020
89047
89138
89164
89208
89211
89216
89241
89249
89306
89388
89442
89482
89492
89624
89659
89706
89837
89864
89873
89985
90028
90073
90422
90457
90556
90820
90974
91063
91236
91257
91288
91570
91632
91686
91792
92138
92214
92361
92442
92472
92504
92519
92840
92841
92855
92909
92957
93013
93214
93253
93261
93528
93546
93697
93811
93876
93941
93960
94012
94230
94292
94600
94667
94705
94757
94796
94862
95004
95040
95254
95269
95447
95488
95600
95611
95640
95747
95791
95812
95868
95877
95885
95958
96044
96135
96147
96159
96233
96367
96370
96460
96645
96732
96997
97005
97146
97168
97220
97237
97272
97280
97306
97330
97349
97360
97425
97446
97523
97524
97583
97612
97725
97790
97907
97913
98169
98278
98371
98448
98556
98647
98654
98724
98739
98751
98765
98792
98870
98885
99014
99172
99511
99524
99543
99702
99734
99771
99805
99864
99949
99959
99987
100083
100146
100159
100240
100423
100596
100614
100625
100640
100658
100698
100891
101008
101081
101145
101239
101267
101336
101344
101407
101426
101548
101601
101647
101717
101869
101919
101941
102022
102078
102101
102164
102177
102229
102317
102390
102463
102524
102564
102595
102659
102795
103230
103359
103508
103584
103625
103699
103761
103913
103916
103932
104048
104202
104277
104285
104808
104894
104954
104980
105014
105098
105148
105267
105335
105429
105507
105680
105738
105752
105930
106072
106265
106270
106285
106461
106499
106546
106579
106697
106749
106756
106991
107168
107248
107624
107652
107692
107752
107806
107830
107867
107913
107946
107993
107996
108079
108141
108167
108395
108470
108669
108692
108738
108934
108969
109104
109145
109193
109213
109272
109273
109340
109442
109480
109503
109508
109770
109869
109977
110129
110311
110367
110387
110670
110753
110817
110905
111094
111417
111447
111609
111671
111750
111883
112099
112277
112336
112359
112584
112667
112760
112896
112897
113088
113216
113300
113385
113391
113537
113703
113730
113922
113974
114301
114345
114611
114708
114872
114942
114950
115016
115184
115222
115229
115231
115254
115564
115694
115969
116358
116533
116799
116819
116991
117110
117134
117186
117377
117447
117477
117568
117824
117906
118764
118833
118969
119027
119138
119148
119202
119233
119332
119376
119430
119506
119581
119752
119780
119795
119927
119945
120078
120239
120297
120355
120559
120573
120612
120847
120923
121027
121258
121383
121472
121506
121859
121897
122023
122208
122278
122339
122475
122641
122873
122917
122935
123028
123090
123655
123810
123853
124028
124128
124180
124354
124385
124565
124674
124717
124798
124811
124833
124999
125235
125277
125313
125620
125755
126033
126136
126159
126211
126646
127077
127231
127732
127764
127926
128177
128635
128780
129253
129644
129940
129976
130090
130182
130320
130377
130442
130836
130972
131041
131238
131301
131862
131906
132172
132198
132294
132354
133119
133296
133336
133569
133800
134383
134785
134857
135100
135241
135341
135417
135788
135865
135955
136299
136491
136677
136838
137132
137344
137593
137849
137874
138574
138607
138926
139256
139557
140136
140376
140568
140830
140949
141036
142255
142486
142723
142749
143455
143471
143667
143866
144692
144702
145181
145646
146290
146327
146470
147568
147570
147746
148367
148820
149087
150401
150434
150698
150751
151125
151237
151423
152024
152247
152403
153367
153565
153704
153758
153811
153833
153940
156192
157417
157522
157761
157764
159253
159510
160193
161473
163045
163903
165759
168942
169933
170403
170747
171526
172491
173541
178048
180562
185172
186933
187776
192158
203872
