1
5
6
18
22
23
34
38
44
45
62
72
87
89
103
104
106
107
108
117
137
140
144
150
166
167
176
177
180
206
207
208
210
214
220
225
248
249
256
260
274
277
283
292
302
308
309
321
330
338
339
346
366
371
373
382
386
398
410
423
448
453
457
458
473
476
481
483
495
498
505
519
526
530
538
553
564
579
583
586
619
626
629
653
656
668
671
679
682
688
694
698
708
716
719
721
723
725
727
745
753
772
782
792
795
797
799
800
813
815
832
845
851
858
859
880
882
893
895
904
928
943
951
960
961
963
969
975
984
989
992
1002
1019
1027
1042
1044
1052
1058
1062
1075
1084
1086
1088
1101
1127
1131
1157
1161
1162
1165
1182
1193
1195
1198
1199
1206
1209
1215
1217
1218
1221
1224
1242
1262
1263
1267
1270
1282
1289
1298
1310
1312
1316
1332
1350
1355
1383
1388
1392
1399
1414
1442
1449
1453
1462
1468
1481
1484
1488
1496
1498
1514
1518
1519
1524
1528
1535
1538
1550
1560
1566
1585
1587
1588
1592
1598
1607
1614
1615
1617
1618
1622
1680
1683
1688
1689
1699
1707
1711
1725
1743
1744
1745
1752
1755
1774
1777
1814
1819
1829
1835
1837
1845
1847
1856
1866
1883
1900
1901
1905
1906
1912
1914
1916
1918
1922
1929
1934
1936
1942
1946
1951
1962
1967
1975
1991
1992
1993
1997
1999
2004
2007
2008
2019
2033
2045
2050
2052
2055
2064
2075
2077
2091
2092
2107
2126
2131
2167
2169
2173
2181
2189
2200
2214
2221
2237
2245
2246
2253
2256
2265
2269
2282
2284
2290
2301
2306
2309
2310
2322
2324
2325
2330
2332
2336
2341
2348
2361
2362
2366
2372
2380
2391
2395
2397
2401
2413
2420
2423
2432
2437
2454
2460
2463
2472
2479
2489
2499
2520
2544
2549
2558
2562
2567
2568
2569
2579
2597
2601
2604
2612
2617
2620
2623
2629
2632
2636
2637
2638
2645
2646
2649
2652
2660
2669
2683
2684
2686
2714
2726
2727
2739
2742
2759
2762
2769
2773
2784
2795
2796
2806
2809
2834
2859
2876
2878
2882
2886
2893
2894
2897
2900
2906
2909
2912
2917
2919
2921
2925
2935
2948
2951
2961
2972
2975
2979
2985
2996
2998
3018
3034
3035
3042
3045
3051
3054
3058
3063
3069
3072
3078
3085
3088
3092
3094
3102
3105
3106
3111
3121
3122
3123
3124
3125
3129
3144
3149
3159
3160
3163
3167
3169
3170
3172
3178
3183
3198
3200
3239
3241
3250
3260
3269
3272
3286
3290
3291
3292
3296
3300
3304
3314
3317
3320
3322
3324
3335
3336
3337
3359
3362
3370
3379
3381
3392
3401
3413
3424
3450
3457
3470
3478
3492
3499
3504
3509
3515
3517
3520
3523
3527
3533
3536
3542
3545
3574
3579
3580
3584
3586
3589
3593
3594
3599
3601
3609
3615
3631
3641
3646
3660
3665
3668
3684
3685
3688
3700
3703
3712
3717
3725
3727
3746
3759
3761
3770
3777
3780
3787
3790
3791
3795
3802
3814
3827
3828
3841
3860
3865
3884
3889
3890
3894
3896
3905
3911
3915
3919
3928
3932
3934
3937
3938
3945
3946
3972
3978
3995
3999
4003
4004
4012
4016
4026
4028
4047
4056
4061
4068
4069
4074
4075
4079
4083
4090
4094
4116
4133
4155
4158
4166
4174
4189
4194
4200
4201
4204
4209
4218
4246
4263
4271
4273
4278
4284
4286
4289
4297
4307
4309
4311
4313
4317
4325
4348
4355
4358
4368
4374
4379
4397
4423
4427
4429
4435
4437
4445
4461
4463
4466
4468
4475
4481
4491
4499
4506
4508
4523
4524
4528
4534
4538
4540
4541
4545
4553
4556
4575
4585
4588
4600
4606
4627
4635
4650
4659
4662
4671
4675
4680
4686
4694
4700
4717
4741
4743
4750
4753
4761
4762
4765
4768
4773
4775
4776
4777
4784
4791
4793
4805
4815
4833
4835
4836
4837
4840
4841
4844
4847
4848
4859
4860
4862
4867
4893
4899
4912
4914
4916
4918
4922
4933
4934
4945
4956
4961
4983
4985
4996
5006
5008
5009
5013
5018
5034
5054
5066
5086
5090
5106
5114
5116
5124
5127
5134
5136
5138
5141
5143
5145
5150
5158
5168
5183
5185
5189
5194
5209
5222
5224
5234
5236
5243
5272
5286
5287
5289
5307
5315
5318
5322
5330
5341
5347
5349
5350
5351
5352
5354
5355
5379
5380
5390
5399
5405
5414
5415
5420
5433
5458
5468
5470
5484
5485
5491
5500
5512
5523
5530
5538
5542
5553
5557
5565
5571
5575
5579
5580
5585
5592
5612
5635
5661
5667
5670
5671
5675
5679
5687
5689
5708
5711
5713
5715
5717
5733
5736
5745
5747
5756
5757
5767
5773
5787
5797
5805
5808
5817
5820
5823
5826
5836
5855
5856
5860
5868
5870
5875
5881
5882
5887
5897
5901
5909
5919
5924
5929
5935
5938
5945
5980
5982
5983
5984
5987
5992
6002
6012
6017
6022
6029
6038
6052
6057
6059
6062
6065
6066
6073
6082
6085
6092
6098
6109
6117
6133
6137
6141
6149
6154
6158
6160
6172
6174
6178
6189
6192
6193
6194
6195
6202
6203
6206
6216
6223
6238
6261
6285
6299
6301
6310
6335
6336
6337
6350
6361
6365
6376
6413
6417
6455
6460
6462
6477
6482
6488
6489
6492
6500
6502
6503
6505
6512
6523
6527
6532
6537
6538
6541
6542
6545
6548
6553
6563
6565
6567
6571
6583
6590
6593
6598
6600
6602
6604
6608
6614
6619
6629
6634
6641
6648
6658
6659
6664
6665
6670
6682
6687
6701
6702
6719
6722
6730
6741
6755
6774
6778
6781
6782
6792
6796
6800
6824
6847
6848
6856
6858
6872
6887
6899
6900
6912
6915
6916
6937
6938
6941
6947
6948
6961
6967
6969
6977
6983
7002
7017
7025
7030
7031
7033
7036
7052
7055
7057
7063
7068
7071
7074
7082
7087
7089
7093
7100
7116
7120
7125
7132
7144
7146
7155
7162
7167
7173
7174
7184
7193
7198
7218
7220
7221
7226
7229
7241
7260
7267
7271
7279
7285
7292
7298
7306
7307
7309
7325
7327
7338
7342
7361
7389
7392
7393
7395
7402
7404
7411
7417
7421
7426
7443
7444
7446
7449
7450
7452
7477
7484
7491
7497
7500
7502
7505
7519
7520
7523
7532
7551
7563
7570
7571
7582
7585
7592
7594
7623
7628
7629
7643
7657
7658
7659
7660
7671
7687
7692
7697
7703
7728
7737
7740
7742
7746
7749
7750
7758
7762
7764
7772
7773
7781
7784
7795
7800
7807
7814
7829
7831
7840
7844
7849
7854
7855
7857
7859
7860
7862
7879
7881
7885
7893
7902
7908
7911
7914
7915
7919
7936
7939
7958
7959
7969
7973
7979
7982
7985
7987
7990
7998
8004
8007
8018
8019
8024
8031
8042
8047
8051
8053
8061
8072
8079
8080
8081
8082
8083
8089
8096
8099
8108
8121
8126
8130
8150
8152
8156
8162
8163
8172
8177
8197
8201
8224
8232
8251
8255
8264
8273
8281
8292
8304
8310
8316
8323
8334
8347
8363
8373
8376
8377
8379
8380
8381
8389
8401
8417
8422
8434
8438
8444
8450
8453
8455
8464
8465
8467
8477
8479
8482
8484
8492
8495
8497
8498
8502
8511
8517
8525
8558
8580
8582
8606
8614
8617
8621
8627
8629
8644
8646
8660
8676
8685
8693
8710
8722
8732
8736
8740
8745
8752
8753
8761
8765
8770
8781
8809
8811
8815
8822
8827
8829
8831
8834
8881
8883
8909
8910
8920
8931
8935
8947
8973
8978
8983
8987
8988
9003
9006
9012
9013
9037
9039
9046
9048
9063
9064
9066
9068
9070
9083
9085
9086
9115
9126
9129
9132
9144
9169
9173
9187
9190
9200
9205
9206
9213
9227
9234
9238
9261
9267
9277
9287
9290
9300
9306
9312
9321
9323
9330
9339
9348
9356
9365
9371
9386
9391
9406
9421
9446
9449
9452
9484
9489
9503
9515
9532
9546
9584
9586
9599
9603
9612
9624
9625
9633
9635
9638
9653
9657
9678
9680
9689
9705
9712
9717
9719
9731
9733
9736
9738
9743
9746
9751
9756
9762
9777
9781
9782
9787
9789
9790
9814
9831
9834
9841
9842
9858
9860
9862
9872
9880
9882
9897
9898
9904
9907
9910
9914
9915
9916
9918
9929
9933
9954
9957
9960
9989
9991
10004
10007
10015
10018
10019
10020
10038
10039
10043
10044
10072
10073
10089
10097
10098
10109
10113
10123
10132
10143
10155
10182
10189
10191
10193
10194
10206
10218
10226
10229
10242
10246
10256
10257
10259
10263
10277
10286
10295
10304
10328
10335
10342
10343
10344
10356
10361
10379
10387
10392
10394
10400
10411
10415
10422
10437
10443
10448
10450
10467
10469
10473
10479
10483
10503
10514
10515
10516
10517
10518
10528
10537
10543
10552
10590
10595
10596
10609
10610
10614
10619
10629
10659
10665
10670
10676
10684
10689
10691
10692
10701
10707
10710
10713
10727
10731
10733
10735
10738
10746
10750
10753
10760
10765
10767
10770
10775
10779
10781
10785
10800
10804
10807
10814
10828
10829
10830
10840
10844
10851
10856
10861
10867
10880
10881
10887
10901
10903
10904
10906
10910
10917
10919
10923
10925
10927
10934
10941
10944
10986
10987
11002
11034
11041
11042
11047
11048
11052
11055
11060
11062
11065
11076
11078
11081
11087
11092
11094
11106
11107
11115
11119
11123
11135
11142
11154
11180
11194
11196
11198
11202
11209
11221
11225
11228
11235
11245
11246
11267
11273
11282
11285
11291
11305
11332
11342
11344
11349
11355
11358
11362
11369
11372
11375
11389
11390
11394
11396
11402
11403
11405
11413
11426
11433
11434
11435
11437
11438
11455
11457
11466
11468
11482
11485
11498
11499
11503
11511
11542
11544
11556
11572
11585
11587
11590
11592
11600
11601
11623
11625
11628
11638
11642
11644
11658
11659
11663
11667
11672
11674
11675
11678
11679
11682
11696
11700
11709
11710
11731
11733
11736
11743
11752
11758
11763
11802
11813
11820
11825
11830
11833
11841
11843
11844
11851
11855
11864
11865
11875
11878
11885
11888
11896
11903
11907
11911
11930
11946
11959
11972
11979
11981
11983
11995
12005
12016
12025
12028
12047
12064
12066
12072
12099
12105
12106
12107
12109
12113
12115
12116
12117
12123
12124
12132
12146
12179
12181
12184
12189
12195
12204
12208
12215
12218
12227
12232
12246
12252
12254
12256
12259
12260
12262
12268
12274
12275
12277
12285
12307
12309
12312
12340
12359
12379
12388
12392
12407
12415
12446
12450
12455
12472
12478
12513
12515
12520
12522
12523
12529
12544
12550
12567
12569
12581
12600
12607
12611
12622
12642
12644
12648
12650
12653
12671
12673
12679
12689
12690
12697
12698
12712
12719
12728
12745
12752
12756
12760
12796
12800
12815
12825
12834
12841
12849
12854
12861
12877
12883
12885
12891
12916
12936
12939
12945
12947
12948
12949
12953
12955
12960
12963
12968
12969
12973
12983
13002
13031
13033
13052
13054
13061
13063
13072
13082
13083
13087
13090
13106
13116
13117
13127
13130
13135
13164
13170
13174
13175
13177
13181
13203
13211
13223
13233
13239
13248
13250
13251
13257
13290
13291
13296
13302
13306
13313
13329
13337
13339
13352
13358
13369
13370
13379
13388
13402
13409
13422
13427
13428
13430
13436
13458
13466
13468
13481
13483
13492
13502
13505
13512
13515
13516
13522
13529
13531
13535
13544
13548
13554
13564
13594
13597
13602
13609
13610
13616
13621
13628
13640
13643
13649
13663
13671
13686
13696
13700
13704
13708
13710
13721
13743
13750
13757
13761
13763
13769
13789
13791
13807
13817
13822
13829
13831
13834
13836
13837
13851
13859
13860
13861
13869
13875
13877
13894
13901
13905
13915
13917
13922
13938
13946
13948
13950
13954
13961
13969
13975
13977
13980
13993
14006
14009
14019
14030
14037
14042
14049
14051
14075
14080
14084
14087
14097
14098
14128
14137
14147
14177
14178
14179
14180
14190
14211
14225
14231
14232
14237
14238
14239
14241
14251
14256
14269
14279
14284
14286
14303
14328
14330
14355
14361
14378
14388
14394
14415
14421
14423
14425
14432
14435
14438
14439
14441
14462
14473
14476
14483
14494
14500
14505
14514
14519
14521
14526
14537
14549
14577
14589
14602
14624
14629
14636
14637
14638
14655
14662
14670
14675
14676
14687
14689
14693
14708
14715
14717
14718
14730
14731
14733
14739
14745
14746
14764
14770
14774
14776
14777
14783
14788
14789
14798
14799
14840
14841
14842
14856
14858
14893
14904
14913
14916
14917
14923
14930
14931
14932
14942
14951
14958
14965
14973
14980
14985
14992
15016
15018
15023
15031
15033
15039
15040
15045
15048
15067
15089
15092
15105
15115
15121
15124
15130
15133
15139
15140
15145
15185
15188
15219
15221
15222
15229
15233
15237
15245
15251
15259
15265
15268
15281
15284
15294
15305
15307
15324
15328
15334
15335
15344
15351
15354
15355
15378
15391
15398
15402
15403
15415
15418
15422
15465
15471
15483
15486
15494
15500
15505
15518
15539
15556
15560
15580
15585
15587
15592
15601
15602
15623
15632
15642
15645
15659
15670
15671
15675
15684
15690
15693
15706
15734
15737
15741
15753
15756
15779
15781
15792
15796
15806
15809
15810
15821
15830
15833
15836
15837
15847
15856
15868
15871
15881
15882
15907
15921
15922
15950
15987
15990
15996
16033
16039
16045
16050
16053
16062
16070
16080
16082
16109
16111
16112
16126
16128
16133
16146
16162
16170
16172
16195
16206
16207
16210
16215
16223
16235
16237
16243
16245
16247
16258
16271
16286
16307
16323
16331
16337
16340
16342
16358
16365
16373
16376
16381
16388
16391
16400
16410
16419
16425
16428
16436
16439
16442
16444
16446
16448
16483
16486
16523
16542
16581
16583
16590
16592
16609
16614
16616
16619
16631
16633
16635
16651
16663
16678
16680
16689
16691
16695
16697
16698
16741
16742
16750
16760
16767
16770
16772
16776
16777
16778
16784
16815
16827
16850
16854
16860
16865
16879
16890
16900
16906
16911
16931
16934
16936
16937
16960
16997
16999
17000
17005
17009
17021
17028
17037
17042
17044
17047
17060
17088
17099
17119
17127
17138
17159
17162
17171
17173
17201
17205
17209
17218
17219
17220
17232
17234
17249
17260
17266
17267
17269
17277
17281
17282
17288
17300
17306
17338
17343
17347
17349
17357
17367
17369
17371
17377
17379
17388
17406
17409
17414
17432
17435
17457
17462
17475
17478
17479
17483
17538
17539
17546
17571
17593
17603
17607
17634
17639
17645
17649
17658
17660
17663
17668
17689
17697
17703
17719
17720
17729
17735
17742
17757
17762
17774
17776
17777
17785
17787
17797
17808
17824
17826
17827
17829
17836
17843
17844
17848
17849
17852
17868
17869
17877
17884
17886
17894
17895
17900
17902
17907
17917
17921
17922
17930
17941
17943
17945
17949
17952
17953
17966
17967
17980
18000
18005
18011
18030
18040
18049
18056
18062
18072
18074
18082
18089
18092
18100
18103
18112
18132
18133
18135
18142
18150
18152
18155
18168
18172
18174
18180
18182
18183
18185
18198
18215
18222
18240
18252
18269
18275
18277
18287
18291
18292
18295
18310
18313
18316
18324
18344
18354
18355
18368
18379
18387
18388
18393
18404
18410
18412
18414
18425
18436
18442
18450
18459
18462
18471
18472
18480
18481
18483
18486
18521
18537
18543
18549
18557
18571
18585
18588
18594
18608
18609
18611
18631
18658
18670
18682
18688
18700
18706
18712
18725
18731
18733
18739
18740
18743
18746
18784
18799
18801
18803
18805
18807
18810
18817
18824
18828
18836
18846
18878
18902
18906
18909
18929
18930
18931
18932
18940
18945
18948
18975
18981
19000
19017
19019
19036
19044
19049
19051
19056
19065
19068
19075
19079
19085
19097
19106
19108
19109
19116
19118
19128
19145
19167
19172
19175
19185
19193
19207
19227
19228
19242
19243
19244
19249
19254
19263
19279
19289
19301
19315
19324
19326
19331
19336
19358
19365
19367
19369
19383
19385
19390
19395
19397
19399
19409
19411
19418
19421
19424
19430
19451
19455
19466
19468
19476
19490
19496
19501
19515
19522
19524
19527
19532
19537
19554
19558
19570
19578
19583
19608
19610
19611
19622
19626
19632
19661
19662
19669
19670
19696
19721
19722
19734
19751
19755
19778
19791
19811
19816
19817
19819
19824
19827
19828
19836
19843
19851
19855
19873
19881
19891
19895
19902
19907
19919
19938
19942
19943
19946
19970
19973
19979
20020
20022
20023
20025
20028
20030
20035
20041
20042
20045
20063
20068
20076
20089
20102
20103
20107
20113
20119
20120
20147
20152
20166
20169
20171
20183
20186
20187
20188
20190
20195
20203
20232
20242
20256
20261
20262
20263
20274
20277
20286
20299
20305
20309
20317
20322
20339
20341
20342
20346
20355
20359
20382
20388
20397
20399
20402
20404
20408
20443
20444
20447
20449
20457
20459
20473
20484
20490
20492
20503
20507
20508
20512
20522
20536
20550
20565
20569
20576
20589
20606
20620
20623
20626
20639
20643
20653
20662
20679
20688
20700
20712
20728
20737
20743
20746
20747
20749
20751
20759
20770
20771
20773
20775
20782
20789
20794
20799
20814
20833
20835
20837
20838
20840
20844
20851
20855
20885
20887
20897
20902
20904
20908
20927
20934
20936
20954
20961
20962
20969
20980
21003
21012
21025
21027
21031
21035
21038
21044
21053
21068
21069
21076
21085
21089
21090
21091
21106
21115
21117
21121
21140
21141
21154
21155
21156
21173
21179
21185
21190
21199
21202
21205
21234
21248
21257
21260
21272
21295
21299
21300
21313
21318
21319
21346
21347
21364
21380
21382
21386
21393
21396
21415
21418
21425
21427
21433
21435
21441
21447
21450
21458
21465
21468
21487
21492
21496
21527
21534
21549
21550
21563
21572
21578
21581
21603
21620
21645
21647
21654
21664
21668
21689
21695
21699
21702
21711
21716
21718
21722
21736
21742
21744
21746
21748
21754
21758
21762
21776
21783
21786
21793
21805
21812
21813
21818
21819
21826
21828
21845
21862
21876
21888
21895
21901
21929
21935
21937
21942
21964
21977
21980
21988
21989
21993
21995
21996
22016
22023
22032
22042
22045
22048
22053
22064
22067
22068
22073
22076
22084
22087
22091
22097
22102
22115
22121
22129
22153
22162
22164
22169
22191
22200
22242
22244
22245
22250
22270
22272
22273
22274
22281
22286
22287
22290
22316
22320
22322
22324
22331
22336
22340
22342
22358
22361
22366
22372
22376
22379
22395
22406
22419
22423
22425
22445
22466
22469
22472
22475
22481
22498
22505
22511
22521
22529
22541
22546
22575
22581
22587
22590
22591
22592
22594
22595
22602
22613
22617
22624
22626
22637
22669
22700
22706
22708
22715
22727
22728
22734
22765
22769
22772
22778
22784
22794
22809
22813
22821
22827
22837
22842
22846
22852
22854
22876
22912
22915
22969
22984
22997
22998
23006
23008
23016
23018
23019
23022
23037
23039
23049
23054
23069
23086
23092
23104
23111
23117
23122
23124
23133
23142
23155
23165
23171
23178
23179
23183
23184
23185
23188
23190
23191
23195
23197
23200
23207
23213
23230
23235
23239
23253
23259
23273
23275
23284
23289
23298
23301
23309
23313
23321
23336
23354
23359
23367
23392
23396
23412
23421
23424
23426
23438
23442
23474
23477
23481
23500
23507
23510
23522
23541
23544
23550
23570
23587
23597
23611
23613
23618
23620
23633
23635
23637
23640
23641
23644
23650
23656
23666
23667
23676
23678
23680
23689
23700
23728
23747
23758
23767
23779
23784
23785
23788
23804
23826
23840
23842
23844
23852
23858
23867
23868
23870
23884
23886
23915
23934
23948
23953
23965
23975
23993
23998
24001
24005
24010
24041
24043
24058
24062
24068
24070
24099
24107
24115
24119
24122
24124
24131
24134
24141
24165
24171
24178
24181
24183
24184
24187
24194
24208
24214
24221
24224
24236
24242
24251
24264
24275
24277
24285
24287
24297
24298
24303
24338
24358
24359
24363
24366
24368
24380
24385
24398
24400
24418
24422
24432
24433
24442
24444
24446
24455
24465
24468
24469
24471
24479
24491
24494
24501
24516
24518
24534
24550
24553
24554
24557
24582
24583
24588
24591
24611
24612
24615
24621
24637
24645
24649
24652
24654
24657
24659
24661
24663
24669
24673
24685
24688
24690
24695
24706
24709
24713
24716
24720
24721
24724
24736
24753
24755
24772
24774
24783
24784
24788
24795
24802
24804
24808
24816
24818
24828
24833
24860
24873
24889
24891
24900
24902
24916
24935
24946
24970
24971
24977
24983
24989
24994
25006
25012
25019
25021
25024
25032
25033
25036
25040
25057
25063
25071
25081
25084
25091
25093
25114
25118
25159
25166
25190
25196
25202
25205
25209
25214
25223
25228
25239
25249
25252
25259
25269
25276
25288
25290
25292
25297
25306
25311
25326
25349
25356
25361
25362
25364
25366
25368
25371
25372
25379
25393
25402
25404
25422
25426
25436
25443
25454
25458
25461
25467
25471
25472
25478
25479
25488
25490
25491
25502
25507
25536
25543
25555
25581
25593
25599
25601
25608
25613
25621
25632
25634
25648
25651
25666
25668
25689
25697
25709
25728
25730
25737
25754
25763
25767
25779
25783
25785
25791
25796
25798
25808
25810
25818
25827
25830
25850
25873
25875
25900
25904
25926
25938
25947
25951
25961
25977
25986
25990
26003
26009
26050
26060
26066
26094
26099
26109
26114
26117
26129
26135
26140
26148
26153
26166
26187
26198
26211
26229
26238
26241
26249
26260
26272
26277
26287
26290
26331
26334
26335
26345
26351
26360
26376
26384
26399
26405
26414
26433
26438
26447
26451
26453
26481
26485
26501
26507
26509
26514
26517
26525
26552
26585
26589
26597
26598
26608
26615
26623
26627
26660
26669
26670
26680
26684
26692
26693
26707
26708
26711
26715
26728
26729
26736
26761
26766
26768
26813
26830
26837
26844
26845
26853
26856
26861
26867
26873
26878
26879
26885
26892
26908
26911
26914
26916
26921
26926
26927
26929
26934
26937
26951
26955
26967
26971
26977
26978
26996
26998
26999
27005
27012
27020
27026
27028
27032
27036
27042
27056
27063
27066
27074
27089
27104
27105
27113
27124
27126
27127
27129
27131
27132
27134
27139
27143
27155
27166
27169
27173
27180
27184
27189
27207
27212
27217
27220
27221
27224
27230
27234
27243
27246
27252
27260
27276
27282
27284
27289
27291
27302
27313
27352
27359
27370
27375
27381
27391
27392
27397
27409
27410
27419
27438
27447
27449
27450
27453
27459
27469
27477
27481
27484
27487
27492
27494
27497
27504
27505
27511
27522
27523
27527
27533
27535
27544
27547
27549
27586
27587
27591
27606
27612
27620
27621
27627
27645
27655
27671
27680
27681
27699
27704
27706
27708
27710
27716
27721
27724
27730
27734
27740
27753
27762
27782
27791
27794
27800
27809
27821
27828
27839
27856
27866
27875
27881
27884
27885
27886
27887
27900
27901
27905
27911
27915
27923
27926
27928
27932
27935
27936
27949
27953
27963
27970
27987
28006
28014
28018
28026
28029
28039
28040
28047
28049
28051
28053
28056
28069
28078
28089
28110
28116
28129
28154
28161
28165
28185
28187
28191
28196
28200
28201
28207
28211
28214
28216
28217
28230
28231
28239
28242
28249
28251
28263
28273
28303
28305
28321
28344
28351
28360
28363
28376
28382
28384
28388
28389
28406
28423
28425
28426
28429
28438
28444
28452
28458
28461
28465
28474
28477
28480
28482
28486
28496
28498
28509
28514
28536
28537
28543
28548
28555
28560
28563
28572
28576
28577
28585
28588
28590
28592
28599
28615
28621
28628
28635
28636
28639
28642
28652
28671
28673
28689
28691
28705
28710
28720
28729
28739
28763
28780
28784
28806
28809
28835
28858
28878
28918
28925
28933
28937
28965
29029
29036
29044
29050
29059
29062
29064
29072
29085
29086
29119
29122
29126
29132
29133
29135
29141
29145
29147
29156
29162
29170
29171
29178
29180
29187
29196
29199
29202
29206
29219
29220
29222
29233
29235
29242
29249
29256
29261
29263
29265
29270
29283
29288
29289
29298
29301
29304
29306
29310
29314
29335
29340
29341
29343
29360
29367
29381
29385
29386
29406
29409
29415
29424
29433
29437
29445
29449
29450
29463
29469
29471
29477
29484
29488
29522
29529
29536
29545
29575
29576
29581
29582
29591
29619
29621
29632
29639
29642
29646
29649
29654
29656
29658
29674
29679
29683
29691
29724
29728
29766
29767
29777
29804
29810
29822
29823
29826
29829
29841
29850
29857
29859
29865
29875
29885
29888
29892
29907
29908
29921
29923
29928
29948
29950
29975
29977
29984
29985
29991
30028
30031
30046
30049
30052
30067
30071
30072
30098
30103
30105
30108
30111
30115
30123
30145
30147
30149
30153
30155
30160
30171
30172
30173
30226
30228
30244
30245
30250
30255
30258
30276
30277
30282
30284
30296
30301
30313
30316
30327
30328
30330
30339
30342
30356
30369
30380
30383
30392
30404
30417
30432
30433
30435
30436
30444
30450
30466
30470
30475
30488
30493
30497
30500
30503
30513
30514
30515
30532
30534
30536
30537
30568
30609
30619
30626
30628
30630
30631
30638
30660
30675
30681
30689
30691
30709
30728
30740
30748
30756
30783
30824
30828
30829
30836
30837
30841
30846
30850
30853
30864
30866
30879
30885
30888
30889
30928
30929
30931
30933
30938
30940
30948
30955
30961
30971
30978
30996
31009
31010
31012
31028
31030
31035
31047
31062
31080
31082
31090
31092
31098
31105
31108
31123
31127
31145
31147
31159
31162
31181
31182
31191
31205
31220
31225
31241
31260
31262
31267
31269
31275
31280
31281
31282
31297
31302
31312
31328
31329
31342
31347
31355
31364
31369
31375
31377
31384
31389
31391
31393
31418
31422
31444
31452
31456
31465
31478
31496
31519
31525
31536
31575
31591
31597
31606
31613
31640
31646
31656
31660
31669
31677
31682
31683
31702
31718
31722
31724
31730
31731
31737
31738
31740
31786
31792
31795
31801
31819
31826
31838
31841
31843
31859
31873
31885
31888
31899
31926
31933
31945
31948
31949
31963
31967
31969
31972
31979
31989
31997
31998
32003
32007
32008
32022
32024
32025
32028
32059
32063
32081
32087
32096
32102
32106
32114
32120
32130
32141
32142
32150
32160
32166
32185
32191
32195
32198
32200
32202
32225
32241
32243
32255
32278
32284
32322
32347
32372
32384
32391
32395
32409
32419
32447
32463
32467
32472
32478
32482
32484
32529
32554
32562
32567
32573
32610
32624
32627
32630
32631
32636
32638
32644
32665
32667
32669
32674
32681
32684
32687
32695
32699
32703
32708
32750
32761
32765
32770
32772
32773
32775
32776
32777
32778
32806
32808
32811
32812
32815
32822
32823
32824
32826
32840
32847
32851
32876
32879
32892
32895
32906
32907
32914
32924
32928
32931
32943
32975
32976
33013
33016
33031
33043
33045
33046
33054
33058
33060
33065
33078
33080
33089
33093
33104
33129
33150
33153
33154
33164
33166
33167
33169
33177
33189
33191
33204
33211
33221
33226
33237
33240
33251
33279
33284
33290
33305
33306
33313
33315
33316
33324
33335
33336
33338
33346
33367
33379
33380
33384
33387
33390
33456
33470
33483
33498
33510
33519
33523
33525
33526
33537
33552
33557
33564
33569
33570
33573
33583
33595
33619
33638
33642
33649
33657
33661
33669
33673
33675
33699
33716
33722
33725
33754
33763
33766
33768
33774
33776
33782
33784
33786
33791
33796
33816
33817
33834
33844
33865
33880
33902
33915
33925
33933
33936
33938
33952
33953
33961
33965
33977
33982
33987
33990
34002
34014
34047
34052
34056
34064
34071
34087
34107
34112
34114
34129
34144
34147
34162
34167
34180
34195
34199
34202
34225
34233
34247
34272
34274
34277
34296
34303
34307
34315
34338
34341
34373
34391
34421
34424
34427
34438
34450
34458
34460
34466
34474
34478
34489
34495
34498
34500
34506
34524
34540
34544
34555
34562
34563
34567
34583
34599
34603
34607
34609
34615
34620
34621
34623
34640
34642
34645
34651
34657
34667
34668
34671
34675
34676
34692
34700
34713
34715
34722
34723
34734
34735
34745
34747
34756
34763
34765
34792
34799
34804
34824
34826
34830
34833
34840
34844
34849
34851
34853
34865
34877
34886
34890
34896
34924
34929
34930
34940
34949
34954
34963
34968
34991
34998
35026
35064
35065
35071
35074
35077
35080
35083
35099
35111
35135
35148
35151
35164
35176
35181
35184
35193
35198
35207
35220
35237
35244
35254
35259
35264
35284
35290
35309
35311
35314
35316
35339
35340
35350
35364
35368
35375
35377
35385
35387
35391
35395
35410
35422
35425
35435
35443
35465
35471
35483
35495
35506
35511
35513
35523
35537
35546
35560
35571
35572
35581
35592
35598
35616
35622
35635
35639
35641
35648
35651
35693
35713
35715
35721
35722
35724
35726
35734
35739
35767
35770
35781
35823
35825
35826
35838
35840
35855
35863
35871
35872
35878
35885
35898
35914
35915
35923
35924
35940
35945
35949
35952
35958
35967
35977
35978
35998
36000
36020
36040
36048
36050
36079
36081
36083
36087
36089
36095
36143
36144
36145
36147
36148
36156
36160
36168
36184
36198
36227
36228
36235
36257
36273
36295
36303
36305
36323
36325
36332
36339
36345
36349
36352
36354
36355
36356
36369
36380
36383
36384
36393
36399
36403
36437
36450
36479
36483
36492
36499
36507
36509
36526
36537
36540
36547
36550
36554
36555
36559
36565
36566
36567
36596
36597
36615
36621
36642
36643
36646
36650
36682
36690
36694
36696
36701
36706
36722
36728
36731
36736
36746
36748
36778
36779
36799
36804
36807
36810
36831
36838
36842
36846
36866
36899
36901
36907
36911
36915
36917
36926
36940
36963
36975
36976
36979
36986
36999
37004
37012
37020
37025
37029
37041
37047
37055
37067
37101
37154
37163
37175
37181
37189
37194
37198
37210
37212
37216
37218
37225
37231
37236
37238
37241
37251
37256
37259
37264
37268
37278
37281
37295
37296
37301
37306
37329
37334
37348
37356
37361
37378
37384
37388
37392
37418
37429
37451
37473
37474
37481
37486
37499
37518
37523
37529
37537
37556
37562
37565
37567
37573
37579
37580
37590
37610
37629
37637
37639
37661
37678
37705
37734
37747
37748
37751
37753
37761
37772
37773
37799
37802
37809
37817
37832
37843
37844
37853
37859
37873
37881
37894
37897
37908
37914
37927
37929
37938
37939
37955
37965
37969
37976
37989
38000
38001
38006
38028
38031
38044
38055
38070
38082
38083
38086
38089
38094
38104
38116
38135
38136
38139
38140
38150
38163
38171
38200
38207
38225
38233
38248
38254
38265
38267
38273
38275
38281
38285
38303
38306
38307
38342
38343
38345
38347
38360
38371
38381
38382
38389
38394
38398
38407
38414
38444
38453
38471
38495
38505
38511
38512
38514
38523
38525
38526
38527
38537
38549
38554
38560
38562
38570
38585
38592
38598
38599
38610
38630
38642
38646
38657
38658
38659
38681
38692
38695
38696
38711
38714
38719
38728
38730
38737
38744
38746
38753
38757
38765
38766
38777
38778
38796
38798
38800
38808
38819
38833
38843
38845
38852
38863
38877
38888
38899
38905
38913
38922
38931
38936
38953
38960
38965
38972
38998
39001
39017
39018
39022
39036
39046
39056
39068
39076
39077
39088
39105
39119
39153
39166
39169
39172
39186
39190
39192
39194
39199
39210
39219
39232
39240
39260
39275
39278
39300
39311
39330
39333
39336
39354
39362
39372
39376
39388
39395
39404
39410
39419
39437
39440
39451
39454
39460
39468
39471
39472
39476
39480
39497
39502
39505
39506
39535
39544
39545
39564
39590
39596
39600
39612
39615
39618
39636
39639
39700
39704
39705
39727
39734
39741
39743
39751
39767
39785
39801
39840
39868
39870
39879
39882
39912
39942
39948
39956
39964
39977
39999
40013
40044
40047
40050
40052
40059
40068
40073
40075
40076
40118
40136
40152
40161
40166
40171
40174
40175
40188
40204
40208
40216
40220
40221
40232
40274
40287
40292
40293
40314
40320
40323
40324
40327
40330
40338
40341
40366
40376
40391
40393
40399
40413
40418
40441
40457
40460
40484
40489
40517
40523
40531
40543
40553
40558
40567
40579
40582
40594
40604
40618
40620
40628
40630
40641
40651
40653
40665
40669
40684
40686
40688
40690
40692
40724
40751
40755
40760
40780
40786
40798
40803
40807
40819
40877
40884
40885
40897
40898
40905
40909
40940
40950
40963
40967
40969
40973
40974
40988
40993
41010
41016
41020
41022
41034
41041
41044
41048
41071
41099
41105
41107
41110
41112
41113
41118
41131
41133
41134
41153
41168
41175
41188
41193
41196
41203
41234
41239
41247
41258
41271
41278
41285
41289
41293
41294
41350
41351
41359
41364
41372
41381
41385
41391
41410
41431
41447
41456
41457
41460
41463
41464
41488
41490
41528
41545
41552
41571
41606
41607
41615
41623
41659
41674
41680
41686
41691
41693
41718
41725
41738
41745
41749
41752
41753
41756
41759
41767
41774
41787
41792
41811
41813
41827
41841
41847
41853
41855
41857
41868
41873
41876
41880
41887
41893
41901
41910
41922
41923
41934
41993
42012
42017
42024
42025
42028
42042
42058
42064
42074
42084
42088
42091
42095
42101
42104
42114
42125
42154
42162
42185
42201
42207
42218
42228
42234
42252
42263
42271
42276
42279
42284
42303
42318
42319
42331
42336
42340
42341
42346
42349
42372
42392
42394
42399
42411
42412
42415
42426
42427
42433
42438
42449
42469
42489
42493
42494
42501
42511
42517
42519
42520
42525
42532
42550
42569
42571
42583
42585
42593
42599
42628
42629
42678
42692
42694
42696
42710
42720
42722
42734
42743
42766
42786
42789
42793
42808
42810
42818
42821
42840
42845
42847
42862
42866
42873
42881
42887
42890
42896
42898
42902
42914
42926
42927
42929
42958
42976
42979
42980
42982
42991
42997
43007
43012
43017
43025
43032
43039
43062
43067
43074
43078
43079
43085
43090
43094
43102
43117
43124
43126
43145
43146
43157
43169
43172
43173
43177
43193
43196
43205
43206
43229
43231
43243
43271
43280
43287
43307
43311
43312
43321
43326
43328
43342
43346
43367
43375
43376
43377
43378
43382
43386
43388
43396
43447
43473
43478
43484
43504
43505
43517
43532
43536
43550
43552
43558
43560
43567
43576
43589
43593
43597
43612
43614
43617
43621
43628
43639
43642
43678
43682
43728
43730
43733
43741
43749
43751
43754
43759
43761
43774
43785
43788
43811
43837
43848
43851
43863
43866
43868
43874
43896
43906
43910
43915
43926
43938
43956
43957
43960
43966
43981
43990
43998
44002
44007
44009
44013
44019
44038
44045
44055
44057
44060
44061
44062
44077
44080
44081
44093
44108
44115
44122
44129
44133
44145
44153
44165
44174
44177
44183
44215
44217
44242
44254
44259
44271
44330
44332
44339
44342
44348
44352
44354
44358
44368
44372
44392
44420
44422
44424
44425
44430
44437
44440
44441
44450
44451
44468
44471
44484
44487
44496
44502
44521
44536
44551
44555
44559
44570
44589
44592
44593
44595
44600
44603
44606
44614
44646
44658
44661
44663
44670
44672
44675
44679
44688
44696
44698
44700
44706
44710
44714
44722
44730
44743
44748
44749
44753
44756
44763
44774
44780
44783
44787
44796
44804
44810
44816
44819
44820
44826
44833
44846
44853
44855
44863
44882
44887
44889
44896
44905
44915
44916
44927
44942
44945
44947
44950
44971
44998
45004
45010
45028
45033
45041
45047
45062
45068
45078
45087
45093
45101
45113
45120
45126
45137
45142
45152
45162
45163
45167
45185
45197
45200
45276
45280
45284
45288
45304
45314
45316
45321
45325
45342
45344
45347
45348
45361
45384
45387
45388
45410
45416
45435
45437
45443
45445
45450
45461
45472
45476
45485
45493
45498
45502
45527
45551
45552
45554
45567
45573
45596
45603
45627
45629
45635
45646
45653
45659
45669
45690
45696
45712
45717
45721
45732
45754
45755
45767
45768
45773
45775
45778
45795
45803
45809
45819
45829
45838
45860
45893
45894
45899
45908
45914
45921
45932
45933
45936
45940
45942
45943
45983
45995
46009
46020
46030
46037
46045
46050
46052
46055
46062
46065
46074
46085
46093
46095
46100
46112
46119
46125
46128
46129
46141
46143
46157
46178
46183
46184
46188
46198
46207
46230
46253
46258
46273
46298
46310
46312
46314
46317
46323
46340
46344
46354
46363
46364
46379
46384
46408
46414
46418
46426
46439
46457
46458
46471
46487
46517
46523
46526
46538
46565
46576
46589
46590
46619
46623
46657
46689
46699
46701
46719
46721
46723
46737
46755
46764
46769
46773
46774
46781
46800
46815
46817
46833
46840
46850
46854
46856
46869
46871
46872
46877
46883
46884
46890
46895
46896
46907
46911
46914
46923
46932
46941
46948
46957
47005
47008
47017
47019
47021
47027
47047
47051
47059
47063
47070
47103
47112
47129
47132
47155
47162
47165
47195
47253
47254
47278
47301
47309
47314
47333
47344
47364
47369
47371
47382
47389
47400
47404
47441
47443
47447
47449
47457
47467
47470
47472
47493
47529
47541
47551
47564
47575
47588
47603
47612
47616
47642
47654
47656
47670
47687
47693
47703
47710
47715
47716
47746
47747
47751
47756
47759
47770
47781
47785
47801
47814
47817
47829
47858
47874
47877
47891
47903
47904
47909
47911
47913
47919
47925
47931
47932
47934
47954
47956
47981
47982
47996
48013
48016
48020
48028
48030
48062
48094
48096
48102
48105
48108
48114
48118
48128
48135
48136
48142
48143
48153
48157
48182
48184
48223
48235
48238
48246
48261
48274
48281
48287
48310
48317
48321
48334
48345
48364
48379
48391
48397
48407
48409
48423
48424
48434
48443
48445
48446
48450
48470
48472
48476
48477
48482
48489
48493
48504
48508
48513
48538
48542
48544
48550
48561
48565
48588
48598
48613
48614
48617
48630
48642
48668
48673
48691
48697
48705
48714
48733
48739
48753
48754
48763
48769
48774
48781
48787
48794
48796
48811
48841
48857
48890
48896
48915
48921
48937
48939
48949
48964
48988
49000
49002
49009
49012
49015
49022
49025
49033
49035
49042
49071
49074
49075
49107
49109
49116
49120
49130
49139
49148
49159
49167
49177
49181
49187
49189
49190
49195
49196
49207
49211
49218
49222
49239
49243
49249
49254
49255
49257
49265
49270
49276
49289
49292
49324
49336
49338
49353
49356
49368
49398
49405
49421
49427
49433
49471
49475
49481
49510
49520
49523
49526
49527
49538
49539
49541
49545
49550
49552
49559
49563
49568
49583
49600
49607
49611
49620
49633
49647
49656
49661
49662
49663
49667
49681
49687
49697
49707
49733
49737
49738
49747
49749
49763
49771
49798
49805
49811
49826
49832
49841
49845
49857
49874
49907
49910
49927
49943
49947
49953
49985
49994
50002
50008
50027
50032
50044
50050
50071
50072
50073
50091
50092
50094
50103
50110
50114
50120
50121
50139
50161
50177
50194
50209
50234
50265
50271
50276
50277
50279
50301
50338
50346
50351
50361
50373
50382
50385
50389
50392
50393
50395
50404
50410
50421
50424
50430
50436
50450
50461
50473
50480
50482
50486
50495
50498
50502
50505
50512
50524
50526
50547
50557
50562
50566
50572
50577
50589
50592
50609
50621
50623
50643
50649
50672
50683
50692
50694
50695
50698
50710
50722
50725
50746
50754
50755
50758
50763
50767
50771
50794
50812
50815
50833
50848
50863
50872
50887
50896
50913
50930
50936
50937
50943
50951
50964
50967
50975
50982
50995
51005
51010
51013
51021
51029
51032
51033
51036
51040
51052
51054
51085
51087
51090
51101
51107
51112
51116
51117
51122
51141
51143
51145
51150
51159
51181
51183
51207
51228
51230
51233
51237
51241
51246
51255
51286
51287
51295
51297
51306
51320
51324
51329
51353
51364
51374
51390
51392
51396
51423
51435
51441
51451
51457
51460
51463
51484
51487
51502
51514
51519
51521
51525
51526
51529
51537
51541
51544
51550
51571
51576
51578
51590
51591
51605
51607
51608
51614
51618
51621
51629
51668
51681
51692
51701
51704
51706
51713
51722
51725
51733
51744
51763
51772
51788
51799
51813
51825
51828
51842
51846
51887
51896
51898
51900
51901
51909
51919
51965
51970
52002
52008
52014
52015
52020
52024
52041
52073
52078
52080
52125
52135
52140
52147
52151
52164
52173
52175
52200
52218
52233
52234
52241
52243
52263
52269
52291
52299
52301
52310
52324
52326
52328
52334
52341
52380
52382
52383
52393
52398
52415
52426
52446
52448
52454
52463
52465
52481
52489
52501
52502
52504
52527
52531
52540
52545
52550
52555
52572
52575
52576
52590
52606
52619
52625
52630
52637
52653
52666
52681
52687
52690
52694
52699
52705
52707
52721
52752
52757
52758
52772
52774
52797
52803
52807
52835
52890
52892
52896
52901
52919
52920
52923
52940
52950
52955
52958
52982
52985
52993
53000
53048
53058
53068
53076
53077
53080
53090
53119
53120
53134
53138
53172
53173
53179
53183
53190
53195
53209
53216
53217
53252
53254
53255
53257
53275
53293
53294
53306
53311
53316
53325
53328
53331
53334
53344
53358
53362
53377
53378
53385
53390
53392
53396
53405
53406
53411
53424
53438
53442
53445
53461
53476
53523
53527
53533
53536
53555
53560
53565
53573
53576
53619
53620
53626
53645
53647
53652
53654
53658
53659
53677
53685
53686
53689
53690
53693
53701
53711
53713
53715
53729
53743
53746
53763
53781
53787
53796
53805
53817
53820
53824
53828
53837
53859
53862
53878
53881
53888
53905
53923
53936
53941
53953
53954
53961
53971
53998
54004
54014
54016
54020
54024
54042
54052
54056
54060
54075
54085
54092
54112
54119
54134
54143
54146
54165
54179
54183
54184
54206
54211
54216
54219
54237
54239
54244
54255
54259
54279
54286
54295
54304
54313
54331
54343
54392
54410
54450
54473
54477
54482
54510
54512
54528
54532
54561
54562
54563
54566
54568
54576
54592
54593
54600
54608
54625
54630
54636
54642
54655
54674
54677
54680
54682
54689
54691
54696
54701
54714
54721
54723
54749
54760
54783
54800
54802
54807
54813
54819
54820
54823
54834
54842
54847
54851
54853
54859
54876
54878
54891
54904
54913
54916
54941
54946
54947
54957
54971
54979
54985
54989
54999
55007
55011
55018
55026
55027
55033
55048
55057
55089
55097
55108
55116
55133
55146
55156
55158
55162
55164
55176
55181
55182
55209
55212
55216
55222
55247
55253
55254
55259
55287
55298
55308
55311
55316
55325
55326
55329
55331
55335
55343
55362
55382
55385
55388
55400
55409
55410
55413
55417
55446
55448
55458
55481
55500
55503
55509
55522
55529
55533
55536
55540
55545
55547
55560
55566
55577
55579
55585
55591
55601
55614
55638
55641
55651
55658
55665
55667
55673
55691
55693
55695
55701
55707
55713
55718
55736
55779
55785
55809
55844
55849
55851
55854
55888
55891
55893
55905
55911
55915
55924
55946
55951
55956
56028
56032
56041
56044
56049
56054
56061
56067
56086
56098
56101
56116
56122
56125
56130
56146
56156
56157
56173
56176
56180
56182
56186
56216
56220
56229
56241
56247
56299
56302
56317
56323
56326
56354
56365
56367
56371
56380
56384
56387
56390
56396
56411
56416
56422
56424
56427
56432
56440
56446
56447
56456
56461
56472
56484
56509
56514
56517
56521
56550
56556
56577
56581
56584
56585
56587
56589
56643
56645
56653
56672
56679
56680
56683
56690
56700
56712
56725
56732
56735
56742
56745
56762
56784
56800
56802
56812
56814
56832
56861
56869
56877
56895
56901
56906
56911
56951
56962
56975
56977
56985
56988
57008
57009
57020
57031
57035
57036
57043
57072
57076
57097
57102
57117
57120
57129
57138
57150
57152
57154
57177
57178
57188
57198
57215
57224
57227
57231
57233
57239
57240
57254
57264
57273
57285
57291
57299
57303
57335
57343
57352
57367
57369
57375
57379
57384
57392
57406
57430
57443
57452
57460
57484
57486
57488
57505
57515
57524
57533
57541
57554
57566
57589
57593
57604
57610
57622
57634
57637
57663
57670
57674
57680
57685
57687
57723
57731
57745
57747
57754
57756
57760
57762
57769
57776
57791
57803
57807
57812
57814
57832
57855
57860
57874
57880
57888
57895
57912
57942
57950
57954
57972
57973
57979
57983
57985
57988
57989
57995
58001
58016
58049
58051
58055
58071
58087
58111
58121
58128
58148
58156
58184
58224
58231
58248
58299
58308
58319
58324
58341
58360
58361
58401
58414
58418
58424
58434
58440
58444
58446
58465
58466
58492
58517
58527
58532
58541
58549
58551
58566
58567
58581
58597
58605
58648
58654
58656
58664
58667
58682
58683
58709
58710
58717
58740
58750
58777
58779
58793
58800
58819
58836
58845
58847
58851
58911
58929
58931
58933
58935
58954
58972
58995
59004
59016
59045
59050
59053
59072
59084
59095
59100
59108
59111
59129
59171
59184
59198
59203
59205
59248
59259
59260
59275
59285
59294
59320
59321
59328
59330
59332
59334
59343
59350
59352
59353
59371
59385
59447
59458
59467
59480
59501
59509
59513
59519
59521
59538
59555
59583
59591
59600
59605
59614
59628
59631
59644
59652
59655
59663
59665
59691
59720
59730
59745
59754
59755
59758
59795
59801
59805
59818
59828
59839
59855
59858
59863
59864
59878
59880
59895
59899
59919
59923
59936
59940
59943
59963
59975
59980
59988
59999
60022
60027
60035
60060
60061
60080
60089
60091
60110
60123
60133
60142
60144
60146
60147
60157
60179
60195
60198
60244
60270
60279
60309
60323
60329
60338
60348
60358
60360
60362
60366
60377
60379
60381
60395
60401
60409
60420
60426
60434
60455
60462
60475
60477
60493
60506
60514
60527
60536
60582
60610
60615
60629
60635
60638
60667
60670
60679
60685
60705
60720
60722
60735
60755
60767
60784
60785
60787
60792
60822
60834
60837
60849
60852
60871
60873
60892
60931
60947
60949
60950
60954
60965
60969
60984
60985
60988
60992
61017
61030
61044
61080
61084
61085
61103
61106
61120
61122
61137
61144
61154
61168
61193
61210
61216
61248
61275
61286
61290
61338
61339
61342
61350
61374
61377
61386
61388
61405
61421
61440
61449
61457
61461
61467
61487
61522
61533
61539
61541
61545
61546
61562
61566
61567
61592
61632
61652
61656
61663
61676
61679
61710
61748
61754
61769
61774
61785
61788
61790
61798
61800
61814
61823
61829
61850
61864
61877
61897
61899
61901
61908
61941
61943
61969
61976
61989
62002
62007
62023
62031
62040
62043
62065
62077
62138
62139
62144
62166
62174
62182
62184
62189
62191
62200
62229
62239
62292
62304
62328
62350
62353
62367
62390
62398
62411
62413
62461
62490
62491
62495
62511
62519
62530
62535
62539
62557
62559
62565
62584
62590
62614
62616
62620
62621
62630
62631
62644
62652
62689
62693
62702
62713
62749
62755
62768
62774
62775
62778
62790
62806
62810
62815
62821
62824
62848
62884
62895
62920
62924
62933
62957
62972
62988
63004
63043
63045
63052
63055
63060
63063
63083
63089
63090
63099
63108
63156
63164
63167
63213
63219
63229
63230
63232
63245
63247
63255
63257
63258
63264
63266
63271
63274
63285
63305
63307
63310
63319
63320
63329
63347
63354
63357
63375
63380
63386
63407
63412
63414
63416
63431
63435
63454
63463
63472
63478
63480
63488
63505
63511
63512
63539
63545
63546
63549
63561
63565
63574
63592
63602
63618
63630
63654
63661
63675
63677
63681
63685
63689
63694
63696
63704
63709
63717
63768
63794
63812
63813
63823
63833
63838
63839
63866
63868
63878
63883
63892
63898
63931
63932
63935
63941
63944
63948
63953
63962
63963
63965
63974
63987
63990
63995
64018
64025
64031
64032
64042
64057
64060
64080
64089
64110
64121
64123
64146
64148
64176
64179
64183
64222
64226
64232
64234
64243
64255
64257
64264
64269
64271
64281
64282
64288
64342
64344
64348
64357
64375
64393
64417
64427
64456
64475
64481
64486
64506
64516
64530
64533
64542
64552
64556
64563
64575
64587
64593
64604
64607
64628
64631
64637
64692
64709
64745
64748
64754
64758
64760
64766
64804
64812
64814
64837
64845
64846
64856
64862
64865
64875
64896
64899
64918
64919
64924
64926
64932
64942
64970
65007
65027
65063
65069
65076
65080
65108
65116
65124
65137
65138
65141
65149
65171
65183
65185
65197
65211
65235
65246
65263
65265
65266
65268
65280
65290
65309
65327
65328
65337
65339
65345
65360
65372
65381
65410
65414
65428
65478
65492
65529
65540
65545
65562
65575
65588
65593
65607
65609
65631
65643
65664
65666
65677
65685
65686
65688
65700
65729
65733
65750
65755
65769
65783
65787
65807
65810
65823
65837
65856
65877
65888
65889
65890
65891
65906
65907
65921
65938
65952
65966
65969
65973
65978
65981
65993
66016
66022
66047
66061
66077
66088
66099
66106
66116
66134
66135
66148
66150
66153
66169
66192
66199
66202
66209
66219
66226
66229
66232
66236
66252
66266
66275
66277
66283
66300
66324
66326
66330
66337
66340
66359
66365
66367
66374
66398
66400
66422
66428
66435
66458
66488
66505
66518
66537
66539
66548
66549
66560
66561
66569
66570
66579
66580
66588
66621
66639
66645
66662
66665
66683
66703
66717
66718
66742
66752
66782
66805
66836
66841
66844
66846
66856
66861
66874
66881
66885
66890
66900
66915
66931
66943
66961
66981
66990
66998
67031
67068
67071
67073
67080
67082
67085
67116
67142
67155
67181
67200
67205
67218
67219
67248
67258
67305
67318
67324
67334
67352
67365
67376
67396
67402
67430
67448
67452
67464
67470
67479
67492
67499
67502
67547
67553
67555
67574
67603
67605
67639
67653
67659
67670
67672
67678
67689
67700
67706
67715
67716
67722
67740
67746
67769
67771
67773
67776
67792
67794
67809
67811
67814
67820
67845
67847
67851
67852
67877
67888
67896
67906
67908
67912
67922
67939
67940
67945
67975
67986
67993
67999
68005
68016
68039
68074
68087
68100
68122
68133
68137
68149
68156
68166
68169
68191
68206
68208
68230
68239
68256
68267
68296
68317
68332
68347
68367
68375
68398
68413
68432
68434
68438
68441
68445
68448
68456
68458
68462
68473
68495
68500
68505
68513
68531
68535
68537
68550
68559
68561
68574
68576
68596
68608
68619
68633
68657
68662
68673
68679
68691
68696
68698
68701
68711
68712
68719
68724
68727
68734
68741
68742
68755
68779
68782
68789
68810
68812
68816
68822
68830
68832
68836
68873
68882
68885
68911
68913
68945
68951
68957
68959
68972
68999
69007
69017
69033
69037
69050
69051
69055
69069
69071
69079
69080
69082
69089
69094
69141
69166
69190
69201
69202
69216
69234
69243
69245
69246
69258
69266
69276
69338
69342
69357
69364
69368
69377
69381
69391
69402
69413
69420
69421
69434
69436
69440
69443
69450
69453
69478
69481
69488
69490
69511
69514
69534
69553
69581
69591
69615
69618
69639
69685
69688
69698
69700
69708
69729
69737
69766
69796
69848
69865
69867
69881
69886
69889
69925
69928
69931
69939
69969
69978
69985
69991
70014
70020
70050
70084
70105
70113
70140
70142
70151
70160
70164
70167
70175
70182
70192
70204
70205
70206
70230
70234
70240
70251
70260
70272
70282
70287
70312
70314
70319
70353
70356
70372
70404
70415
70419
70428
70430
70467
70476
70478
70489
70499
70507
70531
70532
70541
70558
70598
70645
70656
70675
70682
70753
70763
70773
70776
70781
70796
70836
70838
70848
70860
70872
70876
70883
70889
70894
70896
70898
70947
70959
70969
70993
70997
71037
71040
71051
71055
71061
71085
71114
71121
71174
71214
71221
71223
71226
71229
71232
71256
71269
71277
71301
71303
71307
71314
71372
71384
71438
71461
71463
71471
71472
71475
71486
71502
71535
71536
71567
71572
71585
71592
71599
71614
71626
71656
71660
71664
71679
71717
71725
71731
71748
71766
71798
71802
71807
71809
71810
71818
71821
71830
71846
71870
71877
71888
71899
71904
71944
71959
71961
71979
71981
72034
72036
72044
72067
72082
72102
72120
72141
72146
72175
72179
72216
72219
72257
72261
72280
72283
72307
72329
72347
72360
72367
72387
72394
72398
72435
72465
72472
72480
72482
72491
72502
72511
72521
72528
72564
72569
72571
72579
72592
72602
72609
72618
72623
72635
72638
72651
72657
72665
72667
72693
72705
72731
72742
72768
72773
72785
72788
72789
72799
72813
72814
72816
72833
72852
72856
72858
72860
72865
72884
72901
72922
72923
72932
72941
72960
72986
72988
73045
73075
73092
73094
73105
73114
73144
73154
73162
73165
73171
73194
73211
73222
73246
73272
73274
73284
73298
73306
73329
73333
73334
73338
73342
73350
73355
73376
73390
73407
73420
73430
73478
73479
73482
73506
73534
73542
73574
73576
73582
73594
73651
73660
73663
73672
73678
73681
73688
73709
73711
73739
73740
73746
73786
73793
73849
73854
73868
73878
73882
73891
73912
73928
73938
73952
73960
73999
74013
74023
74033
74049
74054
74076
74079
74096
74131
74153
74154
74179
74194
74196
74221
74265
74274
74284
74294
74311
74325
74335
74349
74355
74376
74395
74404
74417
74423
74430
74438
74460
74475
74483
74506
74511
74519
74521
74526
74540
74546
74576
74583
74593
74608
74609
74613
74617
74625
74629
74645
74659
74669
74678
74704
74708
74711
74717
74732
74736
74745
74753
74769
74773
74780
74783
74786
74798
74799
74807
74815
74819
74822
74824
74849
74871
74875
74904
74924
74931
74938
74945
74961
74963
74970
74994
74999
75001
75006
75025
75028
75033
75040
75087
75102
75140
75164
75184
75213
75215
75247
75273
75278
75285
75288
75322
75328
75337
75370
75374
75379
75391
75401
75449
75480
75505
75506
75514
75523
75534
75558
75566
75580
75581
75596
75605
75627
75629
75672
75676
75683
75685
75709
75730
75742
75750
75754
75758
75763
75783
75799
75803
75804
75814
75815
75855
75879
75899
75907
75925
75931
75969
75982
75988
76004
76023
76028
76032
76035
76039
76042
76052
76056
76058
76064
76074
76084
76100
76109
76131
76136
76154
76180
76187
76202
76204
76208
76216
76224
76229
76234
76243
76254
76256
76261
76281
76293
76300
76308
76318
76344
76345
76348
76356
76360
76364
76384
76446
76458
76464
76500
76502
76504
76530
76537
76539
76542
76544
76558
76572
76574
76580
76582
76598
76611
76619
76632
76634
76636
76651
76654
76672
76675
76680
76703
76709
76715
76722
76729
76753
76758
76769
76778
76791
76812
76834
76854
76861
76883
76890
76896
76907
76927
76932
76936
76941
76967
76969
76980
76989
76991
76993
77000
77008
77065
77103
77106
77109
77121
77130
77132
77134
77142
77148
77162
77164
77167
77168
77173
77180
77191
77201
77202
77207
77216
77221
77230
77279
77287
77305
77320
77346
77370
77390
77403
77413
77422
77423
77427
77441
77449
77469
77474
77506
77510
77551
77575
77576
77589
77597
77598
77607
77608
77636
77640
77675
77677
77687
77688
77713
77722
77741
77753
77758
77759
77766
77772
77794
77814
77820
77826
77834
77841
77872
77877
77914
77926
77937
77943
77962
77965
77972
77996
78005
78034
78058
78080
78114
78136
78144
78156
78172
78183
78210
78219
78233
78245
78266
78281
78291
78304
78317
78318
78349
78356
78366
78367
78368
78391
78402
78404
78420
78430
78443
78453
78460
78514
78525
78533
78544
78559
78578
78582
78630
78637
78661
78673
78678
78691
78708
78713
78728
78734
78772
78776
78779
78782
78813
78815
78822
78830
78861
78862
78865
78868
78876
78895
78903
78906
78912
78919
78955
78956
78957
78960
79016
79026
79097
79115
79119
79133
79151
79169
79212
79222
79242
79253
79258
79264
79276
79307
79313
79323
79328
79351
79361
79367
79384
79388
79398
79401
79412
79429
79431
79448
79455
79459
79461
79493
79505
79525
79538
79553
79554
79561
79564
79598
79621
79639
79670
79672
79698
79704
79736
79745
79748
79782
79800
79834
79835
79842
79861
79874
79886
79892
79897
79907
79924
79930
79939
79944
79947
79958
79959
79968
79981
80024
80028
80062
80079
80082
80092
80098
80118
80129
80198
80199
80203
80250
80256
80265
80267
80300
80324
80325
80330
80350
80357
80360
80362
80367
80384
80426
80431
80435
80467
80470
80475
80484
80497
80510
80514
80529
80596
80613
80633
80639
80645
80651
80674
80677
80685
80710
80726
80742
80746
80765
80768
80783
80790
80807
80814
80824
80832
80842
80880
80899
80903
80920
80926
80933
80951
80965
80968
80969
80975
80982
81006
81044
81053
81062
81069
81078
81085
81125
81126
81128
81140
81143
81156
81189
81204
81206
81208
81234
81239
81262
81267
81280
81281
81306
81316
81325
81329
81347
81390
81400
81429
81432
81433
81441
81447
81451
81452
81476
81477
81491
81494
81498
81508
81517
81532
81542
81550
81552
81561
81573
81583
81599
81609
81610
81629
81665
81672
81691
81712
81742
81777
81778
81798
81804
81815
81832
81876
81902
81973
81976
81989
81991
82018
82061
82062
82071
82078
82080
82084
82093
82099
82140
82144
82151
82178
82182
82196
82202
82210
82225
82231
82237
82244
82254
82270
82278
82285
82377
82399
82408
82432
82471
82472
82503
82543
82546
82552
82555
82586
82592
82602
82610
82649
82658
82662
82674
82707
82720
82723
82726
82730
82765
82771
82789
82803
82820
82825
82847
82860
82933
82966
82990
83012
83019
83021
83040
83048
83051
83082
83099
83105
83116
83129
83143
83145
83169
83173
83182
83188
83191
83193
83195
83202
83218
83238
83248
83279
83282
83284
83290
83296
83301
83302
83304
83313
83324
83327
83334
83348
83351
83353
83354
83380
83406
83408
83429
83455
83470
83472
83473
83499
83520
83551
83553
83582
83589
83600
83605
83612
83619
83644
83647
83676
83705
83719
83723
83731
83733
83739
83758
83767
83768
83786
83806
83814
83818
83829
83838
83852
83865
83868
83893
83934
83939
83941
83989
84002
84030
84046
84075
84094
84102
84120
84142
84144
84146
84159
84178
84211
84220
84230
84235
84245
84282
84306
84339
84371
84391
84418
84431
84433
84439
84446
84456
84462
84468
84477
84488
84497
84507
84511
84524
84529
84541
84570
84575
84578
84580
84581
84586
84587
84611
84613
84617
84646
84656
84665
84688
84708
84738
84765
84831
84838
84844
84869
84899
84908
84912
84914
84922
84944
84951
84953
84954
84962
84969
84985
84999
85018
85060
85072
85097
85105
85146
85179
85182
85209
85253
85268
85305
85316
85335
85346
85378
85391
85408
85437
85447
85452
85456
85474
85487
85508
85536
85547
85593
85640
85649
85652
85655
85662
85671
85681
85683
85702
85706
85709
85741
85759
85775
85782
85823
85831
85836
85882
85893
85927
85961
85970
85974
85978
86002
86008
86020
86035
86052
86075
86176
86184
86202
86205
86207
86239
86258
86286
86300
86307
86362
86365
86371
86414
86427
86452
86457
86474
86490
86494
86512
86513
86519
86521
86527
86534
86539
86586
86606
86623
86626
86652
86683
86694
86703
86708
86716
86757
86783
86809
86818
86825
86840
86847
86851
86852
86874
86886
86916
86917
86920
86951
86977
86979
87000
87011
87013
87034
87065
87103
87105
87122
87162
87183
87207
87209
87270
87276
87281
87318
87331
87352
87378
87409
87415
87417
87431
87450
87478
87514
87557
87558
87588
87592
87596
87598
87632
87705
87706
87728
87739
87741
87749
87789
87811
87830
87855
87856
87913
87927
87948
87953
87954
87961
87974
87993
87995
88017
88019
88038
88045
88056
88058
88067
88072
88079
88090
88092
88101
88114
88116
88121
88124
88171
88179
88187
88212
88213
88228
88239
88249
88251
88275
88311
88337
88354
88402
88405
88430
88437
88463
88468
88474
88477
88499
88501
88519
88522
88527
88530
88547
88554
88583
88591
88598
88602
88633
88644
88656
88663
88666
88668
88670
88693
88710
88727
88746
88780
88785
88800
88861
88875
88876
88883
88918
88956
88968
88980
88987
89018
89020
89039
89041
89060
89087
89094
89103
89109
89164
89191
89211
89241
89245
89249
89318
89345
89375
89383
89395
89411
89413
89423
89431
89435
89442
89482
89487
89492
89531
89563
89578
89596
89610
89624
89672
89678
89689
89720
89721
89733
89763
89778
89787
89818
89831
89836
89837
89843
89864
89899
89902
89916
89960
89971
89982
89994
89997
90009
90028
90030
90052
90076
90093
90108
90134
90184
90189
90225
90238
90243
90249
90251
90257
90278
90314
90335
90392
90419
90422
90437
90448
90457
90466
90471
90497
90501
90503
90525
90568
90576
90590
90596
90603
90616
90633
90636
90642
90658
90664
90687
90698
90714
90756
90763
90767
90774
90790
90797
90815
90820
90835
90853
90867
90891
90903
90932
90952
90974
90990
91019
91051
91072
91080
91095
91105
91122
91131
91154
91161
91171
91172
91174
91231
91245
91250
91252
91255
91288
91306
91323
91324
91333
91349
91372
91378
91386
91395
91415
91425
91428
91445
91449
91456
91463
91479
91488
91503
91521
91527
91555
91558
91570
91572
91573
91592
91598
91607
91620
91635
91644
91661
91663
91692
91715
91735
91742
91747
91754
91769
91792
91793
91798
91802
91823
91827
91837
91854
91946
91958
91964
91990
92012
92054
92096
92138
92151
92152
92154
92161
92221
92225
92263
92298
92315
92321
92323
92325
92327
92334
92344
92365
92429
92437
92442
92449
92479
92493
92513
92518
92532
92545
92574
92607
92613
92619
92625
92628
92634
92682
92704
92705
92721
92732
92738
92742
92755
92778
92784
92802
92838
92841
92861
92909
92917
92920
92934
92939
92942
92957
92959
92978
93006
93013
93026
93062
93075
93086
93150
93153
93156
93157
93160
93169
93173
93183
93212
93231
93243
93293
93372
93377
93386
93403
93419
93444
93460
93474
93501
93513
93533
93550
93556
93561
93582
93608
93613
93621
93650
93653
93665
93666
93715
93725
93732
93739
93741
93747
93755
93789
93797
93838
93858
93867
93876
93880
93881
93897
93899
93941
93944
93952
93960
94007
94020
94033
94051
94106
94110
94143
94149
94150
94195
94203
94244
94249
94278
94292
94345
94348
94352
94365
94406
94452
94463
94517
94525
94531
94557
94626
94631
94633
94644
94647
94657
94658
94663
94690
94733
94746
94763
94788
94872
94883
94887
94894
94936
94953
94983
95001
95017
95028
95043
95063
95073
95114
95144
95158
95167
95168
95178
95182
95193
95209
95224
95247
95254
95267
95314
95333
95345
95348
95356
95373
95397
95407
95410
95433
95444
95465
95481
95488
95511
95525
95553
95565
95605
95642
95686
95744
95747
95779
95784
95790
95797
95830
95832
95842
95844
95851
95853
95858
95859
95865
95868
95877
95880
95885
95923
95931
95958
96005
96007
96042
96053
96075
96094
96096
96139
96172
96178
96182
96201
96205
96221
96233
96234
96240
96263
96283
96312
96357
96363
96373
96381
96382
96408
96425
96466
96471
96486
96492
96511
96515
96539
96552
96565
96576
96579
96613
96624
96629
96651
96680
96690
96691
96692
96699
96736
96776
96781
96802
96811
96823
96845
96849
96850
96853
96868
96872
96896
96937
96940
96997
97003
97005
97030
97053
97078
97084
97090
97113
97115
97157
97168
97178
97185
97219
97260
97285
97287
97295
97330
97344
97360
97361
97371
97399
97406
97409
97410
97427
97433
97446
97519
97526
97530
97538
97556
97559
97560
97563
97598
97617
97626
97633
97639
97641
97645
97659
97670
97678
97692
97714
97718
97725
97749
97771
97786
97815
97824
97830
97832
97839
97848
97856
97863
97881
97901
97907
97943
97959
97962
97968
98035
98050
98062
98077
98089
98148
98163
98171
98180
98192
98202
98204
98220
98253
98263
98282
98298
98304
98333
98361
98371
98377
98391
98392
98448
98458
98484
98556
98560
98596
98611
98638
98640
98642
98657
98661
98665
98677
98679
98690
98702
98724
98739
98740
98751
98779
98787
98834
98841
98859
98885
98904
98970
99012
99014
99048
99062
99105
99125
99179
99181
99201
99213
99215
99231
99233
99248
99264
99273
99285
99298
99308
99318
99329
99344
99349
99362
99371
99380
99408
99420
99436
99450
99500
99525
99543
99577
99595
99615
99629
99639
99674
99695
99706
99734
99744
99780
99786
99788
99791
99802
99807
99815
99823
99825
99831
99840
99842
99847
99880
99895
99903
99906
99922
99929
99949
99957
100005
100080
100083
100093
100104
100146
100159
100197
100222
100226
100233
100246
100260
100289
100296
100328
100334
100338
100367
100417
100427
100453
100469
100505
100523
100528
100579
100621
100640
100645
100658
100672
100678
100695
100733
100745
100754
100757
100789
100790
100810
100813
100887
100897
100936
100948
100960
100973
100986
100999
101021
101039
101042
101055
101080
101081
101084
101113
101120
101126
101128
101149
101173
101184
101192
101229
101239
101241
101267
101287
101300
101317
101334
101336
101344
101367
101385
101426
101433
101450
101502
101508
101518
101525
101534
101581
101582
101589
101592
101612
101654
101659
101710
101714
101724
101732
101751
101780
101783
101788
101836
101847
101863
101869
101939
101941
101947
101957
101971
102121
102143
102173
102177
102190
102209
102224
102232
102252
102266
102274
102284
102306
102324
102369
102374
102450
102461
102466
102477
102480
102511
102524
102531
102538
102564
102578
102583
102591
102595
102639
102672
102678
102689
102708
102714
102723
102744
102750
102755
102806
102815
102842
102847
102906
102915
102950
102954
102958
102968
102986
103021
103035
103038
103046
103079
103096
103101
103106
103108
103127
103135
103152
103177
103231
103257
103273
103281
103287
103324
103340
103350
103363
103377
103454
103455
103489
103532
103584
103594
103600
103604
103612
103631
103662
103686
103750
103752
103770
103772
103785
103788
103790
103836
103844
103867
103873
103876
103879
103884
103886
103903
103918
103957
103981
104005
104009
104048
104064
104080
104151
104205
104206
104210
104235
104265
104285
104293
104312
104367
104372
104376
104387
104393
104394
104400
104444
104448
104478
104487
104494
104500
104509
104578
104581
104588
104590
104623
104646
104666
104715
104744
104749
104778
104781
104804
104808
104816
104826
104844
104863
104872
104884
104891
104907
104915
104923
104929
104940
104952
104954
104957
104980
104992
105015
105069
105098
105112
105114
105122
105136
105149
105175
105184
105186
105200
105215
105249
105275
105282
105286
105307
105316
105323
105354
105355
105357
105363
105387
105402
105406
105422
105436
105457
105482
105517
105530
105533
105539
105570
105615
105626
105636
105652
105653
105730
105738
105765
105787
105799
105805
105808
105837
105850
105889
105930
105956
105966
105972
106042
106068
106072
106099
106100
106166
106168
106206
106218
106230
106258
106275
106296
106306
106337
106365
106368
106371
106380
106397
106429
106431
106436
106546
106556
106584
106640
106663
106688
106695
106697
106716
106724
106749
106765
106852
106873
106878
106903
106965
106991
107040
107058
107068
107085
107094
107128
107145
107147
107168
107174
107182
107188
107200
107205
107208
107212
107230
107248
107256
107331
107339
107354
107359
107361
107374
107396
107398
107404
107458
107472
107584
107591
107604
107624
107627
107636
107648
107723
107726
107752
107790
107812
107821
107830
107861
107865
107867
107880
107889
107890
107910
107920
107928
107929
107932
107946
107996
108008
108108
108132
108149
108153
108194
108202
108211
108233
108243
108248
108343
108388
108450
108465
108493
108536
108554
108561
108567
108587
108639
108653
108655
108657
108659
108664
108666
108669
108703
108712
108714
108736
108763
108770
108781
108783
108818
108835
108840
108863
108865
108895
108900
108908
108921
108948
108955
108959
108969
109050
109070
109098
109146
109173
109193
109217
109224
109233
109237
109273
109274
109278
109284
109306
109337
109340
109357
109379
109393
109429
109461
109480
109481
109503
109506
109508
109527
109543
109552
109557
109564
109580
109589
109647
109649
109660
109661
109685
109694
109697
109703
109724
109813
109831
109848
109859
109863
109908
109921
109923
109928
109941
109945
109963
109977
109989
110003
110021
110048
110076
110080
110129
110151
110193
110206
110211
110231
110239
110253
110266
110293
110295
110304
110325
110380
110402
110445
110446
110456
110497
110551
110565
110649
110651
110653
110673
110675
110725
110807
110813
110822
110830
110837
110864
110905
110924
110939
110954
110958
111046
111048
111059
111067
111068
111099
111144
111147
111157
111185
111216
111223
111236
111241
111247
111277
111294
111335
111340
111348
111384
111385
111447
111515
111534
111539
111542
111547
111555
111598
111609
111617
111619
111631
111642
111648
111679
111804
111843
111855
111859
111974
112019
112056
112102
112124
112154
112179
112183
112223
112253
112254
112277
112342
112395
112401
112408
112414
112432
112479
112581
112623
112631
112673
112693
112718
112725
112727
112788
112794
112813
112827
112857
112897
112991
113010
113022
113024
113044
113082
113088
113096
113100
113169
113209
113221
113243
113269
113295
113305
113312
113320
113361
113389
113391
113405
113422
113429
113438
113448
113466
113498
113543
113583
113586
113590
113640
113667
113703
113730
113741
113744
113752
113760
113768
113778
113821
113852
113879
113892
113903
113936
113991
114011
114013
114016
114025
114029
114040
114054
114063
114127
114130
114137
114180
114187
114223
114250
114258
114301
114335
114407
114437
114467
114500
114504
114531
114537
114556
114581
114595
114597
114611
114695
114708
114716
114729
114770
114836
114843
114862
114882
114907
114933
114942
114981
114992
114998
115004
115076
115093
115099
115103
115136
115138
115170
115184
115186
115188
115194
115222
115231
115234
115236
115237
115268
115276
115321
115326
115373
115376
115380
115424
115455
115463
115484
115492
115523
115532
115537
115571
115607
115635
115650
115660
115676
115680
115737
115745
115795
115808
115854
115943
115956
115960
115962
115974
116009
116065
116147
116177
116188
116237
116244
116331
116350
116355
116358
116381
116407
116429
116517
116519
116559
116569
116588
116609
116616
116623
116641
116644
116650
116653
116667
116682
116691
116700
116712
116724
116763
116795
116799
116819
116846
116847
116849
116878
116895
116902
116919
116923
116951
116970
116991
117008
117018
117045
117056
117101
117118
117142
117155
117171
117191
117216
117223
117251
117292
117326
117404
117407
117430
117466
117493
117499
117556
117571
117578
117600
117648
117684
117709
117756
117823
117846
117906
117914
117922
117943
117948
117958
117978
118018
118060
118080
118096
118106
118155
118193
118199
118237
118262
118276
118305
118340
118356
118406
118425
118430
118439
118539
118552
118559
118562
118634
118649
118666
118678
118747
118809
118892
118894
118903
118921
118941
118944
118982
118989
119002
119022
119064
119077
119095
119138
119183
119202
119210
119255
119265
119302
119332
119348
119359
119362
119363
119376
119410
119422
119435
119445
119461
119471
119482
119524
119528
119551
119581
119586
119598
119656
119662
119721
119732
119765
119775
119788
119796
119803
119867
119896
119916
119923
119927
119948
119952
120000
120015
120107
120133
120185
120186
120202
120203
120214
120239
120243
120244
120277
120328
120335
120339
120342
120399
120440
120486
120532
120556
120565
120600
120659
120698
120716
120749
120763
120773
120792
120847
120865
120877
120886
120905
120915
120968
120974
120986
121056
121062
121078
121137
121145
121185
121193
121268
121278
121284
121291
121308
121324
121334
121371
121375
121383
121459
121474
121506
121524
121551
121560
121576
121577
121585
121588
121689
121711
121752
121788
121809
121864
121870
121904
121915
121959
121988
122001
122014
122046
122136
122171
122195
122202
122203
122212
122221
122252
122278
122325
122329
122345
122402
122423
122438
122490
122493
122496
122539
122593
122664
122686
122773
122799
122808
122815
122830
122831
122846
122851
122873
122901
122913
122971
122978
123014
123023
123028
123037
123041
123046
123149
123216
123235
123238
123258
123297
123322
123365
123373
123375
123386
123394
123469
123485
123490
123533
123588
123612
123618
123635
123639
123655
123658
123758
123768
123820
123847
123853
123892
123907
123931
123949
124000
124003
124043
124082
124106
124171
124173
124180
124202
124242
124255
124257
124260
124302
124385
124387
124427
124453
124507
124563
124591
124601
124674
124675
124717
124722
124725
124726
124789
124833
124861
124889
124896
124898
124915
124926
124984
124999
125024
125053
125085
125091
125093
125099
125120
125128
125171
125251
125253
125259
125270
125277
125284
125291
125336
125422
125432
125465
125527
125539
125544
125620
125636
125755
125758
125787
125804
125808
125827
125836
125853
125859
125872
125963
126033
126105
126135
126144
126159
126207
126211
126234
126246
126249
126253
126286
126338
126367
126372
126396
126413
126421
126472
126574
126608
126641
126646
126649
126708
126741
126751
126758
126791
126837
126873
126959
126981
127017
127077
127231
127263
127268
127311
127426
127444
127486
127494
127503
127524
127536
127561
127570
127573
127586
127605
127665
127677
127709
127726
127775
127777
127805
127863
127869
127926
127944
127988
128115
128157
128159
128167
128242
128260
128263
128291
128307
128368
128548
128596
128635
128672
128721
128746
128753
128767
128909
128983
129059
129207
129214
129220
129235
129253
129255
129271
129366
129386
129398
129411
129447
129459
129472
129492
129516
129552
129644
129652
129656
129681
129707
129718
129737
129741
129811
129816
129817
129866
129911
129919
129921
129940
129943
129980
129990
130006
130069
130070
130090
130182
130195
130212
130293
130302
130334
130354
130377
130529
130534
130546
130551
130552
130580
130594
130627
130629
130652
130696
130703
130755
130770
130803
130814
130845
130861
130924
130951
130972
130990
131034
131041
131049
131091
131137
131140
131154
131166
131187
131198
131350
131352
131355
131374
131432
131446
131501
131513
131658
131779
131785
131796
131799
131922
132039
132139
132168
132178
132240
132241
132282
132294
132425
132452
132493
132576
132581
132591
132615
132687
132693
132710
132762
132792
132853
132863
132869
132876
132882
132944
132979
133016
133103
133115
133119
133143
133209
133231
133279
133302
133337
133403
133431
133493
133520
133596
133622
133789
133806
133886
133954
133969
134063
134075
134107
134132
134221
134223
134254
134331
134352
134392
134397
134409
134504
134525
134553
134565
134577
134608
134659
134660
134729
134785
134854
134867
134879
134977
135078
135107
135110
135112
135120
135150
135161
135210
135267
135270
135277
135341
135355
135372
135418
135445
135470
135480
135525
135542
135615
135648
135845
135865
136016
136068
136086
136114
136117
136330
136332
136345
136370
136491
136558
136588
136636
136677
136694
136716
136819
136923
136975
137047
137135
137149
137157
137167
137183
137190
137192
137292
137296
137305
137315
137342
137404
137474
137547
137580
137599
137605
137607
137617
137693
137766
137769
137815
137820
137874
137942
137953
137983
138163
138171
138174
138229
138235
138300
138324
138326
138349
138408
138436
138448
138474
138504
138773
138853
138865
138873
138926
138961
139002
139256
139279
139362
139379
139412
139422
139446
139513
139601
139643
139652
139661
139679
139721
139763
139791
139812
139863
139888
139942
140118
140200
140204
140205
140242
140246
140264
140310
140346
140376
140441
140458
140494
140525
140584
140599
140625
140711
140743
140765
140787
140814
140822
140830
140875
140915
140949
140997
141036
141133
141270
141288
141298
141329
141422
141514
141622
141648
141776
141819
141938
141993
142083
142094
142107
142114
142242
142256
142296
142300
142302
142318
142354
142359
142403
142443
142486
142487
142517
142551
142614
142665
142688
142772
142774
142909
142946
142962
143000
143021
143049
143098
143106
143187
143191
143277
143289
143301
143316
143382
143392
143438
143536
143619
143633
143687
143696
143709
143792
143813
143836
143915
143968
144047
144100
144125
144167
144257
144289
144384
144391
144407
144476
144506
144662
144692
144702
144720
144773
144855
144910
144931
144942
144950
144962
144972
144998
145070
145074
145093
145138
145197
145210
145280
145298
145302
145316
145422
145543
145550
145584
145646
145657
145707
145725
145745
145747
145767
145798
145954
145968
146058
146148
146232
146338
146470
146503
146563
146665
146952
146964
147009
147043
147058
147061
147077
147118
147201
147259
147413
147505
147534
147537
147545
147629
147808
147872
147888
147915
148010
148076
148110
148114
148289
148301
148323
148389
148445
148480
148529
148571
148670
148761
148805
148806
148851
148957
149072
149204
149293
149342
149380
149446
149451
149471
149586
149621
149704
149718
149729
149809
150054
150080
150248
150294
150401
150421
150441
150451
150480
150513
150605
150633
150719
150751
150842
150999
151102
151125
151151
151158
151344
151423
151747
151789
151832
151857
151974
152028
152035
152097
152221
152329
152672
152696
152697
152722
152750
152767
152889
153010
153087
153152
153189
153192
153251
153377
153432
153505
153533
153562
153565
153567
153571
153612
153693
153704
153753
153758
153811
153848
153940
154080
154532
154537
154660
154918
155069
155289
155328
155405
155437
155586
155641
155693
155723
155731
156075
156389
156622
156635
156637
156777
156800
156865
157050
157183
157185
157294
157417
157455
157457
157489
157715
157777
157891
157980
158161
158186
158215
158394
158421
158436
158525
158535
158585
158664
158875
158976
159128
159147
159253
159343
159355
159443
159464
159672
159759
159828
159999
160149
160256
160330
160526
160711
160735
160888
161050
161503
161791
161807
161828
162004
162100
162419
162509
162559
162639
162648
162661
162745
162866
162913
163045
163158
163284
163311
163400
163545
163616
163851
163903
164163
164387
164426
164459
164625
164760
164939
165268
165381
165421
165425
165970
166377
166447
166518
166533
166705
166918
167197
167207
167431
167833
167995
168124
168223
168254
168542
168670
168942
169417
169858
169869
169919
169963
170204
170403
170421
170492
170747
170956
171079
171083
171252
171322
171526
171708
171729
172080
172156
172689
172793
173074
173090
173760
173785
174167
174615
174695
174813
175178
175313
175821
175831
175918
176163
176303
176415
176552
176741
177274
178471
178571
178748
179041
179627
180007
180327
180562
180730
181296
181383
181740
182402
182706
182770
182786
183132
184317
185172
186520
188192
188393
188657
189991
190856
190957
194020
194996
197177
200221
200223
203102
209617
