3
6
48
89
90
103
108
140
189
219
234
324
395
460
469
505
519
532
629
694
745
756
762
776
811
815
884
898
906
944
960
971
980
1145
1150
1162
1167
1182
1226
1298
1316
1350
1380
1434
1442
1484
1494
1575
1607
1683
1684
1696
1699
1701
1726
1743
1870
1901
1939
1946
1995
2077
2091
2210
2214
2238
2280
2298
2348
2366
2377
2439
2532
2592
2602
2603
2617
2728
2752
2909
2917
3034
3035
3036
3056
3062
3120
3121
3122
3123
3129
3131
3169
3198
3250
3256
3280
3290
3292
3379
3541
3588
3652
3671
3685
3725
3746
3761
3777
3795
3860
3896
3910
3940
3969
3992
4046
4090
4140
4170
4207
4266
4355
4356
4400
4468
4496
4524
4527
4530
4570
4586
4617
4635
4756
4836
4859
4870
4920
4934
4980
5052
5054
5088
5114
5116
5127
5138
5143
5147
5152
5182
5218
5269
5307
5317
5332
5348
5421
5445
5485
5585
5619
5643
5677
5757
5786
5810
5856
5901
5950
5970
5983
6012
6022
6088
6094
6104
6158
6195
6216
6297
6361
6460
6466
6492
6505
6523
6556
6565
6570
6629
6747
6755
6763
6764
6797
7036
7116
7226
7281
7338
7340
7372
7375
7379
7406
7502
7526
7532
7566
7570
7784
7814
7860
7990
7991
8007
8026
8152
8172
8185
8316
8347
8350
8401
8428
8433
8453
8486
8525
8545
8685
8695
8728
8762
8793
8829
8928
8947
8958
8979
9012
9175
9213
9223
9233
9236
9244
9262
9313
9391
9413
9560
9603
9777
9916
10060
10068
10076
10126
10132
10185
10226
10267
10319
10361
10362
10469
10477
10479
10519
10527
10543
10552
10558
10580
10687
10760
10807
10856
10872
10887
10903
10944
10956
11065
11092
11115
11142
11248
11253
11362
11381
11408
11411
11424
11433
11527
11597
11623
11705
11717
11885
11929
11991
12040
12099
12109
12240
12252
12300
12379
12498
12524
12656
12756
12771
12830
12836
12839
12864
12913
12945
12975
12986
13083
13087
13112
13117
13244
13297
13316
13346
13390
13413
13483
13538
13592
13637
13649
13692
13721
13738
13769
13817
13819
13848
13861
13895
13939
13964
13980
14009
14232
14266
14268
14305
14323
14330
14355
14422
14438
14479
14483
14527
14546
14646
14718
14745
14766
14771
14796
14832
14849
14920
14937
15010
15039
15084
15094
15107
15111
15130
15139
15177
15200
15237
15319
15327
15435
15472
15474
15494
15592
15628
15675
15684
15693
15714
15720
15738
15835
15947
16062
16101
16130
16170
16175
16207
16209
16267
16273
16293
16378
16392
16498
16577
16671
16728
16765
16769
16840
16904
16934
16951
17015
17022
17028
17042
17135
17149
17198
17205
17266
17281
17292
17322
17350
17469
17471
17530
17660
17663
17672
17678
17695
17868
17937
17962
17972
18120
18180
18204
18217
18240
18408
18486
18510
18587
18592
18726
18732
18810
18811
18836
18910
18935
18967
19075
19091
19155
19185
19190
19242
19397
19421
19490
19539
19632
19648
19696
19755
19791
19851
19857
19881
19900
19996
20020
20025
20076
20089
20101
20123
20169
20276
20299
20305
20325
20341
20348
20359
20408
20471
20569
20718
20777
20782
20806
20833
20836
20852
20890
21012
21016
21106
21195
21238
21263
21272
21304
21318
21350
21362
21374
21388
21570
21699
21735
21736
21746
21981
21988
22002
22086
22108
22182
22191
22224
22322
22324
22517
22612
22646
22654
22669
22694
22695
22749
22910
23013
23018
23039
23044
23155
23237
23264
23273
23304
23332
23377
23380
23487
23513
23587
23618
23630
23650
23654
23656
23710
23738
23767
23813
23867
23874
23901
23962
23984
24037
24041
24132
24134
24194
24221
24277
24311
24343
24477
24517
24528
24530
24543
24545
24552
24563
24587
24609
24611
24660
24661
24675
24707
24736
24768
24823
24875
24894
24923
24946
24970
25005
25012
25021
25052
25055
25118
25119
25142
25154
25178
25207
25241
25260
25288
25461
25467
25470
25479
25507
25538
25775
25796
25824
25856
25859
25883
25885
25955
26084
26113
26130
26183
26250
26414
26472
26614
26657
26692
26708
26844
26876
26885
26929
26937
27020
27040
27089
27131
27169
27204
27220
27222
27263
27282
27358
27359
27397
27484
27510
27558
27629
27650
27652
27681
27697
27730
27762
27905
27912
27929
27941
27975
28006
28053
28056
28062
28133
28239
28242
28260
28263
28356
28389
28465
28475
28482
28501
28611
28681
28726
28748
28809
28841
28863
28923
28939
28950
28990
29017
29029
29139
29145
29237
29329
29381
29390
29424
29437
29465
29497
29536
29561
29642
29682
29773
29885
29888
29909
29950
29985
30014
30019
30104
30142
30220
30301
30356
30369
30378
30385
30435
30452
30586
30593
30606
30626
30631
30687
30689
30726
30758
30760
30828
30881
30885
30914
30931
30996
31047
31108
31111
31117
31138
31145
31159
31182
31198
31208
31216
31260
31275
31318
31340
31377
31384
31417
31444
31511
31709
31722
31922
31945
31969
32062
32148
32328
32341
32447
32450
32484
32529
32574
32597
32644
32699
32732
32775
32787
32812
32943
32974
32986
33007
33012
33020
33039
33129
33136
33154
33195
33204
33275
33286
33296
33341
33367
33420
33470
33476
33494
33526
33568
33578
33597
33657
33752
33761
33772
33791
33832
33865
33987
33990
34045
34079
34094
34112
34176
34254
34259
34324
34327
34344
34393
34458
34583
34654
34696
34745
34811
34944
34949
34962
35065
35077
35135
35138
35198
35294
35393
35414
35434
35527
35537
35596
35616
35662
35691
35724
35739
35756
35778
35826
35840
35889
35967
35986
36026
36073
36227
36235
36256
36305
36321
36354
36384
36401
36672
36690
36829
36838
36938
37071
37101
37136
37180
37256
37267
37388
37393
37414
37418
37437
37491
37751
37757
37794
37897
37955
37969
37980
38001
38006
38052
38096
38114
38176
38193
38269
38295
38366
38398
38402
38471
38479
38525
38554
38618
38657
38680
38742
38760
38777
38789
38798
38848
38852
38870
38936
39001
39002
39019
39064
39089
39164
39199
39232
39300
39362
39404
39437
39440
39464
39505
39526
39564
39571
39837
39887
40188
40254
40292
40355
40416
40553
40640
40662
40692
40845
40874
40903
40967
41126
41227
41278
41328
41354
41391
41410
41431
41457
41488
41576
41647
41649
41658
41725
41759
41787
41813
41876
41891
41903
42012
42044
42079
42080
42271
42282
42319
42326
42341
42438
42465
42584
42638
42692
42761
42808
42822
42843
42866
42873
42911
42926
42927
43094
43124
43126
43162
43190
43202
43238
43315
43450
43520
43621
43629
43667
43764
43836
44009
44037
44054
44108
44118
44136
44147
44338
44424
44445
44516
44614
44634
44635
44743
44745
44785
44818
44954
44983
45041
45087
45113
45120
45137
45173
45201
45259
45283
45304
45342
45344
45403
45483
45493
45504
45543
45573
45626
45635
45646
45690
45719
45726
45755
45829
45843
45845
45905
46071
46074
46314
46326
46361
46414
46417
46457
46513
46535
46560
46589
46623
46646
46740
46764
46770
46809
46815
46818
46844
46893
46926
46941
46951
46982
47052
47202
47277
47284
47322
47356
47423
47425
47472
47533
47539
47551
47591
47638
47654
47744
47759
47786
47874
47885
47970
47981
48007
48108
48113
48135
48345
48382
48415
48424
48429
48434
48438
48473
48588
48773
48778
48804
48831
48924
48934
48939
48941
49003
49005
49098
49148
49306
49373
49421
49442
49477
49481
49498
49523
49532
49541
49595
49610
49620
49671
49678
49733
49756
49927
49929
50064
50135
50149
50153
50194
50209
50263
50276
50318
50442
50512
50672
50683
50685
50780
50812
50931
50934
50969
50995
51010
51017
51112
51119
51141
51161
51172
51220
51256
51407
51414
51537
51552
51605
51809
51866
51960
52014
52241
52336
52357
52392
52406
52485
52498
52687
52688
52694
52700
52735
52890
52913
52993
53013
53049
53077
53101
53132
53221
53336
53425
53429
53438
53565
53619
53670
53690
53901
53918
53954
54048
54070
54134
54146
54184
54331
54457
54482
54492
54494
54528
54532
54552
54593
54615
54639
54686
54713
54859
54907
54926
54947
54999
55007
55027
55086
55091
55287
55316
55330
55331
55338
55343
55409
55410
55413
55501
55533
55585
55644
55667
55686
55718
55781
55888
55946
55989
56034
56063
56093
56119
56151
56186
56264
56326
56337
56401
56459
56566
56661
56690
56745
56754
56788
56867
56877
56913
56931
56971
57008
57078
57087
57090
57096
57120
57175
57245
57354
57369
57389
57451
57479
57540
57563
57576
57632
57640
57643
57652
57663
57703
57754
57791
57803
57873
57877
57954
57966
57979
57983
58062
58083
58085
58103
58224
58227
58234
58352
58376
58452
58503
58527
58532
58581
58647
58739
58814
58940
58995
59064
59147
59207
59226
59259
59334
59353
59439
59521
59531
59704
59745
59801
59818
59932
59936
60110
60157
60160
60246
60284
60301
60338
60348
60360
60409
60506
60695
60767
60784
60792
60805
60822
60834
60907
60981
61044
61064
61074
61157
61245
61334
61386
61421
61567
61574
61608
61653
61741
61748
61784
61839
61856
61860
61881
61943
61960
61976
62002
62031
62040
62144
62191
62304
62355
62380
62411
62581
62624
62892
63053
63061
63152
63240
63278
63285
63295
63348
63354
63385
63407
63431
63445
63505
63546
63576
63596
63610
63696
63755
63779
63906
64087
64143
64147
64174
64248
64255
64259
64292
64338
64367
64408
64427
64430
64476
64538
64556
64702
64745
64759
64788
64837
64854
64869
64922
65078
65165
65305
65309
65333
65391
65481
65619
65633
65662
65689
65837
65894
65981
65986
66046
66077
66175
66184
66200
66209
66219
66226
66367
66481
66488
66574
66576
66631
66662
66742
66744
66846
66936
66943
66978
67139
67291
67352
67430
67461
67468
67523
67555
67572
67650
67670
67782
67866
67982
68000
68344
68505
68543
68608
68642
68701
68712
68782
68815
68832
69027
69139
69201
69231
69245
69313
69451
69481
69490
69553
69737
69747
69774
69841
69925
69963
70011
70078
70166
70181
70340
70409
70415
70430
70471
70476
70532
70576
70577
70614
70889
70935
70941
70959
70976
71040
71055
71163
71174
71463
71620
71749
71951
71954
71961
72084
72111
72180
72352
72451
72472
72480
72491
72513
72521
72604
72657
72748
72766
72794
72865
72883
73017
73141
73291
73350
73376
73390
73506
73764
73784
73849
73891
73916
73969
74082
74202
74240
74335
74355
74423
74499
74526
74556
74650
74651
74669
74732
74771
74773
75033
75086
75102
75109
75184
75208
75388
75534
75608
75695
75750
75843
75855
75907
75931
76159
76187
76287
76308
76324
76538
76648
76672
76981
77051
77080
77106
77177
77287
77320
77386
77420
77468
77489
77506
77640
77661
77741
77744
77748
77755
77813
77875
77877
77882
77895
77914
78048
78058
78169
78180
78343
78356
78367
78512
78514
78542
78563
78581
78597
78622
78708
78735
78772
78776
78842
78853
78953
78955
78956
79014
79016
79047
79085
79160
79190
79210
79222
79389
79397
79513
79531
79630
79982
80029
80057
80102
80127
80198
80228
80337
80360
80377
80388
80403
80425
80426
80496
80511
80639
80807
80815
80824
80887
80899
80939
80988
81003
81126
81157
81180
81234
81258
81272
81498
81515
81547
81742
81767
81804
81827
81828
81973
81982
82010
82048
82073
82080
82151
82181
82415
82555
82621
82632
82641
82707
82789
82833
82839
82950
83114
83169
83173
83176
83197
83365
83564
83674
83676
83723
83730
83818
83865
83989
84000
84118
84176
84274
84380
84387
84391
84497
84617
84646
84656
84733
84784
84869
85050
85149
85199
85201
85305
85346
85408
85415
85699
85780
85919
85955
86022
86050
86254
86269
86305
86365
86434
86456
86521
86539
86560
86643
86756
86812
87017
87027
87466
87542
87789
87895
87897
88008
88022
88338
88350
88468
88664
88735
88741
88746
88780
88831
88855
88918
88956
89115
89138
89531
89561
89563
89866
89873
89957
89973
90054
90109
90189
90190
90290
90314
90471
90556
90605
90698
90841
91122
91161
91203
91272
91476
91607
91735
91769
91791
91935
91962
91973
92112
92192
92325
92432
92451
92519
92626
92662
92881
93049
93086
93144
93145
93160
93332
93513
93550
93561
93630
93646
93819
93897
93975
93997
94061
94077
94176
94226
94271
94433
94488
94517
94769
94848
94919
94953
95001
95306
95431
95853
95960
95967
96075
96293
96503
96583
96659
96714
96853
96874
96879
96940
96984
97077
97178
97357
97409
97450
97491
97530
97617
97624
97645
97655
97786
97815
97990
98043
98128
98160
98192
98198
98253
98393
98448
98458
98787
98831
98916
98970
99010
99125
99354
99524
99525
99586
99644
99708
99739
99786
99812
99862
99880
100096
100104
100330
100427
100453
100611
100663
100685
100733
100745
100850
100855
100887
101021
101080
101126
101426
101601
101605
101666
101751
101783
101902
101971
102324
102333
102390
102524
102608
102744
102784
102950
102956
103125
103197
103371
103570
103584
103594
103598
103741
103832
104048
104151
104265
104277
104400
104432
104448
104636
104798
104816
104817
104853
104879
105015
105027
105085
105114
105161
105221
105264
105357
105429
105701
105859
106100
106275
106429
106518
106546
106620
106643
106765
106783
107003
107015
107058
107128
107208
107212
107361
107428
107560
107652
107880
107896
107913
107944
108129
108130
108191
108402
108657
108714
108720
108756
108784
108863
108888
109024
109050
109173
109208
109217
109385
109484
109508
109527
109564
109674
109744
109757
109941
109993
110021
110094
110125
110141
110289
110299
110380
110401
110456
110546
110670
110673
110833
110924
110952
111046
111176
111223
111236
111555
111649
111918
111964
111997
112036
112182
112296
112441
112498
112513
112621
112634
112727
112790
112848
113010
113096
113100
113287
113394
113610
113683
113944
113991
114019
114163
114180
114223
114250
114729
114797
115065
115184
115194
115256
115318
115334
115540
115635
115748
115808
115943
115961
115962
116167
116292
116429
116519
116569
116578
116579
116600
116819
116853
117056
117186
117237
117251
117309
117746
117784
118208
118239
118425
118591
118833
118885
119025
119092
119255
119471
119694
119788
120220
120600
120716
120792
120875
120905
121034
121375
121588
121806
121915
122325
122539
122576
122622
122851
122940
123469
123811
123877
123907
124216
124422
124485
124658
124675
124726
124821
125093
125235
125350
125570
125574
125612
125804
125872
126003
126286
126616
126646
126649
126653
126669
126712
126873
126985
127014
127155
127426
127472
127474
127494
127732
127804
127926
127944
128177
128753
129103
129215
129386
129398
129433
129777
129846
129988
129990
130552
130580
130713
131034
131049
131355
132567
132808
133094
133231
133485
133650
133886
133958
134232
134523
134808
134863
134879
134884
135048
135110
135112
135210
135213
135587
135610
135743
135845
136005
136168
136716
137240
137248
137342
137855
137953
138408
138448
138574
139422
139603
139657
139888
140204
140242
140310
140456
140615
140645
140676
140808
141448
141622
141737
141969
142318
142338
142706
142774
142892
143759
143836
144476
144506
145302
145422
145767
145968
146327
146369
146503
146505
146528
146821
146864
146952
147358
147429
147475
148110
148818
148834
149117
149485
149572
149586
150027
150300
150480
151051
151192
152028
152102
152585
152662
153251
153397
153753
153848
153940
154080
154449
155184
155731
156404
156635
156637
157183
157777
158051
158124
158436
158525
158963
159017
159973
160178
160306
160341
160888
161259
161897
161912
162023
162745
162834
163311
163400
164654
166527
167833
168124
168892
171020
171268
171729
172634
175775
175831
177758
179521
183892
184491
186520
188590
