3
26
34
54
87
107
147
172
247
283
292
296
327
330
352
354
366
382
410
489
493
656
679
683
708
736
768
830
831
858
925
983
1068
1105
1220
1282
1294
1361
1466
1513
1518
1528
1640
1684
1723
1724
1802
1834
1851
1864
1866
1903
1918
1923
1999
2045
2064
2068
2077
2100
2120
2125
2139
2245
2277
2348
2361
2384
2412
2413
2544
2558
2597
2602
2684
2686
2806
2834
2851
2860
2869
2882
2893
2917
2935
2951
2956
2975
3034
3035
3063
3163
3216
3285
3286
3291
3300
3304
3311
3410
3457
3565
3572
3597
3615
3700
3783
3800
3803
3810
3841
3847
3854
3904
3920
3941
4012
4027
4028
4091
4108
4163
4166
4183
4201
4258
4285
4297
4311
4351
4368
4397
4400
4402
4429
4459
4463
4528
4530
4615
4631
4654
4680
4682
4698
4700
4712
4724
4730
4738
4777
4805
4840
4879
4891
4906
5030
5032
5055
5066
5234
5258
5322
5341
5380
5388
5512
5622
5717
5733
5870
5886
5891
5909
5924
5927
5939
5954
5978
5980
6025
6062
6190
6192
6281
6299
6318
6343
6429
6455
6511
6523
6529
6537
6551
6619
6641
6649
6680
6865
6874
6912
6928
6938
6961
7100
7198
7214
7250
7285
7306
7316
7318
7325
7351
7353
7392
7417
7468
7499
7536
7566
7597
7607
7626
7671
7678
7816
7879
7949
7991
7999
8024
8065
8096
8130
8237
8259
8277
8318
8438
8468
8539
8693
8762
8793
8807
8896
8967
9016
9018
9062
9070
9184
9232
9236
9241
9271
9313
9339
9366
9379
9578
9603
9624
9648
9660
9678
9689
9696
9729
9741
9743
9781
9859
9980
9991
10043
10100
10202
10387
10400
10406
10409
10415
10482
10608
10665
10713
10716
10753
10779
10793
10850
10882
10927
11002
11010
11014
11106
11131
11163
11180
11205
11255
11277
11330
11334
11335
11337
11413
11492
11494
11499
11574
11605
11641
11667
11681
11693
11859
11869
11929
11995
12028
12080
12099
12101
12163
12167
12266
12281
12285
12407
12416
12437
12531
12544
12572
12584
12639
12665
12679
12766
12792
12838
12860
12913
12936
12949
12953
12973
13106
13112
13147
13179
13233
13268
13318
13358
13384
13414
13444
13458
13489
13524
13531
13554
13555
13597
13657
13696
13723
13750
13755
13768
13787
13825
13839
13854
13954
13969
13974
13975
14006
14011
14051
14059
14065
14134
14139
14165
14180
14186
14232
14272
14273
14330
14385
14416
14449
14473
14500
14577
14594
14604
14686
14701
14703
14730
14736
14739
14746
14771
14838
14842
14940
15016
15048
15059
15114
15121
15143
15251
15328
15381
15403
15405
15422
15430
15453
15487
15590
15606
15630
15637
15657
15671
15684
15746
15772
15779
15794
15843
15863
15871
15880
15941
15942
16051
16111
16145
16175
16220
16237
16258
16276
16285
16373
16423
16458
16495
16540
16542
16577
16596
16616
16672
16720
16824
16893
16945
16946
16997
17009
17041
17119
17139
17175
17269
17313
17318
17321
17345
17369
17376
17386
17546
17612
17634
17695
17697
17729
17784
17814
17823
17826
17877
17902
17952
18005
18011
18074
18100
18103
18104
18154
18236
18421
18471
18548
18585
18656
18732
18777
18824
18945
18969
18990
19051
19052
19116
19120
19211
19224
19279
19336
19385
19398
19405
19418
19432
19457
19466
19496
19501
19532
19550
19558
19595
19695
19781
19866
19909
19947
19973
19995
20057
20123
20130
20242
20253
20256
20348
20449
20501
20503
20512
20678
20712
20766
20771
20815
20833
20841
20883
20943
20961
20962
21085
21140
21154
21155
21172
21195
21295
21325
21347
21373
21435
21442
21621
21643
21678
21683
21736
21813
21819
21820
21929
21948
22010
22023
22091
22121
22185
22212
22271
22427
22592
22626
22667
22689
22694
22720
22722
22734
22782
22788
22870
22874
22876
22896
22948
23023
23069
23092
23176
23201
23230
23235
23284
23306
23324
23354
23380
23392
23444
23473
23502
23597
23683
23708
23710
23882
23962
23965
23966
23996
24007
24066
24103
24154
24178
24224
24343
24418
24471
24539
24553
24583
24588
24621
24654
24685
24709
24711
24721
24731
24795
24860
24910
24928
24970
25021
25061
25063
25093
25190
25245
25354
25393
25404
25437
25475
25480
25548
25612
25699
25702
25738
25763
25781
25810
25818
25858
25958
25971
25975
26009
26035
26044
26073
26099
26162
26183
26198
26206
26260
26291
26327
26384
26433
26444
26447
26474
26481
26598
26663
26670
26830
26856
26897
26925
26967
26971
26996
27026
27040
27054
27134
27276
27343
27356
27370
27374
27454
27527
27574
27606
27612
27632
27666
27667
27710
27721
27736
27809
27868
27899
27924
27929
27936
27953
28039
28053
28154
28181
28192
28239
28251
28285
28294
28321
28345
28351
28401
28444
28560
28562
28585
28592
28637
28674
28683
28734
28745
28761
28937
28947
29025
29044
29083
29199
29231
29235
29360
29367
29372
29383
29406
29409
29499
29591
29678
29726
29817
29834
29913
29930
29969
30163
30165
30188
30226
30284
30300
30361
30385
30433
30666
30670
30677
30679
30739
30753
30959
30985
31023
31105
31152
31226
31257
31351
31384
31391
31416
31575
31627
31646
31740
31798
31832
31929
31997
32008
32063
32077
32080
32106
32141
32145
32225
32243
32295
32323
32334
32335
32364
32421
32506
32610
32684
32726
32734
32778
32800
32879
32907
32914
32924
32974
33046
33136
33137
33172
33189
33191
33237
33257
33279
33311
33369
33380
33413
33559
33602
33740
33754
33776
33789
33802
33814
33850
34052
34079
34162
34202
34204
34277
34402
34422
34543
34552
34603
34621
34642
34676
34723
34769
34873
34880
34891
34940
35020
35055
35077
35170
35179
35184
35254
35410
35443
35460
35558
35592
35616
35641
35664
35711
35840
35853
35863
35880
35885
35889
35891
35897
35924
35940
36005
36105
36122
36133
36148
36162
36170
36240
36297
36305
36342
36355
36383
36397
36456
36484
36522
36556
36593
36603
36610
36627
36889
36899
37089
37295
37378
37425
37500
37518
37545
37567
37637
37661
37684
37757
37805
37859
37873
37950
38070
38078
38089
38135
38179
38233
38291
38345
38395
38554
38586
38592
38610
38695
38719
38798
38836
38857
38861
38876
38927
39141
39169
39222
39232
39372
39378
39440
39454
39462
39476
39540
39549
39603
39688
39811
39911
39942
39987
40084
40149
40181
40426
40436
40501
40581
40677
40684
40716
40801
40802
40909
40938
40947
40991
41069
41098
41112
41206
41234
41259
41270
41377
41402
41423
41530
41538
41566
41729
41739
41785
41800
41841
41876
41931
42056
42104
42227
42276
42279
42331
42338
42380
42571
42612
42655
42728
42756
42766
42805
42857
42914
42933
42986
43007
43049
43172
43205
43220
43261
43271
43362
43373
43453
43505
43645
43674
43682
43683
43696
43754
43773
43774
43837
43960
44010
44030
44069
44077
44138
44139
44189
44219
44259
44285
44440
44445
44559
44575
44593
44712
44730
44845
44950
45011
45037
45047
45079
45152
45197
45322
45347
45552
45607
45651
45677
45689
45752
45771
45773
45777
45780
45781
45834
45850
45858
45971
45995
46037
46088
46219
46279
46304
46382
46385
46400
46403
46424
46447
46474
46538
46578
46579
46601
46624
46647
46732
46780
46949
47032
47081
47277
47309
47400
47472
47585
47605
47638
47710
47716
47823
47847
47849
47904
47925
47935
47946
47965
48024
48057
48113
48115
48166
48202
48245
48364
48372
48424
48472
48516
48617
48653
48659
48678
48743
48774
48787
48831
48916
48924
48964
48989
49007
49107
49116
49119
49130
49196
49221
49258
49270
49294
49373
49413
49470
49532
49578
49583
49707
49811
49819
49822
49983
50023
50044
50098
50102
50110
50146
50149
50153
50194
50230
50270
50323
50356
50376
50460
50461
50535
50572
50643
50649
50658
50719
50748
50754
50783
50812
50817
50902
50928
50935
50951
50967
51036
51048
51087
51103
51141
51230
51265
51306
51378
51412
51537
51552
51576
51596
51621
51687
51704
51823
51838
51874
51942
51995
52006
52008
52015
52025
52225
52233
52382
52392
52412
52413
52429
52473
52533
52545
52699
52884
52920
52958
53065
53095
53150
53290
53344
53367
53374
53382
53421
53424
53505
53573
53685
53743
53787
53817
53889
53954
54002
54021
54023
54042
54139
54376
54418
54546
54643
54701
54743
54802
54819
54916
54926
55156
55162
55165
55174
55247
55259
55325
55343
55536
55560
55612
55683
55707
55718
55781
55891
55930
56051
56116
56180
56186
56263
56318
56371
56390
56460
56540
56584
56595
56635
56745
56802
56962
56971
56977
57035
57041
57043
57072
57120
57173
57175
57234
57273
57310
57327
57331
57343
57367
57634
57680
57908
57938
57952
58029
58042
58099
58124
58234
58350
58352
58361
58403
58433
58434
58509
58560
58657
58664
58709
58713
58716
58745
58777
58819
58921
58931
58951
58979
59016
59053
59129
59227
59339
59342
59387
59438
59501
59513
59531
59538
59628
59655
59687
59689
59710
59713
59760
59828
59938
59965
59975
60323
60366
60393
60401
60414
60420
60476
60539
60670
60735
60760
60765
60907
61017
61069
61071
61073
61085
61130
61236
61346
61374
61386
61421
61430
61632
61710
61856
61923
61969
61979
62041
62065
62104
62174
62182
62380
62491
62584
62594
62639
62652
62689
62834
63023
63031
63061
63070
63083
63213
63226
63414
63463
63476
63553
63590
63650
63689
63694
63717
63735
63753
63760
63791
63817
63898
63920
63948
63965
63977
64005
64025
64032
64042
64106
64121
64147
64178
64255
64259
64288
64344
64413
64429
64451
64567
64619
64628
64658
64748
64938
65007
65095
65127
65138
65183
65333
65372
65492
65529
65632
65694
65787
65791
65823
65890
65906
65907
66047
66061
66088
66090
66165
66238
66264
66435
66576
66717
66857
66872
66931
66943
66961
67072
67082
67105
67112
67334
67376
67473
67539
67653
67659
67726
67746
67773
67794
67802
67982
68003
68116
68122
68187
68230
68322
68335
68389
68492
68500
68531
68590
68619
68631
68710
68749
68771
68810
68887
69071
69139
69185
69231
69276
69287
69313
69377
69420
69421
69430
69490
69729
69766
69782
69846
69867
69918
69923
69954
69957
69973
70011
70028
70044
70131
70167
70182
70244
70264
70287
70424
70430
70511
70517
70753
71168
71176
71223
71362
71416
71592
71599
71620
71861
71944
71967
72071
72098
72428
72442
72449
72513
72623
72789
72972
72976
73075
73094
73164
73306
73332
73407
73411
73475
73604
73686
73693
73830
73878
74017
74224
74260
74345
74468
74506
74565
74631
74773
74820
75006
75033
75084
75086
75156
75172
75215
75247
75391
75401
75407
75522
75523
75549
75558
75596
75637
75742
75771
75783
75784
75792
75799
75804
75815
75827
75858
75909
75975
76047
76061
76067
76120
76275
76293
76500
76522
76538
76628
76648
76696
76703
76709
76896
76906
76924
76956
76978
77121
77162
77211
77223
77252
77272
77510
77656
77752
77758
77795
77813
77820
77895
77970
78050
78156
78318
78396
78404
78487
78505
78563
78591
78696
78747
78776
78861
78862
78895
78903
78957
79016
79151
79222
79253
79307
79361
79411
79558
79564
79598
79736
79767
79834
79939
80013
80150
80228
80237
80265
80360
80471
80496
80671
80765
80815
80824
80920
80926
80958
80967
81069
81085
81204
81262
81308
81309
81364
81376
81428
81648
81941
82033
82084
82093
82099
82144
82169
82182
82210
82216
82317
82341
82455
82552
82826
83091
83147
83210
83251
83502
83600
83612
83632
83657
83674
83701
83731
83733
83806
84211
84439
84478
84578
84591
84604
84639
84689
84734
84765
84770
84982
85018
85058
85120
85140
85149
85299
85334
85483
85547
85602
85721
85965
85974
85996
86016
86052
86096
86254
86286
86316
86332
86452
86483
86656
86726
86756
86818
86840
86917
87034
87063
87065
87242
87286
87613
87644
87706
87709
87798
87883
87913
87948
88047
88056
88072
88108
88160
88249
88266
88275
88286
88583
88626
88670
88883
88926
88977
89007
89018
89071
89211
89371
89422
89431
89482
89495
89501
89777
89927
90009
90030
90052
90316
90402
90406
90437
90539
90595
90761
90815
90820
90882
90952
91050
91072
91105
91122
91388
91445
91463
91507
91644
91661
91686
91851
91935
92331
92394
92561
92570
92572
92802
92808
92978
93095
93328
93386
93488
93715
93739
93741
93799
93880
94123
94305
94366
94709
94829
94872
95197
95261
95301
95306
95511
95580
95611
95640
95722
95784
95844
95859
95896
95956
96087
96195
96236
96283
96381
96419
96522
96579
96640
96726
96736
96811
96845
96927
96970
96972
97168
97311
97330
97395
97410
97425
97488
97519
97571
97606
97725
97813
97815
97881
97919
97955
98106
98300
98324
98393
98418
98533
98663
98702
98831
98904
98970
98998
99007
99117
99130
99181
99524
99629
99639
99786
99791
99840
99862
99864
99972
100123
100131
100321
100549
100685
100709
100891
100936
100999
101080
101231
101317
101379
101679
101687
101724
101847
101863
101898
102137
102189
102229
102281
102402
102425
102495
102595
102714
102717
102722
102925
103079
103257
103309
103314
103363
103729
103741
103969
104005
104138
104168
104189
104202
104235
104247
104277
104367
104387
104425
104430
104509
104578
104590
104738
104804
104814
104915
104923
105140
105173
105369
105422
105490
105636
105709
105749
105845
105850
105873
106306
106463
106749
106852
106999
107361
107396
107398
107443
107454
107458
107469
107509
107676
107865
107897
108189
108635
108692
108747
108764
108891
108900
109091
109161
109173
109429
109483
109625
109700
109766
109789
109859
109863
109910
109986
110003
110021
110251
110282
110299
110446
110455
110888
111085
111092
111147
111216
111277
111349
111447
111550
111553
111729
111790
111909
112043
112124
112294
112359
112408
112581
112743
112798
112813
112819
112827
112889
112928
113040
113071
113088
113216
113422
113586
113590
113667
113712
113748
113852
113879
113913
113952
114011
114035
114215
114467
114595
114686
114707
114719
114862
114955
115184
115222
115254
115492
115571
115582
115607
115712
115729
115776
115943
116237
116331
116647
116675
116799
116925
116987
117067
117292
117316
117385
117449
117648
117690
117700
117935
118332
118505
118649
118669
118996
119039
119159
119183
119482
119952
120081
120157
120185
120202
120284
120301
120440
120565
120573
120874
120875
120915
121576
121614
121647
122066
122102
122402
122449
122595
122808
122846
122851
122954
123028
123639
123675
123777
123820
123853
123933
123949
124031
124217
124341
124507
124821
125120
125253
125374
125457
125479
125771
125808
125827
126246
126741
126837
126944
126974
127390
127677
127754
128307
128368
128492
129049
129258
129423
129472
129656
129937
129976
129990
130071
130703
131021
131432
132491
132784
132819
132869
133485
133743
134107
134132
134203
134310
134352
135068
135080
135150
135485
135851
136250
136259
136308
136345
136558
136636
137076
137317
137470
137723
137958
138559
138853
138865
138926
139424
139513
139863
140127
140200
141213
141539
142221
142255
143277
143354
143382
143499
143532
143576
143683
143792
143880
143939
144288
144407
144855
145148
145210
145707
146215
146503
146797
146964
147058
147061
147118
147429
147505
147937
148146
148389
148529
148571
148670
148806
149485
150122
150354
150785
150842
150980
151125
151192
151819
152051
152102
152403
152662
153367
153923
155389
156404
156635
158137
158508
158585
158893
159147
159443
159463
159828
161172
162559
162661
163158
163903
163940
164169
165000
168464
169562
170820
174019
174789
175116
175178
175821
176552
180007
181296
183022
185172
187515
190856
190957
191154
202544
