22
76
136
139
162
172
234
248
260
274
341
354
366
371
374
410
417
457
506
507
526
598
649
713
736
759
860
886
895
943
966
975
984
1012
1027
1060
1098
1099
1173
1221
1282
1289
1296
1313
1355
1453
1490
1498
1523
1528
1555
1560
1610
1616
1618
1645
1661
1723
1748
1750
1755
1777
1864
1981
1997
2007
2071
2131
2150
2167
2221
2262
2314
2315
2324
2451
2504
2562
2592
2617
2632
2652
2657
2672
2742
2834
2846
2868
2906
2934
2956
2958
2961
2998
3013
3111
3183
3186
3210
3222
3230
3239
3250
3280
3285
3286
3289
3291
3317
3322
3341
3362
3388
3455
3499
3580
3594
3631
3646
3712
3746
3752
3789
3797
3802
3841
3888
3900
3913
3935
3941
3946
3995
4011
4116
4140
4164
4273
4309
4316
4335
4400
4402
4512
4514
4523
4554
4662
4686
4700
4756
4768
4781
4855
4914
4929
5012
5034
5074
5087
5152
5183
5189
5251
5258
5281
5330
5349
5355
5367
5440
5524
5530
5536
5665
5727
5897
5929
5978
5985
5998
6055
6089
6104
6109
6188
6202
6214
6225
6258
6299
6343
6365
6373
6399
6403
6442
6463
6500
6583
6634
6699
6736
6779
6796
6843
6858
6870
6894
6916
6952
6954
6999
7002
7030
7049
7059
7080
7134
7144
7173
7193
7224
7227
7229
7236
7384
7410
7434
7491
7520
7524
7534
7590
7592
7626
7687
7703
7752
7764
7800
7808
7816
7860
7902
8014
8083
8124
8152
8156
8161
8203
8265
8335
8363
8377
8395
8455
8531
8552
8558
8658
8665
8668
8773
8855
8875
8887
8935
8973
8978
9003
9035
9087
9137
9145
9161
9162
9241
9255
9282
9321
9361
9391
9422
9452
9509
9518
9590
9673
9679
9680
9730
9751
9760
9774
9804
9812
9839
9907
10104
10123
10132
10206
10242
10246
10257
10291
10356
10376
10443
10456
10484
10510
10562
10596
10691
10713
10760
10792
10802
10807
10850
10901
10910
11006
11092
11106
11163
11180
11198
11209
11277
11280
11291
11340
11405
11430
11468
11520
11560
11605
11610
11628
11644
11687
11696
11700
11705
11706
11792
11860
11896
11964
11995
12047
12056
12087
12095
12097
12106
12121
12124
12195
12215
12310
12441
12444
12450
12457
12607
12653
12671
12697
12717
12796
12841
12861
12937
13024
13103
13130
13167
13175
13179
13282
13298
13356
13384
13409
13477
13521
13592
13637
13640
13657
13668
13692
13764
13787
13822
13831
13894
13928
13931
13975
14006
14025
14069
14098
14162
14167
14305
14361
14378
14439
14508
14543
14624
14638
14686
14708
14731
14783
14833
14840
14930
14985
15025
15155
15263
15281
15293
15334
15335
15354
15405
15545
15581
15628
15638
15684
15716
15720
15741
15791
15809
15830
15840
15880
15922
15930
15950
15955
15968
16002
16030
16062
16216
16278
16304
16336
16358
16633
16651
16695
16740
16755
16756
16772
16778
16781
16797
16853
16929
16951
17009
17135
17149
17162
17180
17205
17206
17220
17260
17371
17384
17388
17419
17442
17575
17625
17777
17793
17847
17868
17946
17949
17966
18011
18023
18033
18050
18089
18115
18180
18217
18236
18321
18404
18509
18556
18594
18596
18611
18628
18700
18731
18740
18784
18797
18807
18846
18935
19021
19061
19075
19180
19207
19239
19307
19318
19336
19424
19428
19451
19550
19622
19661
19813
19928
19938
19943
19949
19979
20012
20023
20043
20113
20128
20152
20190
20196
20242
20262
20276
20307
20322
20386
20406
20412
20444
20484
20492
20607
20681
20730
20746
20758
20817
20855
21035
21050
21053
21067
21087
21091
21154
21223
21348
21386
21432
21435
21439
21462
21465
21487
21520
21578
21675
21711
21726
21735
21754
21769
21786
21840
21886
21980
22016
22053
22122
22249
22310
22320
22339
22403
22465
22475
22568
22694
22750
22874
23013
23080
23098
23117
23133
23165
23185
23237
23321
23499
23519
23692
23707
23738
23772
23842
23857
23869
23880
23911
23969
24058
24075
24208
24221
24251
24264
24361
24557
24657
24681
24795
24827
24873
25033
25074
25105
25114
25202
25241
25276
25306
25423
25472
25478
25499
25563
25599
25746
25754
25780
25783
25796
25841
25870
25926
25961
26073
26082
26097
26264
26338
26343
26346
26384
26413
26480
26481
26506
26514
26552
26571
26596
26664
26729
26739
26760
26777
26844
26911
26967
26996
27012
27068
27129
27134
27152
27295
27313
27366
27381
27407
27460
27494
27543
27574
27717
27826
27828
27885
27900
27935
27974
27987
28007
28012
28033
28051
28053
28069
28161
28228
28319
28321
28423
28432
28496
28514
28635
28658
28689
28697
28776
28878
29086
29143
29196
29230
29280
29335
29409
29437
29504
29513
29518
29522
29550
29588
29599
29639
29658
29674
29678
29700
29782
29817
29821
29826
29829
29885
29951
30005
30115
30142
30149
30153
30156
30244
30369
30450
30452
30456
30535
30537
30586
30687
30726
30748
30931
30933
30940
30950
30961
31035
31052
31117
31143
31145
31160
31162
31267
31275
31277
31282
31329
31347
31418
31426
31443
31444
31465
31478
31480
31496
31519
31532
31646
31686
31888
31896
31926
31933
31963
31972
32203
32319
32430
32476
32484
32512
32530
32602
32604
32610
32682
32731
32739
32854
32874
32901
32928
32941
33007
33043
33177
33195
33213
33325
33470
33480
33510
33597
33655
33692
33710
33723
33752
33782
33789
33816
33817
33832
33881
33902
33925
33936
33938
33971
33992
34020
34079
34250
34294
34295
34396
34438
34460
34495
34527
34555
34563
34645
34659
34692
34693
34792
34879
34944
35026
35077
35151
35291
35311
35375
35391
35452
35454
35529
35543
35580
35622
35722
35724
35731
35734
35756
35814
35817
35821
35829
35844
35893
35923
35969
36034
36052
36192
36225
36253
36469
36565
36597
36608
36627
36628
36653
36829
36842
36888
36907
36950
37029
37049
37360
37378
37384
37423
37648
37653
37661
37706
37737
37811
37832
37950
38035
38161
38229
38248
38269
38343
38347
38360
38366
38381
38439
38452
38495
38499
38500
38610
38642
38765
38785
38789
38798
38806
38808
38832
38861
38913
38993
38998
39002
39019
39108
39181
39232
39242
39293
39372
39381
39479
39534
39598
39618
39641
39678
39730
39797
39815
39856
39882
39944
40018
40037
40132
40174
40178
40203
40253
40272
40275
40300
40416
40460
40517
40537
40581
40651
40801
40839
40852
40885
40933
41044
41048
41098
41118
41160
41188
41201
41220
41234
41255
41289
41305
41385
41391
41566
41577
41628
41647
41674
41686
41691
41693
41756
41796
41827
41844
41853
41929
42044
42074
42106
42119
42194
42218
42282
42341
42346
42394
42406
42412
42457
42496
42525
42607
42618
42628
42766
42922
42971
42986
43117
43124
43215
43279
43305
43330
43476
43603
43698
43809
43811
43837
43966
43968
44045
44047
44087
44129
44174
44259
44335
44471
44472
44514
44516
44670
44679
44728
44753
44794
44804
44814
44845
45004
45013
45047
45093
45165
45207
45232
45322
45387
45450
45482
45688
45694
45777
45805
45833
45845
45881
45951
45974
46071
46088
46093
46207
46230
46298
46348
46364
46384
46440
46495
46523
46538
46677
46680
46689
46764
46800
46804
46811
46824
46926
46949
47081
47147
47155
47206
47277
47309
47333
47356
47382
47430
47472
47493
47564
47585
47633
47670
47686
47756
47757
47765
47814
47891
47919
48020
48044
48184
48202
48221
48251
48259
48274
48281
48346
48476
48482
48568
48623
48756
48908
48987
49074
49183
49195
49265
49389
49420
49486
49504
49505
49526
49532
49537
49586
49667
49714
49747
49756
49767
49805
49864
49887
49923
49994
50025
50072
50143
50338
50339
50349
50430
50473
50568
50649
50755
50794
50807
50879
50902
50995
51087
51090
51091
51245
51294
51346
51439
51485
51526
51589
51621
51642
51739
51825
51920
51980
51988
52005
52015
52024
52042
52108
52135
52147
52217
52272
52302
52361
52393
52502
52504
52533
52575
52619
52666
52676
52740
52801
52812
52919
52982
52985
52988
53205
53309
53382
53386
53413
53419
53424
53652
53763
53796
53878
53941
54004
54014
54016
54148
54165
54184
54191
54220
54306
54416
54457
54493
54528
54589
54608
54618
54674
54764
54798
54823
54839
54851
54912
54926
55048
55073
55174
55207
55222
55322
55363
55376
55402
55419
55542
55553
55577
55669
55689
55713
55754
55809
55848
55919
55968
55985
56029
56128
56134
56386
56422
56424
56474
56495
56532
56540
56672
56684
56696
56700
56712
56737
56742
56747
56786
56832
56861
56913
56964
56985
57008
57041
57087
57090
57107
57120
57138
57152
57209
57291
57299
57375
57406
57417
57572
57632
57640
57723
57737
57788
57811
57924
57938
58035
58148
58233
58253
58320
58397
58420
58433
58509
58534
58612
58616
58693
58710
58739
58812
58814
58819
58874
59003
59039
59050
59080
59181
59235
59352
59447
59473
59591
59705
59758
59775
59801
59818
59821
59839
59932
59963
60091
60142
60391
60393
60409
60448
60635
60639
60688
60705
60720
60731
60732
60815
60839
60863
60922
60931
60951
60985
61017
61067
61095
61112
61120
61122
61144
61147
61193
61248
61364
61430
61449
61522
61545
61562
61572
61609
61632
61701
61847
61928
61991
62011
62043
62128
62135
62152
62182
62214
62284
62291
62319
62355
62380
62447
62490
62535
62661
62739
62763
62815
62916
62957
63047
63079
63128
63133
63167
63271
63278
63287
63292
63305
63319
63412
63425
63460
63661
63764
63791
63822
63904
63935
64057
64080
64087
64183
64255
64271
64476
64530
64575
64788
64812
65027
65056
65082
65116
65224
65423
65544
65608
65676
65810
65890
65952
65971
66022
66047
66074
66088
66092
66199
66306
66340
66367
66374
66531
66607
66648
66665
66841
66859
66910
66943
67009
67130
67199
67352
67384
67572
67605
67656
67782
67814
67901
67908
68000
68019
68100
68206
68214
68230
68326
68491
68521
68574
68712
68742
68816
68841
68881
69081
69108
69115
69135
69216
69222
69250
69258
69424
69454
69572
69649
69668
69730
69895
69925
69957
69978
70033
70080
70170
70172
70184
70206
70467
70493
70685
70753
70756
70815
70822
70862
70997
71085
71163
71221
71229
71242
71256
71307
71629
71635
71731
71749
71944
71983
72071
72146
72269
72329
72338
72451
72536
72558
72564
72571
72623
72678
72684
72742
72835
72941
72965
73100
73114
73144
73166
73250
73316
73338
73574
73612
73714
73751
73912
73969
74054
74124
74145
74153
74211
74345
74438
74460
74521
74583
74650
74666
74693
74739
74745
74768
74807
74822
75063
75140
75215
75266
75288
75430
75461
75511
75581
75758
75759
75780
75801
75835
75980
75982
76039
76058
76154
76187
76296
76341
76502
76522
76530
76542
76634
76709
76791
76812
76896
76991
77008
77130
77131
77211
77221
77249
77317
77422
77517
77627
77662
77722
77779
77928
78007
78018
78080
78107
78221
78368
78453
78458
78559
78567
78637
78645
78842
78897
78919
78932
78957
79021
79160
79164
79180
79226
79253
79255
79264
79277
79355
79382
79397
79434
79493
79511
79586
79678
79685
79691
79709
79802
80098
80118
80156
80198
80265
80283
80300
80360
80467
80529
80581
80596
80639
80695
80931
80942
81028
81044
81092
81140
81143
81149
81181
81265
81300
81308
81372
81380
81390
81428
81432
81441
81451
81485
81505
81615
81654
81699
82061
82077
82166
82477
82553
82585
82612
82637
82669
83021
83099
83129
83147
83182
83204
83296
83315
83324
83449
83499
83605
83607
83674
83746
83948
84084
84096
84238
84396
84446
84508
84513
84619
84632
84724
84733
84969
85060
85455
85528
85590
85591
85709
85751
85882
85898
85996
86041
86059
86079
86176
86202
86360
86427
86576
86643
86693
86804
86818
86847
86857
86878
86892
87016
87017
87027
87117
87209
87378
87455
87592
87691
87722
87811
88017
88022
88132
88179
88293
88457
88602
88642
88661
88666
88693
88719
88735
88752
88804
88861
88875
88893
88916
88972
89041
89080
89115
89127
89199
89674
89678
89725
89864
89916
89957
90028
90193
90244
90316
90335
90359
90540
90571
90603
90630
90633
90687
90820
90918
91154
91192
91231
91241
91412
91422
91425
91473
91476
91531
91715
91769
91823
92152
92154
92192
92228
92344
92361
92365
92369
92437
92536
92560
92594
92626
92861
92881
93049
93121
93253
93380
93460
93556
93732
93741
93858
93944
93983
94123
94128
94247
94249
94299
94413
94523
94527
94552
94658
94931
94983
95043
95156
95248
95261
95472
95525
95566
95580
95600
95674
95741
95767
95791
95812
95851
95931
96075
96096
96136
96147
96159
96166
96205
96268
96296
96305
96309
96338
96357
96363
96627
96640
96645
96659
96675
96833
96879
96963
97017
97039
97069
97115
97260
97376
97406
97560
97641
97839
98029
98122
98222
98263
98418
98549
98596
98673
98684
98767
98878
98916
99201
99281
99285
99286
99318
99326
99362
99615
99639
99745
99788
99825
99845
99847
100005
100014
100093
100123
100155
100296
100332
100427
100486
100546
100549
100709
100790
100798
100819
100963
101021
101067
101081
101123
101567
101617
101647
101687
101842
101919
102189
102266
102469
102486
102574
102583
102595
102724
102958
103021
103720
103772
103913
104206
104247
104387
104397
104481
104536
104636
104646
104666
104738
104812
104853
104923
104992
105027
105039
105406
105407
105494
105533
105552
105765
105811
105966
106382
106492
106607
106640
106663
106707
106724
106749
106783
106864
106891
106979
107040
107188
107289
107355
107404
107509
107631
107865
108033
108815
109008
109024
109231
109278
109400
109461
109491
109580
109660
109672
109770
109806
109894
109908
109970
109989
109993
110151
110176
110231
110239
110293
110366
110837
110844
110952
111099
111108
111550
111786
111829
111839
111843
111964
112253
112263
112288
112374
112414
112429
112727
112906
112983
113096
113209
113269
113730
113913
113944
114051
114075
114258
114323
114439
114581
114933
114968
115136
115523
115528
115635
115694
115822
115991
116332
116355
116413
116528
116616
116724
116735
117191
117477
117578
117600
117746
117922
118193
118197
118246
118617
118678
118885
119022
119094
119159
119183
119257
119265
119359
119528
119581
119765
119796
119944
119945
120002
120133
120186
120202
120203
120297
120617
120626
120667
121846
122014
122046
122339
122345
122400
122416
122440
122493
122496
122560
122595
122626
122917
122996
123126
123258
123394
123908
124302
124354
124380
124565
124801
124833
124999
125024
125291
125748
125859
125939
126105
126135
126286
126641
126889
127420
127524
127561
127629
127671
127906
127926
128167
128218
128244
128515
128705
128780
129214
129220
129271
129302
129609
130071
130091
130320
130439
130486
130596
130713
130896
130916
130950
131091
131140
131297
131435
131451
131781
131968
132026
132361
132477
132491
132703
132819
133111
133156
133279
133560
133639
133958
134604
134729
134737
134919
135100
135112
135210
135270
135304
135355
136491
136941
137132
137305
137315
137520
137820
138389
138514
138607
139231
139321
139620
139661
139888
140538
140662
141062
141194
141562
141622
141660
141662
141788
142114
142256
142364
142487
142705
142776
142962
143000
143316
143565
143968
144384
145093
145138
145550
145659
146620
146733
147471
147545
147568
148065
148761
149356
149572
149586
150999
151630
151819
151880
152248
152435
152865
153087
153397
153704
154574
155971
156075
156465
156622
156637
157183
157833
158508
159510
159828
160888
162419
163428
166373
166518
166527
166533
166705
168124
168559
168844
168892
171083
171372
171703
172663
173541
175178
175775
176174
179521
183325
187698
188174
190856
