2
4
19
26
34
44
49
54
58
83
91
122
136
156
158
169
196
199
207
234
246
250
329
343
359
366
373
393
400
401
402
403
405
424
438
455
459
461
479
500
514
518
536
544
578
593
595
607
622
640
642
644
648
651
659
672
690
692
703
731
759
788
800
808
816
833
845
853
859
880
899
909
911
915
951
959
969
979
985
986
994
1006
1008
1018
1022
1029
1066
1078
1082
1112
1116
1120
1126
1129
1133
1145
1159
1194
1229
1247
1259
1270
1310
1312
1333
1339
1348
1362
1371
1379
1384
1388
1418
1426
1448
1465
1484
1506
1522
1540
1547
1557
1559
1562
1588
1594
1596
1638
1644
1660
1668
1672
1684
1690
1703
1705
1719
1753
1757
1766
1797
1798
1804
1814
1830
1847
1848
1874
1880
1887
1889
1912
1919
1930
1958
1964
1972
1995
2004
2006
2008
2019
2023
2033
2043
2047
2053
2069
2073
2093
2100
2105
2123
2143
2148
2150
2157
2159
2165
2181
2194
2199
2209
2221
2228
2232
2252
2273
2277
2294
2295
2304
2308
2316
2336
2349
2352
2361
2369
2403
2407
2441
2442
2456
2459
2488
2496
2514
2523
2543
2563
2576
2602
2604
2612
2619
2635
2652
2661
2675
2680
2681
2685
2691
2697
2703
2711
2737
2745
2755
2787
2791
2824
2832
2881
2882
2897
2908
2912
2914
2920
2928
2949
2961
2963
2968
2989
2991
2999
3022
3027
3079
3102
3114
3120
3125
3162
3166
3168
3170
3185
3215
3220
3229
3231
3233
3244
3260
3284
3291
3302
3304
3308
3318
3330
3336
3352
3356
3364
3366
3373
3380
3384
3393
3397
3404
3409
3414
3416
3422
3424
3426
3452
3456
3458
3461
3463
3467
3484
3488
3491
3499
3503
3504
3528
3529
3542
3570
3573
3582
3588
3594
3596
3621
3626
3633
3635
3636
3640
3664
3681
3683
3697
3713
3715
3729
3738
3740
3757
3761
3789
3802
3835
3845
3862
3867
3875
3876
3878
3884
3898
3915
3918
3922
3933
3939
3940
3941
3944
3951
3959
3968
3972
3987
4009
4026
4034
4054
4058
4073
4074
4092
4100
4110
4134
4138
4144
4154
4163
4172
4177
4181
4184
4187
4190
4206
4224
4232
4234
4238
4265
4267
4287
4289
4290
4310
4314
4317
4318
4323
4324
4330
4332
4334
4336
4340
4357
4359
4361
4403
4407
4415
4422
4446
4460
4470
4475
4518
4528
4537
4541
4552
4567
4569
4585
4587
4591
4593
4601
4603
4612
4614
4619
4627
4639
4641
4665
4673
4683
4706
4713
4718
4721
4723
4738
4748
4750
4758
4765
4781
4790
4807
4817
4829
4840
4846
4850
4866
4879
4886
4887
4891
4895
4906
4907
4923
4932
4948
4981
4991
4996
4997
4998
5050
5070
5087
5095
5104
5156
5180
5182
5202
5220
5233
5238
5244
5263
5283
5286
5289
5300
5312
5316
5331
5343
5355
5362
5380
5406
5420
5438
5443
5453
5465
5471
5474
5482
5510
5516
5520
5531
5540
5549
5557
5558
5563
5576
5603
5611
5628
5636
5638
5650
5689
5695
5707
5709
5725
5736
5750
5752
5759
5772
5774
5780
5782
5805
5845
5847
5853
5855
5859
5892
5896
5905
5918
5940
5941
5943
5964
5968
5969
5970
5973
5978
5993
5998
6003
6004
6021
6033
6039
6043
6047
6056
6060
6062
6064
6066
6069
6071
6081
6113
6141
6155
6159
6161
6169
6181
6206
6222
6223
6235
6255
6275
6285
6289
6302
6314
6322
6344
6352
6397
6403
6406
6449
6487
6490
6494
6495
6503
6510
6530
6536
6544
6554
6556
6605
6610
6622
6635
6639
6641
6651
6661
6668
6676
6683
6692
6699
6703
6705
6725
6737
6742
6763
6764
6783
6800
6838
6849
6876
6892
6908
6914
6916
6918
6932
6943
6956
6962
6997
7000
7006
7008
7016
7036
7040
7050
7056
7085
7119
7131
7146
7150
7193
7212
7216
7218
7228
7237
7239
7279
7281
7307
7338
7342
7349
7351
7354
7364
7370
7372
7378
7394
7400
7402
7422
7426
7430
7453
7462
7467
7472
7474
7480
7488
7496
7508
7551
7553
7576
7584
7586
7594
7604
7616
7628
7638
7642
7662
7674
7680
7682
7713
7717
7739
7753
7828
7832
7840
7894
7898
7902
7906
7913
7915
7917
7926
7932
7983
7988
7994
8015
8061
8062
8075
8078
8083
8113
8136
8140
8142
8148
8153
8166
8167
8178
8180
8182
8188
8203
8210
8212
8224
8237
8244
8246
8248
8252
8256
8266
8306
8312
8335
8346
8350
8356
8365
8382
8399
8402
8404
8407
8409
8411
8418
8420
8422
8455
8467
8471
8476
8477
8487
8499
8513
8528
8536
8537
8540
8585
8609
8631
8639
8670
8682
8720
8728
8732
8734
8742
8744
8748
8767
8782
8790
8794
8810
8826
8832
8835
8841
8845
8853
8855
8883
8889
8901
8929
8953
8983
9019
9044
9073
9089
9099
9115
9121
9150
9158
9170
9201
9223
9224
9231
9249
9282
9287
9291
9297
9299
9303
9330
9332
9341
9343
9357
9359
9364
9374
9378
9401
9405
9407
9431
9437
9441
9450
9470
9494
9530
9538
9553
9559
9568
9592
9632
9643
9650
9652
9680
9684
9686
9688
9705
9720
9744
9765
9781
9783
9810
9827
9835
9867
9878
9885
9889
9907
9919
9921
9931
9939
9941
9950
10001
10013
10019
10021
10036
10042
10055
10083
10087
10089
10105
10119
10125
10135
10148
10153
10156
10159
10161
10162
10191
10193
10201
10205
10214
10240
10246
10253
10258
10259
10264
10276
10279
10300
10306
10308
10311
10313
10318
10327
10331
10356
10358
10370
10373
10375
10386
10394
10412
10418
10420
10424
10426
10427
10430
10432
10436
10479
10481
10483
10489
10495
10511
10519
10553
10564
10593
10595
10620
10626
10632
10658
10667
10671
10691
10707
10717
10724
10728
10765
10793
10802
10816
10866
10871
10873
10894
10905
10916
10917
10930
10942
10947
10967
10975
10979
10980
10987
11005
11037
11054
11056
11058
11067
11071
11092
11093
11095
11099
11137
11158
11164
11170
11180
11232
11242
11252
11256
11290
11304
11308
11309
11317
11329
11335
11351
11361
11363
11369
11377
11383
11386
11396
11416
11418
11423
11427
11431
11434
11439
11470
11486
11492
11502
11517
11524
11527
11531
11536
11560
11567
11573
11590
11604
11644
11680
11694
11707
11711
11719
11738
11744
11756
11764
11774
11801
11809
11819
11827
11831
11842
11847
11849
11850
11855
11867
11874
11875
11878
11892
11894
11906
11915
11922
11927
11935
11938
11951
11959
11970
11984
11992
11995
12003
12006
12013
12017
12055
12064
12069
12080
12090
12138
12140
12167
12179
12188
12190
12198
12200
12203
12326
12492
12524
12534
12543
12582
12594
12862
13180
13187
13231
13232
13244
13272
13283
13400
13421
13459
13490
13730
13781
13782
13814
13847
13894
13931
13974
13983
13985
14001
14009
14011
14053
14165
14177
14179
14190
14195
14207
14215
14232
14286
14308
14326
14329
14333
14374
14419
14424
14425
14435
14445
14446
14448
14452
14455
14479
14481
14482
14487
14500
14526
14532
14534
14540
14556
14566
14569
14571
14576
14594
14614
14616
14628
14638
14643
14668
14674
14687
14693
14695
14698
14702
14711
14715
14717
14720
14723
14726
14744
14749
14801
14805
14806
14808
14814
14818
14826
14834
14841
14842
14855
14862
14865
14882
14887
14894
14898
14899
14907
14921
14927
14957
14961
14981
15058
15093
15140
15152
15161
15162
15164
15174
15180
15217
15247
15287
15296
15307
15345
15359
15422
15425
15430
15436
15489
15510
15519
15520
15550
15579
15580
15581
15586
15598
15607
15615
15618
15644
15650
15716
15726
15729
15732
15759
15781
15805
15817
15829
15851
15861
15944
16012
16030
16045
16059
16184
16192
16227
16267
16290
16293
16294
16304
16308
16331
16339
16346
16348
16369
16370
16371
16372
16422
16423
16425
16430
16440
16441
16452
16459
16492
16493
16496
16499
16500
16553
16571
16637
16651
16656
16659
16730
16779
16794
16855
16873
16875
16882
17108
17153
17187
17193
17281
17289
17306
17472
17563
17578
17637
17671
17692
17700
17729
17737
17753
17756
17775
17791
17845
17897
17925
17946
17964
17971
17972
17979
17981
18005
18017
18027
18028
18039
18053
18058
18068
18069
18073
18093
18095
18103
18114
18117
18123
18132
18145
18148
18159
18166
18167
18168
18194
18205
18206
18210
18220
18221
18223
18227
18231
18241
18250
18288
18293
18299
18325
18450
18494
18498
18574
18707
18996
19069
19075
19076
19079
19087
19133
19144
19146
19162
19223
19262
19283
19293
19339
19343
19393
19395
19396
19449
19480
19481
19490
19508
19580
19691
19786
19790
19832
19834
19837
19867
19882
19883
19957
19992
20108
20157
20193
20292
20393
20430
20447
20451
20455
20470
20485
20494
20498
20503
20541
20549
20632
20661
20716
20796
20876
20877
20927
20932
20951
20952
21016
21058
21083
21132
21174
21185
21292
21387
21492
21537
21567
21705
21707
21717
21719
21745
21958
21961
21962
22022
22043
22053
22212
22228
22397
22398
22447
22467
22552
22600
22618
22811
22816
22831
22832
22840
22843
22846
22855
22892
22914
22922
22938
22959
22966
22967
22982
22990
22995
23017
23020
23024
23025
23071
23127
23135
23136
23171
23188
23208
23249
23290
23291
23336
23375
23381
23396
23397
23398
23430
23433
23434
23455
23460
23477
23569
23591
23603
23604
23750
23758
23770
23774
23778
23786
23787
23788
23904
24012
24059
24080
24114
24128
24144
24145
24161
24174
24197
24316
24394
24439
24442
24444
24480
24518
24596
24622
24631
24672
24705
24711
24858
24905
24910
24911
24913
24925
25018
25041
25049
25052
25102
25112
25416
25475
25530
25534
25552
25715
25716
25725
25726
25732
25794
25804
25809
25816
25875
25890
25891
25897
25902
25959
25960
25962
25964
25975
25979
25991
26013
26030
26035
26036
26069
26080
26094
26095
26097
26121
26132
26157
26186
26194
26230
26231
26238
26250
26265
26310
26332
26423
26447
26485
26487
26562
26582
26612
26618
26622
26658
26706
26709
26710
26737
26749
26752
26759
26781
26782
26796
26823
26864
26923
26936
26983
27116
27121
27138
27168
27171
27183
27278
27290
27372
27403
27404
27445
27682
27750
27751
27762
27786
27791
27822
27859
27876
27895
27961
27990
28032
28420
28428
28429
28564
28566
28585
28619
28714
28721
28727
28770
28869
28873
28916
29106
29115
29173
29245
29273
29274
29277
29296
29376
29378
29384
29407
29450
29451
29499
29502
29535
29569
29570
29572
29574
29586
29590
29592
29629
29649
29653
29655
29659
29703
29720
29725
29740
29753
29757
29765
29853
29862
29900
29957
29963
29965
29966
29968
29988
30088
30097
30102
30109
30145
30158
30160
30185
30187
30189
30193
30194
30203
30224
30321
30327
30345
30350
30357
30481
30497
30565
30569
30584
30586
30612
30653
30768
30841
30845
30854
30873
30879
30953
30987
31070
31133
31244
31343
31413
31519
31715
31716
31791
31807
31830
31831
31840
31951
31985
31992
32012
32063
32081
32114
32133
32173
32178
32272
32442
32469
32476
32534
32573
32620
32627
32645
32664
32665
32761
32774
32777
32779
32783
32800
32819
32848
32855
32867
32869
32881
32887
32906
33002
33003
33017
33020
33043
33045
33076
33080
33123
33127
33136
33156
33163
33166
33236
33237
33250
33252
33255
33356
33489
33497
33686
33690
33722
33725
33731
33734
33757
33759
33767
33781
33845
33901
33929
33972
33993
33994
34011
34015
34031
34034
34142
34200
34249
34257
34277
34387
34412
34420
34425
34474
34520
34584
34630
34656
34668
34739
34755
34756
34886
34887
34944
34956
34959
34963
34969
34995
34996
35024
35072
35109
35230
35273
35292
35308
35344
35407
35411
35419
35422
35427
35439
35458
35517
35536
35550
35648
35735
35737
35768
35804
35808
35847
35864
35865
35945
35949
35964
35966
36028
36033
36073
36087
36103
36207
36208
36316
36348
36383
36388
36412
36413
36426
36448
36461
36489
36605
36650
36651
36657
36660
36720
36743
36833
36975
36992
37035
37038
37048
37061
37090
37118
37131
37132
37134
37164
37204
37242
37247
37254
37281
37305
37306
37308
37338
37345
37348
37360
37417
37442
37497
37514
37516
37529
37557
37564
37565
37598
37617
37631
37680
37682
37683
37693
37694
37695
37696
37819
37840
37843
37882
37926
37933
37969
37972
37985
37986
37988
37991
37996
37999
38027
38051
38064
38073
38076
38080
38104
38162
38264
38266
38273
38285
38297
38302
38325
38327
38354
38375
38402
38406
38411
38448
38505
38519
39003
39035
39036
39042
39049
39052
39103
39108
39109
39122
39153
39154
39170
39172
39179
39197
39238
39299
39300
39306
39320
39427
39567
39568
39570
39571
39599
39600
39834
39837
39930
39959
40003
40160
40175
40181
40184
40188
40203
40220
40450
40463
40464
40486
40554
40584
40585
40613
40619
40620
40711
40780
40782
40815
40825
40827
40871
40880
40915
40916
40917
40947
40950
40987
41017
41097
41099
41106
41118
41123
41227
41232
