10
14
15
23
24
26
40
47
58
62
66
82
103
112
114
116
124
126
134
136
148
158
160
186
194
239
244
265
275
283
287
311
313
328
366
377
385
397
413
426
440
450
455
471
510
528
554
566
580
597
637
648
651
657
672
682
690
692
701
727
755
773
775
782
802
804
831
856
866
874
876
879
889
899
921
955
969
983
986
988
990
1002
1010
1012
1029
1033
1035
1058
1062
1064
1066
1070
1074
1084
1160
1165
1166
1177
1185
1191
1199
1203
1238
1239
1243
1245
1251
1253
1255
1287
1290
1330
1344
1346
1392
1400
1407
1418
1434
1440
1453
1487
1491
1493
1494
1500
1501
1503
1506
1513
1517
1524
1532
1568
1590
1592
1606
1610
1618
1620
1644
1646
1684
1694
1696
1703
1729
1739
1747
1749
1755
1763
1783
1822
1832
1834
1836
1889
1893
1899
1923
1927
1930
1952
1958
1972
1997
2000
2007
2017
2021
2023
2035
2045
2047
2057
2069
2071
2081
2101
2107
2121
2141
2165
2169
2188
2199
2211
2225
2246
2273
2290
2304
2322
2326
2330
2334
2371
2407
2410
2412
2418
2426
2432
2452
2461
2462
2472
2474
2488
2501
2503
2506
2525
2527
2537
2543
2546
2553
2588
2590
2592
2594
2597
2614
2630
2635
2637
2644
2654
2656
2664
2680
2731
2755
2789
2794
2807
2824
2830
2835
2848
2852
2861
2873
2879
2887
2891
2899
2906
2908
2928
2940
2951
2977
2993
2994
3007
3009
3010
3015
3016
3018
3019
3051
3057
3079
3083
3092
3100
3102
3104
3118
3125
3135
3140
3207
3219
3229
3235
3260
3262
3268
3272
3274
3282
3286
3289
3293
3302
3312
3331
3333
3343
3347
3368
3384
3391
3396
3403
3437
3452
3478
3480
3490
3518
3522
3531
3567
3572
3587
3590
3609
3617
3646
3651
3664
3666
3689
3700
3727
3738
3750
3760
3762
3771
3779
3813
3819
3826
3851
3860
3877
3902
3908
3910
3911
3922
3930
3948
3951
3954
3955
3966
3968
3981
3994
4018
4020
4027
4034
4036
4054
4061
4092
4110
4118
4128
4130
4132
4146
4157
4163
4185
4190
4202
4206
4244
4282
4305
4307
4311
4320
4324
4328
4346
4361
4379
4383
4420
4422
4426
4440
4458
4466
4473
4483
4494
4498
4502
4516
4524
4535
4541
4548
4554
4564
4575
4581
4583
4606
4616
4627
4629
4633
4646
4669
4693
4699
4701
4702
4704
4720
4724
4740
4744
4767
4783
4807
4813
4817
4825
4827
4840
4844
4854
4860
4872
4883
4893
4901
4906
4917
4923
4946
4955
4959
4969
4976
4992
4998
5020
5023
5028
5036
5037
5043
5061
5071
5073
5083
5085
5086
5091
5110
5122
5138
5162
5202
5217
5225
5235
5256
5263
5268
5270
5285
5288
5300
5345
5361
5372
5373
5382
5467
5498
5520
5525
5527
5543
5550
5569
5601
5609
5613
5623
5716
5717
5725
5730
5732
5740
5761
5766
5787
5790
5791
5796
5808
5810
5811
5812
5815
5817
5818
5820
5830
5842
5859
5861
5865
5872
5875
5882
5894
5922
5924
5930
5950
5953
5957
5959
5964
5998
6003
6004
6006
6013
6029
6036
6037
6042
6051
6052
6056
6064
6071
6073
6079
6087
6093
6111
6137
6141
6143
6145
6151
6161
6165
6177
6185
6194
6198
6202
6210
6222
6239
6243
6249
6281
6284
6302
6320
6339
6351
6374
6426
6433
6449
6453
6477
6492
6538
6546
6556
6581
6583
6585
6597
6600
6606
6616
6620
6622
6624
6632
6663
6664
6668
6678
6686
6690
6695
6703
6709
6722
6740
6748
6756
6767
6788
6794
6810
6814
6820
6828
6832
6845
6862
6902
6916
6932
6949
6953
6958
6999
7014
7018
7021
7025
7026
7038
7054
7056
7065
7071
7081
7107
7113
7130
7141
7148
7168
7169
7185
7202
7210
7214
7218
7224
7231
7246
7252
7266
7279
7283
7319
7342
7351
7358
7368
7376
7378
7380
7383
7388
7397
7398
7410
7413
7416
7434
7448
7452
7460
7467
7516
7520
7533
7559
7571
7580
7586
7596
7600
7615
7626
7628
7656
7723
7725
7731
7741
7749
7751
7759
7775
7777
7821
7846
7850
7874
7882
7890
7906
7911
7919
7926
7932
7948
7950
7975
7983
8038
8044
8046
8051
8061
8076
8093
8095
8101
8107
8109
8132
8166
8169
8184
8190
8227
8231
8239
8241
8272
8290
8291
8310
8318
8321
8330
8350
8367
8384
8399
8413
8420
8422
8427
8429
8438
8459
8467
8471
8503
8513
8515
8538
8547
8552
8566
8571
8575
8613
8641
8651
8668
8692
8706
8709
8726
8738
8743
8751
8759
8767
8790
8797
8806
8812
8814
8824
8833
8835
8837
8839
8849
8895
8903
8919
8945
8947
8949
8955
8969
8981
8995
8997
9005
9011
9013
9023
9029
9030
9053
9055
9059
9065
9081
9089
9101
9107
9119
9129
9148
9152
9154
9162
9170
9178
9184
9188
9192
9200
9208
9222
9231
9233
9247
9264
9297
9300
9302
9317
9345
9356
9374
9407
9421
9438
9442
9444
9448
9458
9460
9488
9492
9498
9512
9514
9516
9564
9578
9605
9607
9611
9632
9645
9660
9666
9670
9698
9717
9750
9752
9775
9799
9812
9831
9835
9841
9845
9853
9873
9881
9885
9889
9909
9919
9923
9939
9949
9953
9964
9966
9973
9979
9981
9983
9985
9995
10009
10021
10039
10075
10077
10080
10125
10135
10136
10139
10140
10143
10150
10156
10160
10161
10162
10191
10197
10201
10206
10218
10220
10228
10233
10244
10252
10253
10256
10259
10270
10285
10292
10304
10308
10354
10360
10381
10412
10428
10437
10443
10445
10458
10474
10491
10497
10515
10519
10535
10575
10589
10597
10599
10604
10610
10616
10628
10648
10673
10676
10677
10680
10689
10691
10695
10707
10711
10712
10718
10720
10721
10728
10758
10761
10789
10791
10802
10806
10823
10846
10848
10862
10885
10892
10894
10898
10912
10930
10944
10959
10961
10980
10997
11045
11047
11064
11071
11082
11092
11093
11097
11103
11135
11144
11175
11193
11197
11222
11226
11236
11240
11244
11248
11264
11271
11273
11276
11286
11290
11296
11311
11357
11441
11453
11455
11472
11476
11491
11494
11513
11524
11525
11554
11581
11583
11594
11602
11610
11668
11684
11694
11758
11764
11767
11769
11773
11782
11787
11815
11817
11829
11855
11890
11906
11919
11923
11927
11931
11933
11935
11946
11976
11978
11982
11986
11987
11990
11999
12006
12020
12028
12056
12096
12100
12108
12116
12122
12143
12147
12149
12158
12161
12169
12171
12185
12186
12188
12190
12192
12196
12200
12211
12213
12265
12277
12278
12292
12293
12345
12356
12370
12492
12527
12547
12563
12566
12575
12581
12583
12601
12613
12739
12740
12769
12861
12914
12948
13180
13225
13230
13231
13238
13283
13346
13386
13402
13421
13456
13489
13543
13659
13674
13693
13710
13733
13759
13792
13815
13833
13834
13847
13890
13973
13975
13976
13986
14000
14008
14013
14018
14032
14038
14039
14042
14077
14126
14131
14134
14168
14180
14184
14185
14196
14269
14286
14295
14328
14332
14335
14355
14385
14411
14440
14443
14457
14462
14497
14525
14557
14561
14575
14584
14585
14606
14611
14612
14622
14626
14628
14643
14659
14674
14696
14707
14708
14717
14725
14727
14740
14748
14751
14806
14836
14862
14865
14867
14873
14877
14879
14884
14923
14937
14951
14956
14959
14974
15017
15057
15092
15093
15104
15113
15146
15165
15177
15181
15228
15258
15267
15268
15280
15281
15300
15311
15344
15403
15420
15427
15436
15437
15441
15476
15514
15515
15516
15519
15542
15550
15586
15589
15607
15623
15633
15637
15720
15758
15759
15763
15792
15828
15850
15859
15887
15893
15938
15939
15944
15988
16024
16031
16045
16059
16070
16073
16084
16105
16124
16143
16152
16159
16192
16254
16267
16292
16294
16310
16314
16339
16340
16343
16415
16423
16429
16430
16452
16465
16479
16480
16487
16489
16490
16510
16571
16576
16586
16637
16660
16759
16790
16794
16801
16982
17056
17187
17288
17464
17473
17633
17639
17701
17710
17721
17749
17751
17779
17870
17912
17928
17971
18003
18004
18014
18027
18040
18043
18058
18067
18068
18074
18114
18121
18136
18143
18146
18190
18191
18194
18196
18220
18230
18231
18245
18248
18255
18263
18316
18317
18519
18520
18522
18532
18573
18733
18739
18882
18995
18996
19085
19086
19129
19200
19222
19262
19271
19283
19285
19286
19294
19303
19310
19334
19339
19341
19344
19357
19449
19452
19454
19504
19583
19756
19757
19825
19839
19867
19872
19873
19882
19946
19947
19949
20093
20114
20157
20333
20340
20430
20474
20487
20494
20534
20545
20563
20570
20592
20612
20619
20653
20714
20716
20745
20797
20826
21019
21030
21060
21061
21103
21133
21150
21175
21273
21292
21387
21424
21434
21440
21457
21556
21564
21566
21703
21707
21714
21803
22043
22137
22195
22230
22396
22446
22608
22609
22613
22634
22635
22815
22830
22845
22883
22884
22914
22922
22943
22944
22973
22981
22999
23012
23014
23020
23024
23025
23027
23037
23179
23192
23203
23205
23207
23218
23247
23319
23406
23428
23432
23460
23486
23527
23530
23569
23749
23763
23768
23789
23815
23816
23817
24012
24054
24076
24081
24113
24135
24161
24174
24198
24202
24305
24329
24360
24361
24435
24444
24518
24632
24638
24672
24735
24795
24806
24910
24918
24919
25036
25045
25053
25430
25455
25476
25494
25495
25498
25583
25604
25655
25704
25708
25730
25738
25742
25749
25778
25782
25802
25805
25806
25830
25836
25871
25882
25883
25890
25910
25914
25916
25921
25926
25931
25933
25952
25957
25958
25973
25989
26002
26013
26019
26031
26040
26057
26063
26081
26097
26158
26162
26187
26227
26258
26309
26368
26579
26580
26582
26591
26617
26658
26728
26731
26736
26744
26752
26781
26808
26930
26959
27008
27019
27103
27121
27133
27138
27139
27140
27142
27167
27169
27170
27223
27269
27357
27383
27403
27439
27750
27758
27768
27777
27786
27859
27873
27969
27971
27983
28001
28010
28252
28275
28302
28429
28432
28449
28564
28567
28568
28583
28594
28597
28622
28713
28756
28807
28840
28868
28874
28875
29106
29219
29228
29384
29447
29456
29497
29502
29503
29514
29515
29527
29535
29536
29560
29562
29563
29575
29592
29594
29606
29649
29703
29714
29720
29741
29743
29764
29803
29820
29857
29957
29994
30014
30086
30089
30102
30104
30108
30143
30147
30151
30153
30167
30176
30184
30189
30232
30304
30322
30323
30324
30329
30334
30340
30345
30349
30352
30354
30355
30358
30360
30489
30499
30570
30571
30598
30612
30614
30633
30634
30680
30681
30734
30756
30767
30839
30899
30905
31028
31030
31077
31149
31212
31228
31244
31245
31314
31320
31411
31430
31559
31655
31674
31690
31691
31692
31713
31715
31789
31951
31992
31994
32023
32072
32077
32133
32191
32197
32248
32261
32285
32292
32383
32388
32462
32541
32622
32635
32668
32780
32792
32827
32828
32842
32849
32861
32868
32873
32878
32883
32886
32887
32910
32929
32950
32962
32978
32999
33004
33018
33029
33030
33043
33044
33045
33070
33076
33130
33131
33140
33144
33155
33165
33227
33230
33235
33239
33243
33252
33255
33258
33263
33494
33558
33649
33659
33734
33777
33792
33810
33845
33941
33942
33972
33983
34032
34171
34200
34210
34226
34229
34259
34284
34285
34286
34289
34305
34519
34553
34612
34613
34614
34630
34639
34640
34653
34654
34696
34748
34755
34761
34774
34777
34783
34845
34861
34862
34886
34887
34934
34938
34947
34959
34983
34995
34996
35044
35164
35175
35211
35306
35310
35315
35320
35333
35338
35339
35343
35344
35349
35362
35365
35404
35427
35469
35472
35474
35476
35534
35542
35562
35649
35703
35717
35787
35860
35866
35882
35943
35948
35986
36028
36032
36059
36184
36189
36211
36221
36255
36275
36284
36304
36348
36413
36462
36499
36654
36660
36756
36768
36791
36801
36820
36821
36833
36898
36900
36933
36972
36975
36985
36990
36992
36999
37031
37035
37037
37104
37105
37129
37159
37180
37206
37229
37244
37245
37248
37265
37272
37284
37327
37352
37417
37442
37500
37523
37529
37564
37566
37567
37569
37578
37589
37603
37604
37622
37674
37687
37688
37696
37705
37708
37709
37710
37714
37717
37817
37819
37869
37876
37898
37959
37975
37980
37994
38022
38030
38064
38077
38102
38112
38129
38157
38251
38258
38265
38266
38273
38274
38277
38287
38291
38310
38311
38326
38327
38336
38344
38349
38350
38352
38367
38377
38391
38406
38410
38411
38451
38452
38462
38467
38519
38737
38747
39002
39040
39042
39043
39046
39047
39056
39065
39070
39075
39078
39084
39103
39108
39113
39120
39138
39154
39170
39174
39175
39182
39186
39192
39198
39300
39308
39309
39317
39320
39430
39455
39562
39598
39666
39838
40100
40135
40148
40175
40177
40184
40197
40224
40470
40491
40525
40531
40534
40586
40588
40603
40609
40615
40620
40812
40827
40903
41097
41106
41124
41189
41220
41221
41229
41230
41231
