12
16
34
40
44
52
108
114
120
128
144
156
162
194
210
212
217
222
224
237
248
258
275
280
283
287
291
301
307
313
319
321
327
355
357
363
368
381
385
387
394
396
398
403
415
448
465
469
485
494
502
516
538
550
552
578
610
614
645
655
672
686
695
697
711
738
751
755
786
790
808
825
845
849
857
879
899
901
907
927
935
965
1000
1020
1024
1029
1036
1038
1042
1082
1100
1108
1112
1117
1118
1138
1147
1171
1183
1189
1203
1204
1213
1257
1272
1274
1279
1283
1290
1296
1325
1330
1346
1444
1463
1474
1487
1498
1506
1514
1515
1516
1517
1522
1528
1530
1538
1557
1578
1622
1628
1638
1644
1646
1648
1674
1678
1700
1705
1719
1735
1743
1777
1781
1789
1800
1818
1826
1838
1846
1864
1881
1885
1899
1901
1906
1912
1942
1968
2002
2003
2017
2033
2045
2049
2063
2075
2077
2085
2094
2117
2146
2152
2173
2174
2176
2178
2185
2192
2199
2205
2207
2213
2216
2232
2248
2266
2269
2285
2301
2334
2357
2367
2385
2388
2390
2392
2459
2461
2474
2482
2493
2505
2510
2553
2555
2576
2578
2590
2604
2635
2654
2656
2678
2733
2737
2743
2765
2773
2775
2783
2813
2820
2829
2830
2833
2834
2852
2863
2885
2888
2901
2912
2916
2938
2951
2961
2966
2972
2980
2985
2993
3003
3012
3022
3026
3027
3029
3037
3041
3042
3081
3083
3094
3107
3120
3135
3152
3171
3197
3209
3235
3244
3256
3258
3260
3268
3283
3289
3297
3304
3324
3326
3342
3347
3362
3375
3384
3385
3393
3399
3404
3412
3416
3420
3426
3446
3470
3474
3478
3499
3501
3503
3505
3506
3525
3531
3551
3557
3567
3573
3577
3580
3584
3585
3592
3609
3619
3626
3628
3632
3636
3662
3673
3683
3691
3693
3695
3700
3708
3713
3720
3724
3748
3771
3773
3775
3783
3791
3794
3809
3819
3820
3827
3835
3843
3858
3873
3878
3879
3888
3901
3908
3910
3915
3916
3918
3921
3922
3924
3926
3931
3934
3946
3954
3968
3970
3974
3985
3990
3991
3995
4003
4018
4036
4058
4066
4072
4076
4109
4118
4126
4150
4181
4183
4187
4215
4232
4240
4263
4265
4284
4290
4297
4331
4341
4342
4352
4366
4375
4383
4403
4434
4450
4462
4464
4470
4475
4477
4498
4518
4524
4528
4535
4550
4571
4603
4627
4669
4671
4679
4689
4691
4697
4718
4726
4730
4732
4758
4779
4794
4821
4823
4842
4846
4854
4879
4881
4913
4919
4950
4981
4982
4983
4986
4989
4991
4992
4996
5002
5068
5082
5122
5130
5146
5150
5156
5158
5174
5213
5217
5223
5229
5262
5267
5288
5289
5324
5328
5335
5347
5351
5375
5382
5385
5397
5399
5407
5422
5438
5442
5449
5451
5453
5457
5461
5462
5465
5480
5505
5523
5542
5558
5579
5593
5595
5622
5624
5628
5635
5669
5695
5705
5707
5723
5750
5752
5754
5758
5796
5807
5818
5822
5826
5828
5830
5837
5841
5845
5847
5851
5871
5873
5882
5896
5914
5921
5922
5923
5950
5965
5970
5993
6004
6007
6014
6023
6025
6027
6041
6044
6046
6052
6060
6077
6095
6099
6105
6119
6133
6139
6153
6171
6181
6210
6227
6243
6271
6275
6281
6284
6285
6289
6305
6338
6350
6351
6352
6362
6411
6414
6416
6422
6426
6431
6437
6443
6449
6469
6475
6496
6544
6546
6553
6558
6593
6606
6614
6626
6645
6647
6651
6655
6664
6674
6677
6679
6692
6722
6725
6737
6771
6786
6792
6796
6798
6804
6818
6826
6830
6836
6838
6849
6866
6878
6880
6892
6894
6900
6910
6940
6943
6991
7016
7020
7021
7032
7038
7042
7046
7052
7097
7101
7111
7119
7122
7131
7146
7224
7235
7244
7252
7254
7255
7266
7273
7275
7287
7349
7351
7353
7366
7370
7397
7402
7411
7416
7418
7422
7426
7428
7454
7458
7464
7482
7492
7505
7532
7539
7549
7558
7559
7564
7569
7584
7587
7622
7624
7626
7654
7658
7666
7668
7713
7719
7735
7741
7747
7759
7773
7775
7777
7799
7815
7821
7832
7880
7884
7892
7902
7904
7910
7913
7927
7932
7961
7973
7975
7977
7979
7981
7985
7994
8005
8011
8013
8032
8036
8040
8042
8057
8059
8065
8067
8078
8087
8099
8113
8124
8126
8134
8140
8163
8165
8166
8168
8171
8188
8192
8196
8207
8209
8213
8237
8274
8306
8330
8342
8350
8384
8391
8401
8402
8405
8420
8451
8452
8473
8492
8501
8513
8526
8560
8562
8573
8577
8589
8593
8595
8597
8603
8605
8619
8621
8643
8653
8655
8659
8678
8706
8720
8722
8732
8753
8773
8776
8788
8792
8800
8801
8804
8819
8828
8830
8845
8847
8859
8861
8909
8945
8947
8983
8993
9038
9052
9064
9069
9071
9073
9097
9101
9105
9107
9143
9154
9166
9175
9217
9226
9247
9255
9257
9277
9289
9299
9322
9334
9338
9341
9356
9362
9372
9374
9387
9393
9399
9405
9476
9488
9492
9504
9520
9526
9546
9548
9559
9561
9562
9568
9580
9586
9588
9605
9611
9617
9628
9632
9707
9711
9722
9738
9740
9752
9753
9767
9795
9804
9808
9810
9816
9818
9841
9848
9852
9855
9861
9864
9870
9879
9883
9884
9885
9945
9997
10011
10013
10021
10023
10026
10033
10046
10051
10052
10054
10056
10059
10067
10083
10089
10131
10139
10151
10153
10162
10165
10191
10203
10205
10206
10208
10210
10216
10230
10231
10254
10259
10267
10285
10298
10339
10354
10364
10388
10443
10456
10483
10489
10493
10511
10516
10523
10531
10535
10543
10566
10571
10577
10601
10603
10606
10629
10638
10670
10678
10682
10697
10703
10711
10717
10721
10724
10726
10730
10736
10789
10808
10818
10823
10828
10834
10842
10866
10905
10912
10917
10926
10938
10945
10957
10971
10993
10997
11001
11026
11041
11054
11064
11065
11071
11080
11082
11085
11089
11108
11117
11119
11121
11125
11129
11135
11152
11154
11156
11164
11166
11191
11199
11222
11224
11250
11296
11306
11321
11343
11355
11373
11383
11388
11395
11396
11399
11406
11412
11425
11443
11490
11502
11518
11521
11527
11536
11542
11544
11548
11558
11575
11586
11590
11618
11620
11624
11634
11636
11666
11692
11699
11703
11724
11730
11778
11801
11803
11831
11835
11851
11853
11855
11862
11877
11878
11880
11890
11901
11903
11910
11915
11937
11938
11947
11953
11961
11968
11970
11972
11973
11976
11982
12015
12018
12046
12067
12084
12130
12147
12148
12161
12173
12177
12181
12198
12302
12311
12345
12422
12558
12566
12600
12628
12634
12707
12716
12722
12740
12741
12753
12897
12908
12919
12927
13109
13157
13187
13225
13289
13338
13379
13420
13684
13695
13712
13713
13728
13729
13816
13845
13851
13898
13977
13990
13998
14011
14027
14040
14059
14114
14134
14161
14163
14165
14170
14186
14190
14191
14195
14231
14259
14309
14326
14333
14385
14398
14417
14419
14444
14448
14456
14472
14478
14492
14494
14498
14499
14503
14530
14535
14536
14537
14538
14542
14547
14558
14567
14568
14574
14598
14601
14614
14639
14653
14657
14668
14671
14674
14691
14694
14696
14700
14707
14715
14718
14742
14805
14806
14808
14809
14811
14818
14820
14855
14858
14860
14871
14881
14883
14899
14913
14921
14928
14931
14937
14941
14950
15022
15113
15128
15139
15154
15155
15161
15165
15181
15212
15222
15247
15290
15292
15315
15326
15361
15370
15403
15407
15408
15415
15428
15442
15443
15477
15482
15510
15549
15550
15578
15586
15650
15693
15714
15720
15726
15732
15774
15783
15793
15822
15826
15848
15850
15851
15916
15936
15944
15954
15988
15995
16023
16029
16069
16074
16085
16123
16125
16126
16128
16152
16195
16234
16249
16267
16292
16296
16298
16299
16301
16319
16320
16327
16370
16373
16383
16418
16419
16420
16426
16451
16452
16490
16493
16531
16574
16629
16680
16730
16739
16761
16792
16801
16844
16859
16870
16875
16883
16999
17056
17109
17132
17216
17288
17289
17333
17446
17485
17561
17572
17575
17578
17614
17622
17637
17638
17639
17673
17729
17737
17738
17750
17752
17880
17925
17928
17967
17976
17978
17979
18007
18012
18028
18038
18063
18065
18068
18074
18075
18078
18096
18102
18134
18141
18167
18185
18191
18197
18202
18206
18221
18232
18234
18245
18250
18287
18292
18322
18327
18329
18367
18450
18532
18572
18578
18693
18702
18730
18825
18875
18939
19024
19075
19089
19124
19125
19133
19134
19214
19245
19265
19273
19291
19294
19320
19324
19339
19344
19359
19363
19364
19371
19377
19450
19452
19465
19503
19617
19654
19675
19677
19774
19794
19796
19842
19845
19882
19950
19958
19970
19991
20033
20041
20155
20202
20302
20320
20340
20362
20390
20444
20455
20456
20474
20477
20481
20482
20486
20493
20494
20535
20545
20562
20564
20577
20606
20612
20653
20654
20673
20698
20746
20876
20970
20989
20993
21057
21087
21105
21140
21146
21151
21177
21436
21486
21495
21566
21568
21705
21707
21710
21719
21958
21961
22039
22137
22213
22453
22602
22633
22815
22830
22850
22851
22854
22882
22883
22930
22937
22945
22951
22952
22953
22963
22967
22976
22992
23000
23012
23019
23076
23135
23187
23194
23203
23237
23239
23245
23247
23331
23339
23381
23401
23403
23430
23431
23454
23466
23495
23771
23775
23786
23928
23945
24085
24104
24134
24160
24202
24268
24336
24426
24439
24442
24742
24855
24861
24906
24911
24926
24943
25016
25054
25122
25294
25295
25432
25456
25475
25499
25703
25704
25707
25708
25716
25725
25726
25737
25762
25775
25813
25816
25823
25828
25831
25835
25836
25863
25864
25865
25869
25889
25891
25898
25901
25926
25956
25964
25972
25985
26001
26002
26081
26082
26098
26102
26123
26153
26161
26163
26197
26209
26231
26232
26233
26278
26305
26348
26353
26419
26453
26476
26563
26582
26615
26626
26674
26704
26720
26729
26754
26755
26798
26823
26853
27097
27150
27157
27172
27186
27270
27298
27357
27372
27398
27403
27405
27411
27468
27509
27682
27683
27731
27746
27752
27777
27820
27964
27970
27983
28028
28249
28275
28422
28443
28444
28447
28507
28514
28572
28575
28587
28644
28789
28814
28840
28868
28874
28903
28916
28957
28985
29091
29118
29124
29217
29227
29244
29370
29371
29384
29447
29468
29492
29574
29579
29609
29619
29625
29635
29636
29698
29720
29730
29736
29765
29802
29862
29963
29966
29970
29988
30081
30086
30090
30105
30147
30149
30151
30152
30157
30192
30193
30196
30214
30220
30250
30266
30271
30309
30323
30325
30334
30341
30346
30350
30357
30479
30569
30571
30583
30587
30641
30653
30680
30681
30719
30767
30799
30836
30846
30898
31165
31408
31430
31519
31557
31562
31622
31690
31713
31784
31788
31789
31831
31870
31959
31978
31984
31994
31997
31998
32011
32012
32024
32048
32053
32057
32077
32163
32178
32245
32271
32285
32289
32406
32442
32489
32516
32533
32539
32541
32610
32620
32665
32666
32670
32686
32687
32717
32758
32772
32779
32780
32787
32797
32814
32816
32828
32847
32855
32871
32877
32888
32905
32908
32962
33001
33017
33020
33038
33043
33070
33122
33131
33182
33210
33215
33216
33247
33248
33249
33263
33266
33268
33356
33476
33490
33520
33522
33659
33665
33677
33686
33689
33703
33725
33734
33767
33774
33792
33810
33826
33886
33887
33930
33982
33983
34012
34018
34123
34132
34218
34248
34277
34290
34397
34474
34476
34479
34481
34612
34627
34631
34658
34708
34749
34761
34781
34886
34908
34937
34938
34939
34942
34948
34952
35140
35175
35199
35225
35272
35306
35307
35308
35310
35324
35350
35353
35356
35359
35384
35385
35422
35427
35438
35453
35507
35542
35659
35660
35673
35702
35703
35721
35738
35752
35758
35781
35787
35804
35837
35846
35860
35935
36028
36060
36080
36087
36089
36170
36183
36190
36221
36285
36353
36387
36388
36410
36412
36461
36464
36489
36719
36720
36743
36768
36799
36820
36895
36898
36928
36933
36973
36985
36992
37027
37030
37034
37038
37088
37090
37091
37104
37105
37108
37112
37124
37129
37148
37189
37190
37207
37213
37214
37247
37255
37304
37312
37337
37345
37349
37353
37354
37356
37385
37415
37502
37515
37529
37555
37563
37565
37568
37569
37572
37579
37584
37600
37615
37617
37622
37646
37650
37666
37670
37674
37681
37683
37687
37695
37700
37705
37729
37817
37975
37979
37990
37998
38051
38064
38076
38104
38107
38120
38166
38248
38251
38274
38302
38309
38315
38332
38352
38391
38402
38461
38510
38734
38745
38992
39040
39049
39050
39072
39087
39103
39113
39115
39116
39120
39151
39172
39176
39180
39188
39300
39301
39302
39305
39309
39318
39459
39562
39599
39666
39806
39836
39959
40178
40181
40190
40194
40195
40198
40208
40380
40463
40471
40529
40534
40536
40551
40557
40593
40614
40687
40784
40824
40835
40862
40881
40883
40935
40936
40951
41087
41093
41110
41115
41119
41123
41127
41182
41189
41222
