0
12
16
22
28
38
49
51
56
65
74
87
89
112
128
132
164
168
176
180
189
203
215
222
226
249
250
267
294
328
329
333
340
363
370
373
377
381
399
400
422
440
442
444
450
456
457
520
534
540
546
556
568
586
589
627
633
638
640
644
650
674
688
703
713
719
731
738
744
773
784
796
804
829
860
868
885
911
941
983
998
1010
1018
1027
1060
1062
1092
1100
1102
1114
1133
1135
1138
1149
1153
1154
1193
1198
1206
1209
1211
1214
1219
1233
1255
1267
1269
1304
1314
1320
1339
1348
1375
1413
1418
1457
1467
1482
1486
1491
1500
1509
1513
1536
1541
1555
1559
1564
1566
1568
1574
1578
1586
1596
1598
1600
1614
1628
1630
1660
1666
1692
1719
1725
1727
1729
1731
1763
1765
1773
1775
1781
1789
1795
1797
1798
1810
1821
1832
1836
1838
1842
1846
1866
1870
1883
1887
1893
1911
1912
1919
1927
1946
1950
1956
1964
1992
2001
2002
2003
2004
2005
2011
2017
2039
2079
2105
2106
2117
2118
2123
2129
2139
2141
2157
2171
2178
2181
2185
2192
2194
2199
2209
2229
2230
2232
2238
2292
2308
2318
2330
2338
2347
2352
2354
2365
2371
2413
2414
2416
2436
2444
2459
2470
2475
2478
2484
2498
2512
2514
2517
2521
2523
2527
2547
2555
2563
2570
2586
2588
2598
2600
2602
2650
2654
2661
2664
2685
2729
2733
2739
2741
2743
2745
2747
2749
2759
2768
2787
2800
2807
2809
2811
2819
2825
2832
2840
2844
2876
2879
2888
2902
2918
2923
2930
2933
2943
2953
2957
2977
2991
2994
3006
3010
3016
3018
3025
3030
3033
3035
3067
3069
3081
3104
3120
3129
3147
3160
3170
3179
3205
3207
3220
3229
3236
3254
3256
3260
3268
3283
3293
3316
3326
3336
3348
3366
3370
3380
3426
3435
3441
3443
3444
3452
3454
3458
3480
3488
3495
3499
3518
3520
3522
3528
3544
3551
3559
3563
3566
3568
3571
3573
3587
3601
3613
3619
3623
3628
3630
3646
3649
3655
3661
3677
3687
3689
3710
3713
3724
3733
3753
3754
3756
3760
3763
3777
3807
3809
3821
3825
3837
3841
3851
3855
3858
3867
3871
3872
3875
3876
3883
3892
3902
3903
3922
3928
3930
3939
3940
3942
3959
3964
3970
3973
3980
3985
3997
4026
4027
4036
4044
4058
4070
4076
4086
4119
4120
4123
4134
4160
4170
4190
4219
4228
4248
4254
4260
4291
4312
4318
4324
4331
4332
4336
4339
4379
4405
4413
4420
4430
4483
4490
4494
4496
4506
4528
4544
4548
4585
4595
4609
4623
4625
4639
4643
4685
4697
4699
4702
4723
4738
4744
4746
4762
4779
4796
4811
4817
4833
4838
4864
4866
4870
4872
4883
4885
4886
4897
4911
4921
4923
4926
4928
4976
4984
4993
4997
5015
5020
5028
5039
5050
5060
5075
5098
5108
5118
5134
5160
5162
5168
5184
5190
5196
5198
5202
5223
5231
5246
5250
5260
5268
5283
5290
5292
5326
5328
5335
5337
5339
5344
5345
5351
5355
5379
5404
5407
5408
5409
5416
5445
5462
5486
5500
5545
5555
5557
5569
5571
5572
5605
5613
5650
5652
5669
5671
5673
5683
5704
5709
5730
5740
5750
5765
5768
5791
5796
5797
5805
5807
5809
5816
5837
5839
5853
5861
5863
5874
5891
5897
5898
5900
5907
5916
5921
5928
5934
5937
5942
5943
5946
5962
5968
5971
5982
5984
5986
6007
6039
6043
6044
6050
6077
6121
6139
6143
6147
6149
6151
6173
6196
6202
6204
6231
6249
6260
6302
6324
6329
6333
6341
6344
6362
6366
6372
6382
6401
6405
6416
6437
6451
6453
6459
6467
6479
6487
6494
6504
6508
6514
6520
6534
6538
6552
6562
6566
6583
6593
6600
6605
6610
6622
6674
6683
6713
6714
6720
6727
6735
6746
6752
6754
6758
6790
6798
6802
6810
6818
6832
6838
6854
6856
6873
6874
6894
6943
6951
6960
6962
6972
6980
6999
7016
7020
7034
7065
7099
7107
7113
7125
7139
7150
7168
7174
7183
7194
7206
7264
7266
7273
7279
7287
7311
7313
7347
7354
7356
7362
7364
7366
7368
7376
7379
7380
7389
7402
7432
7462
7467
7490
7492
7505
7553
7560
7566
7567
7573
7582
7586
7590
7608
7636
7642
7660
7662
7668
7698
7745
7773
7785
7787
7793
7817
7840
7854
7898
7906
7917
7927
7930
7934
7936
7942
7966
7969
7992
8044
8049
8053
8059
8061
8067
8076
8083
8085
8109
8115
8152
8164
8166
8178
8182
8184
8222
8225
8244
8248
8258
8291
8294
8296
8310
8314
8323
8339
8341
8349
8393
8401
8402
8416
8424
8426
8441
8457
8468
8497
8535
8558
8573
8591
8597
8601
8605
8609
8621
8623
8631
8643
8651
8655
8662
8687
8714
8720
8751
8759
8769
8774
8775
8776
8800
8808
8814
8830
8847
8853
8863
8865
8873
8881
8885
8889
8897
8899
8915
8917
8941
8971
8977
8985
9003
9029
9032
9048
9050
9052
9061
9097
9101
9103
9111
9113
9121
9133
9156
9162
9164
9168
9170
9177
9178
9200
9216
9224
9226
9257
9259
9270
9272
9283
9297
9302
9310
9311
9345
9347
9351
9362
9366
9378
9390
9394
9403
9415
9419
9437
9472
9492
9510
9516
9524
9542
9550
9555
9578
9594
9598
9633
9643
9672
9676
9684
9694
9696
9711
9740
9783
9808
9810
9820
9824
9850
9852
9857
9867
9868
9870
9873
9884
9905
9907
9943
9947
9981
10015
10021
10028
10034
10061
10069
10077
10084
10109
10113
10121
10129
10138
10140
10141
10144
10151
10160
10171
10184
10203
10212
10213
10215
10225
10231
10242
10250
10258
10304
10310
10315
10331
10339
10351
10357
10367
10373
10396
10410
10414
10415
10442
10452
10462
10477
10493
10501
10515
10517
10521
10561
10563
10570
10579
10581
10603
10604
10609
10644
10650
10654
10660
10668
10669
10671
10675
10687
10691
10693
10720
10724
10736
10741
10763
10769
10779
10789
10800
10823
10826
10838
10864
10875
10883
10885
10897
10898
10914
10916
10917
10945
10953
10995
11003
11014
11018
11025
11026
11032
11033
11037
11049
11082
11090
11093
11097
11115
11117
11127
11129
11168
11186
11188
11208
11211
11240
11244
11260
11266
11302
11306
11311
11315
11317
11330
11335
11337
11353
11361
11377
11379
11380
11396
11399
11401
11402
11414
11420
11422
11427
11429
11449
11467
11478
11494
11500
11510
11538
11542
11552
11560
11561
11565
11567
11584
11594
11624
11644
11652
11666
11668
11684
11690
11703
11742
11748
11752
11756
11809
11817
11835
11856
11873
11896
11910
11925
11943
11959
11980
12002
12022
12043
12058
12060
12086
12112
12126
12148
12151
12167
12188
12192
12196
12203
12265
12326
12342
12356
12483
12504
12520
12541
12593
12890
12895
12896
12919
12927
13063
13107
13192
13225
13231
13278
13335
13338
13520
13724
13733
13759
13762
13779
13780
13799
13851
13878
13896
13912
13974
13976
13980
13984
13986
14000
14013
14027
14033
14069
14093
14105
14107
14112
14161
14163
14175
14186
14187
14191
14307
14320
14322
14329
14342
14344
14373
14385
14425
14442
14443
14447
14453
14455
14458
14479
14482
14508
14539
14542
14543
14561
14567
14578
14601
14606
14609
14612
14616
14633
14644
14651
14654
14658
14670
14682
14692
14696
14701
14707
14708
14714
14715
14717
14724
14726
14747
14796
14804
14816
14818
14831
14839
14840
14841
14859
14865
14872
14890
14904
14913
14927
14933
14936
14956
14967
14973
15011
15022
15059
15063
15092
15114
15121
15140
15142
15143
15146
15153
15156
15160
15211
15231
15243
15251
15259
15267
15307
15339
15344
15358
15361
15425
15456
15514
15520
15578
15581
15590
15598
15623
15648
15650
15654
15655
15656
15685
15762
15764
15785
15792
15793
15818
15848
15859
15862
15887
15917
16035
16045
16074
16093
16123
16124
16129
16192
16196
16197
16207
16219
16228
16251
16281
16291
16320
16322
16324
16325
16343
16347
16370
16463
16464
16469
16480
16617
16648
16660
16664
16792
16887
17132
17177
17288
17296
17333
17578
17637
17666
17672
17687
17689
17721
17729
17779
17868
17928
17977
18006
18013
18045
18047
18050
18054
18080
18081
18085
18102
18109
18121
18132
18139
18144
18148
18150
18188
18223
18234
18235
18283
18285
18286
18288
18299
18322
18342
18486
18490
18498
18574
18616
18739
18883
18996
19023
19024
19082
19083
19089
19124
19196
19197
19201
19213
19223
19244
19245
19259
19271
19290
19339
19359
19395
19502
19508
19560
19578
19619
19620
19692
19729
19791
19832
19845
19846
19847
19859
19892
19945
19947
19949
19985
20072
20195
20362
20475
20494
20498
20528
20546
20614
20667
20710
20796
20827
20927
20950
20951
20994
21024
21025
21037
21072
21132
21146
21152
21164
21171
21271
21347
21374
21439
21650
21710
21717
21719
21961
22077
22214
22405
22452
22519
22552
22557
22602
22633
22634
22635
22822
22825
22828
22838
22839
22851
22880
22885
22924
22953
22976
22986
22990
22999
23025
23124
23175
23179
23183
23187
23207
23216
23219
23239
23245
23248
23276
23381
23396
23397
23433
23440
23455
23462
23463
23479
23480
23530
23570
23591
23597
23598
23643
23749
23776
23786
23788
23917
23929
23991
24012
24060
24076
24099
24114
24119
24133
24134
24145
24163
24175
24268
24355
24396
24409
24442
24443
24562
24591
24905
24920
24994
25005
25016
25048
25089
25121
25294
25402
25415
25430
25440
25456
25478
25493
25496
25500
25655
25720
25732
25797
25798
25816
25867
25908
25916
25918
25921
25959
25960
25966
25973
25989
26014
26032
26033
26053
26154
26229
26232
26233
26234
26249
26255
26336
26428
26445
26453
26454
26485
26580
26617
26621
26622
26716
26725
26731
26749
26769
26775
26788
26797
26854
27016
27017
27054
27136
27157
27170
27183
27226
27231
27269
27383
27506
27534
27751
27769
27778
27822
27895
27962
27968
27969
27970
28001
28010
28514
28568
28569
28570
28581
28585
28641
28714
28717
28757
28841
28874
28883
28928
29013
29091
29217
29220
29228
29231
29307
29308
29368
29378
29446
29466
29512
29547
29570
29571
29581
29593
29603
29604
29605
29613
29625
29633
29727
29730
29739
29743
29754
29801
29819
29869
29900
29987
29994
30081
30082
30089
30108
30144
30149
30151
30156
30185
30186
30189
30193
30194
30266
30271
30313
30341
30343
30346
30352
30353
30498
30499
30585
30614
30633
30657
30662
30681
30683
30718
30737
30836
30841
30846
30873
30898
30899
30905
30947
30986
31031
31158
31166
31314
31330
31409
31600
31655
31697
31715
31785
31789
31790
31807
31831
31838
31840
31870
31884
31952
31959
31985
31994
31995
31997
32000
32012
32165
32166
32232
32245
32248
32363
32383
32406
32515
32621
32625
32626
32627
32634
32668
32670
32671
32698
32706
32707
32716
32759
32761
32771
32781
32786
32787
32788
32789
32797
32800
32814
32851
32861
32863
32888
32893
32908
32910
32912
32925
32962
33020
33044
33059
33066
33071
33080
33095
33127
33129
33136
33139
33140
33141
33156
33167
33168
33235
33254
33259
33267
33269
33480
33489
33490
33501
33523
33649
33665
33755
33759
33760
33782
33792
33835
33862
33887
33972
33992
34013
34017
34032
34142
34210
34226
34228
34248
34249
34253
34259
34387
34418
34438
34584
34613
34633
34640
34655
34660
34750
34759
34760
34885
34928
34935
34936
34937
34943
34946
34951
34996
35044
35118
35200
35229
35239
35315
35329
35339
35403
35427
35428
35433
35434
35435
35438
35439
35458
35483
35518
35528
35546
35549
35647
35649
35659
35670
35673
35700
35712
35718
35757
35759
35763
35768
35777
35780
35787
35837
35845
35867
35889
35925
35978
36032
36060
36089
36132
36248
36285
36304
36343
36389
36392
36456
36461
36465
36469
36525
36623
36681
36685
36791
36871
36897
36956
36957
36972
36975
36988
36989
36991
36992
36993
37091
37109
37113
37117
37119
37134
37161
37174
37180
37191
37202
37203
37207
37213
37218
37244
37281
37328
37347
37348
37355
37359
37372
37376
37382
37385
37415
37417
37501
37502
37504
37515
37516
37519
37532
37536
37581
37593
37628
37629
37652
37669
37677
37679
37687
37689
37697
37710
37716
37722
37729
37730
37773
37837
37838
37842
37882
37883
37898
37918
37926
37931
37933
37972
37979
37990
38006
38027
38052
38060
38073
38087
38093
38101
38104
38110
38262
38265
38269
38285
38306
38335
38336
38347
38364
38383
38406
38409
38414
38418
38427
38455
38465
38743
38907
39001
39024
39037
39038
39076
39082
39085
39104
39107
39111
39112
39135
39153
39154
39173
39181
39192
39237
39308
39313
39319
39427
39430
39459
39666
39667
39835
39839
40006
40177
40180
40188
40200
40202
40206
40208
40209
40210
40225
40465
40470
40487
40490
40525
40530
40537
40538
40570
40582
40589
40601
40611
40612
40616
40689
40769
40815
40816
40817
40824
40829
40835
40895
40903
40913
40914
40921
40936
41017
41118
41185
41221
41243
