58
93
196
244
278
469
568
591
605
635
655
744
771
876
881
885
889
891
1040
1070
1086
1105
1138
1274
1337
1367
1448
1709
1850
1924
1982
1993
2001
2004
2005
2021
2025
2051
2137
2174
2332
2363
2477
2486
2505
2563
2635
2641
2695
2770
2781
2817
2876
2880
2953
2963
3020
3136
3195
3338
3459
3495
3530
3557
3575
3585
3767
3875
3888
3906
3954
4007
4011
4063
4080
4168
4189
4276
4395
4411
4487
4593
4769
4787
4815
4911
4990
5095
5270
5298
5322
5406
5446
5493
5635
5641
5652
5762
5822
6139
6163
6190
6231
6277
6678
6777
6794
6824
6828
6854
6906
6922
6989
6993
7103
7135
7189
7255
7277
7309
7362
7366
7453
7464
7516
7553
7640
7648
7678
7733
7737
7781
7906
7926
7951
7973
8030
8081
8140
8220
8274
8369
8436
8505
8605
8650
8668
8732
8801
8814
8815
8833
8923
9097
9168
9196
9305
9421
9496
9550
9598
9613
9684
9688
9814
9899
9962
9987
10069
10077
10078
10138
10165
10212
10214
10217
10232
10246
10274
10399
10422
10462
10565
10585
10595
10715
10732
10777
10785
10795
10832
10850
10926
11016
11052
11353
11371
11421
11467
11506
11524
11577
11586
11632
11670
11750
11840
11917
11922
12032
12063
12153
12346
12576
12726
12740
12914
13063
13345
13659
13851
13977
14186
14412
14417
14556
14586
14615
14643
14749
14796
14819
14845
14872
14907
14912
14955
15027
15183
15246
15305
15307
15519
15523
15540
15560
15598
15640
15745
15829
15954
16216
16294
16304
16305
16333
16421
16553
16631
16717
17278
17771
17781
17866
18053
18235
18317
18325
19078
19284
19291
19337
19343
19398
19616
19617
19877
19946
20156
20306
20340
20518
20612
20665
20944
21025
21141
21252
21434
21724
22228
22825
22915
22938
23134
23290
23527
23758
23770
23774
23779
24439
25014
25049
25700
25763
25793
25809
25908
25920
25982
25988
26013
26019
26709
26848
26925
27016
27509
27961
28237
28422
28594
28635
28751
28979
29106
29423
29452
29454
29568
29595
29635
29825
29862
29867
30073
30162
30211
30328
30337
30356
30614
30634
30768
30905
30964
31213
31244
31692
32476
32666
33127
33128
33140
33722
34253
34612
34657
35154
35298
35308
35345
35411
35753
35945
36028
36314
36388
36411
36871
37134
37202
37257
37273
37357
37598
37665
37669
37684
37701
37716
37806
37892
37926
38259
38285
38290
38347
38365
38505
38662
39041
39073
39082
39105
39122
39310
39569
40149
40155
40177
40189
40197
40221
40536
40551
40596
40829
41017
41096
41124
41125
