15
95
215
311
357
423
467
510
534
620
678
735
819
833
860
925
945
979
1006
1022
1157
1241
1255
1274
1377
1390
1398
1491
1511
1656
1660
1819
1911
1978
1986
2108
2201
2281
2434
2477
2480
2582
2620
2715
2741
2827
2833
2927
2966
3001
3015
3024
3031
3246
3264
3362
3522
3529
3539
3554
3596
3617
3646
3695
3761
3763
3779
3789
3820
3841
3890
3903
3915
3964
3985
4001
4071
4072
4146
4211
4250
4254
4334
4350
4385
4562
4573
4675
4718
4736
4744
4796
4811
4984
4993
5097
5134
5174
5246
5252
5265
5353
5469
5484
5587
5607
5824
5836
5861
5920
5921
5922
5988
6029
6036
6071
6077
6159
6202
6235
6293
6295
6332
6394
6403
6439
6528
6550
6779
6812
6824
6860
6868
6926
7008
7050
7079
7095
7120
7179
7285
7303
7430
7438
7484
7496
7502
7510
7587
7630
7652
7678
7682
7809
7823
7910
7940
7981
7985
7994
8057
8149
8233
8304
8337
8378
8521
8542
8579
8607
8682
8695
8769
8834
8969
9017
9251
9411
9421
9504
9508
9662
9674
9785
9843
9859
9881
9958
10021
10028
10041
10047
10175
10414
10442
10515
10576
10671
10701
10842
10844
10937
10961
10991
11244
11248
11369
11455
11459
11527
11528
11532
11581
11658
11746
11793
11939
11949
11986
12002
12035
12181
12211
12422
12793
12915
13236
13420
13796
13845
13911
13916
13972
14485
14486
14499
14742
14850
14974
14989
15056
15258
15607
15759
15792
15988
16023
16322
16333
16369
16470
16631
16999
17217
17635
17737
17745
17970
18114
18168
18251
18614
18970
19084
19200
19332
19395
19397
19503
19794
19853
20073
20108
20202
20389
21112
21152
21495
22213
22613
22832
22846
23014
23105
23430
23466
23515
23579
23638
23642
24059
24500
24796
24906
24911
24921
25005
25475
25498
25703
25947
25948
25991
26059
26220
26332
26780
26923
26982
27256
27372
27772
28001
28010
28651
29308
29370
29418
29466
29499
29509
29511
29518
29585
29586
29714
29745
29808
29825
29827
29965
29994
30073
30326
30333
30653
30682
31692
31716
32011
32023
32162
32564
32619
32670
32687
32782
32815
32883
32885
32905
33134
33139
33238
33247
33476
33480
33730
33815
33860
33862
33884
33994
34412
34695
34748
34782
34886
34974
35024
35169
35362
35430
35759
35763
35777
35966
35987
36082
36312
36502
36616
36871
36887
36899
36972
37088
37118
37179
37206
37269
37277
37523
37569
37652
37672
37930
37985
38108
38328
38747
38907
38916
39033
39046
39074
39097
39177
39562
39998
40481
40551
40987
