44
74
228
289
463
570
594
657
672
688
692
753
794
819
875
943
975
1000
1104
1223
1245
1277
1294
1310
1392
1532
1543
1650
1713
1798
1901
1903
2035
2073
2094
2181
2234
2484
2493
2535
2543
2617
2693
2727
2733
2745
2794
2854
2923
3016
3051
3203
3209
3328
3350
3391
3398
3439
3473
3562
3581
3596
3607
3623
3625
3837
3883
3900
3906
3920
3941
3970
3989
4009
4031
4148
4160
4161
4232
4276
4297
4393
4407
4494
4677
4702
4724
4742
4767
4803
5043
5056
5066
5202
5225
5286
5382
5385
5433
5480
5518
5539
5558
5568
5695
5755
5783
6095
6115
6137
6259
6399
6428
6453
6485
6614
6628
6653
6668
6676
6703
6733
6820
6884
6896
6902
6993
7099
7119
7125
7193
7380
7426
7554
7654
7684
7717
7743
7799
7821
7832
7866
7964
8009
8071
8171
8192
8217
8227
8282
8429
8454
8481
8505
8653
8682
8685
8706
8736
8828
8833
8839
8875
8961
9091
9186
9196
9261
9278
9281
9309
9349
9452
9462
9464
9524
9530
9559
9568
9630
9680
9726
9814
9830
10072
10119
10147
10187
10231
10312
10394
10489
10573
10660
10669
10743
10848
10873
10987
10999
11062
11160
11218
11244
11276
11383
11443
11459
11527
11534
11567
11584
11628
11738
11740
11825
11886
11970
12041
12080
12082
12092
12134
12138
12194
12203
12304
12356
12520
12564
12593
12741
13271
13421
13931
13984
14031
14072
14232
14374
14452
14503
14557
14593
14601
14719
14883
14884
14967
15266
15287
15296
15540
15634
15713
15809
16030
16048
16132
16159
16207
16305
16439
16470
16664
17286
17288
17633
17753
17967
17976
17981
17990
18059
18085
18251
18616
18825
18882
19291
19452
19508
19879
20117
20486
20528
20606
20680
20697
20988
21025
21044
21112
21143
21347
21718
22396
22828
23024
23123
23189
23204
23226
23421
23527
23749
23779
24060
24101
24104
24163
24439
24480
24859
25169
25415
25894
25970
26040
26055
26122
26213
26246
26630
26788
27103
27772
27965
27989
27990
28378
28716
29220
29277
29368
29463
29515
29597
29712
30081
30198
30340
31212
31319
31343
31789
31999
32012
32072
32191
32287
32495
32819
32848
32889
32998
33019
33023
33044
33129
33167
33247
33356
33900
34083
34633
34654
35353
35439
35703
35760
35780
35861
36060
36170
36301
36339
36559
36996
37035
37213
37348
37378
37385
37409
37593
37706
37726
37758
37996
38277
38287
38289
38414
38662
38747
38992
39003
39084
39152
39299
39560
40146
40480
40534
40551
40582
40604
40817
40947
40972
41096
41239
