262
280
294
301
429
459
751
917
1014
1102
1112
1114
1139
1185
1207
1245
1275
1335
1383
1393
1411
1463
1511
1520
1610
1666
1733
1797
1856
1885
1905
1950
2002
2010
2016
2043
2067
2183
2207
2209
2228
2256
2297
2422
2457
2478
2508
2510
2523
2563
2592
2602
2705
2827
2973
2979
3003
3139
3145
3173
3203
3283
3398
3514
3525
3615
3649
3688
3761
3791
3815
3974
4021
4114
4206
4219
4246
4327
4399
4485
4494
4544
4575
4606
4629
4699
4771
4781
4988
4989
5000
5014
5027
5030
5158
5198
5260
5333
5401
5438
5461
5469
5533
5540
5547
5571
5626
5687
5710
5796
5876
5943
5950
6035
6044
6049
6338
6356
6409
6445
6477
6496
6602
6769
6782
6864
6900
6908
6998
7062
7105
7126
7231
7264
7291
7315
7364
7514
7590
7719
7777
7787
7864
7940
7942
7981
8036
8061
8130
8333
8380
8397
8481
8546
8556
8575
8587
8629
8685
8694
8708
8715
8800
8939
8941
8969
8985
8997
9025
9034
9038
9083
9322
9336
9444
9518
9538
9584
9625
9645
9660
9759
9769
9800
9812
9897
9949
10031
10053
10189
10254
10267
10310
10323
10340
10346
10445
10661
10676
10732
10787
10824
10847
10871
10940
10978
11011
11085
11179
11201
11220
11363
11548
11577
11654
11682
11713
11740
12026
12090
12159
12576
12742
13385
13490
13675
13710
13712
13831
14087
14269
14332
14410
14538
14543
14699
14712
14827
14868
14879
15118
15160
15175
15247
15268
15287
15291
15420
15425
15430
15527
15633
15655
15690
15731
16093
16131
16291
16299
16305
16327
16340
16465
16474
16566
16621
17473
17693
17782
17937
18018
18052
18053
18091
18825
18996
19213
19334
19343
19846
19946
19969
19985
19990
20109
20389
20493
20498
20619
20661
20663
20968
21189
21386
21495
22214
22922
22937
22941
23004
23005
23319
23427
23433
23466
23555
23775
23911
23990
24906
25527
25708
25782
25907
25916
25919
25926
25966
26035
26186
26786
26848
27007
27169
27279
27357
27762
27769
28431
28564
28569
28653
29522
29536
29603
29604
30106
30107
30208
30321
30344
30634
30852
30898
31277
31343
31789
31959
31978
32173
32294
32515
32542
32664
32788
33058
33122
33216
33484
33626
33815
33993
34246
34387
34654
34885
34907
34963
34971
34973
35282
35308
35350
35412
35534
35736
35835
35946
35964
36080
36337
36413
36653
36969
36987
37035
37061
37088
37378
37555
37604
37665
37707
37715
37898
38031
38261
38290
38314
38330
38429
39426
40154
40380
40469
40490
40575
40583
41099
41103
41119
41223
41231
