117
184
223
283
411
463
778
793
842
958
986
1020
1134
1242
1328
1383
1559
1565
1575
1775
1958
2036
2163
2174
2236
2296
2368
2499
2560
2849
2882
2903
3043
3139
3175
3367
3403
3428
3616
3656
3708
3940
4029
4044
4072
4074
4166
4186
4196
4255
4376
4386
4610
4632
4658
4673
4689
4741
4774
4834
4853
4855
5013
5059
5125
5372
5385
5440
5463
5508
5601
5701
5738
5746
5800
5804
5850
5890
5904
5921
6041
6084
6109
6169
6425
6436
6461
6523
6538
6614
6686
6698
6779
6874
6889
6935
6957
6996
7104
7288
7368
7448
7511
7549
7603
7613
7909
8048
8063
8327
8340
8342
8369
8440
8480
8485
8492
8658
8666
8694
8705
8828
9082
9102
9374
9412
9492
9600
9608
9728
9925
10225
10247
10285
10307
10361
10475
10591
10643
10759
10769
10793
10849
10867
10895
10905
10921
10961
11035
11161
11309
11351
11397
11431
11451
11815
11941
11949
11983
12053
12061
12101
12157
12363
12455
12593
12893
13231
13302
13362
13492
13546
13690
13968
14014
14022
14076
14108
14130
14224
14304
14318
14418
14502
14532
14602
14645
14653
14761
14767
14779
14883
15001
15049
15069
15207
15335
15415
15425
15615
15779
15843
15887
16145
16355
16359
16363
16421
16491
16513
16631
16637
16715
16807
16861
17019
17029
17139
17217
17306
17366
17624
17660
18026
18086
18300
18362
18472
18482
18560
18665
18778
18848
18859
18884
18924
18948
18959
18982
18994
19016
19055
19126
19177
19252
19260
19345
19353
19355
19528
19631
19648
19659
19692
19714
19815
19817
19836
19846
19927
19939
19943
19948
20015
20068
20153
20205
20208
20271
20321
20335
20534
20545
20560
20562
20578
20637
20652
20671
20679
20688
20759
20797
20929
21152
21206
21224
21286
21344
21424
21429
21572
21638
21650
21663
21740
21827
21885
21907
21950
22137
22158
22244
22265
22427
22466
22631
22633
22637
22642
22849
22860
22962
22981
23067
23081
23232
23316
23336
23378
23499
23515
23740
23797
24049
24089
24192
24277
24424
24509
24543
24655
24721
24819
24855
24871
24921
24961
24967
25008
25103
25203
25265
25277
25309
25331
25361
25406
25467
25600
25623
25680
25734
25792
25810
25816
25886
25933
26179
26182
26238
26268
26336
26356
26368
26456
26500
26553
26573
26793
26803
26839
26857
26892
26940
27382
27443
27586
27643
27911
28004
28015
28069
28077
28192
28319
28352
28404
28405
28477
28526
28551
28582
28595
28715
28725
28732
28838
28904
29085
29290
29323
29387
29402
29407
29490
29499
29653
29706
29716
29856
29995
30051
30079
30189
30247
30255
30298
30335
30358
30378
30387
30420
30538
30560
30612
30639
30701
30764
30864
30896
30983
31019
31153
31181
31400
31460
31703
31737
31745
31979
32095
32266
32387
32443
32482
32495
32505
32519
32526
32531
32684
32737
32739
32832
32928
32968
32988
33041
33075
33118
33173
33183
33238
33249
33286
33319
33444
33504
33543
33585
33771
33875
33944
33991
34060
34115
34125
34220
34254
34263
34356
34358
34359
34457
34549
34667
34779
34782
34921
34962
35047
35136
35206
35387
35398
35408
35410
35413
35446
35590
35635
35671
35683
35718
35771
35776
35785
35800
36429
37378
37410
37413
37512
37888
37896
37950
38105
38123
38194
38204
38214
38231
38365
38606
38669
38898
38958
39006
39150
39215
39689
39843
40289
40488
40724
41050
41061
41083
41086
41166
41184
41216
41270
41285
41610
42101
42290
42415
42731
42762
42923
43036
43225
43470
43555
43948
44033
44059
44068
44108
44134
44247
44273
44343
44387
44577
44895
44981
44997
45018
45023
45052
45083
45131
45135
45148
45300
45335
45342
45584
45607
45613
47130
47349
47811
48204
48503
49250
49358
49509
49573
49646
49700
50588
50649
50706
50732
50899
51033
51087
51180
51257
51272
51332
51685
51688
51799
51884
51896
51990
52073
52190
52321
52335
52527
52617
52706
52786
52818
52836
52841
52844
52912
52923
53015
53068
53107
53110
53150
53189
53202
53215
53216
53255
53288
53347
53356
53371
53375
53384
53575
53609
53696
53751
53795
53965
54122
54128
54180
54226
54250
54291
54323
54390
54413
54414
54600
54688
54718
54775
54841
54858
55039
55058
55063
55064
55066
55076
55114
55197
55269
55278
55347
55388
55398
55408
55498
55554
55726
55838
55886
55930
55961
56098
56211
56224
56385
56704
56765
57144
57737
57814
57894
57992
58028
58030
58037
58098
58101
58375
58467
58655
58749
58852
58906
58939
59395
59513
59688
59701
59825
59973
59975
60204
60306
60523
60931
61336
62019
62652
62682
62788
63240
63265
63305
63308
63360
63624
64041
64109
64133
64632
65006
65361
65503
65723
65736
65795
65913
65959
66407
67067
67126
67176
67185
67704
67729
67818
68236
68777
69152
69161
69193
69298
69364
69539
69564
69579
69730
69787
69789
69877
69936
70043
70133
70140
70325
70448
70491
70617
70650
70768
70784
70882
70895
70916
71051
71075
71311
71348
71599
71671
72072
72128
72133
72198
72283
72363
72448
73152
73430
73769
73810
73900
74024
74056
74437
74625
74800
75084
75230
75238
75400
76010
76292
76306
76406
76418
76428
76644
76712
76716
76803
76823
76942
77460
77537
78094
78225
78231
78296
78700
79036
79293
79307
79368
79555
79580
79660
79698
80345
80435
80606
80647
80679
80687
80772
80894
80920
81215
81250
81260
82540
82686
82692
82785
82806
82980
83385
84011
84637
84669
84918
84985
85718
85725
85744
85793
85812
85851
