100
163
197
200
207
211
213
214
241
259
281
283
288
311
317
323
331
335
349
358
360
370
372
403
428
432
446
460
463
469
470
487
531
533
545
561
568
572
583
593
608
628
641
663
669
721
725
731
737
760
772
773
778
784
787
791
795
806
807
809
815
825
850
862
869
894
902
918
962
972
990
1010
1030
1047
1075
1085
1099
1128
1130
1138
1150
1178
1208
1218
1220
1234
1244
1254
1282
1286
1296
1326
1328
1340
1373
1393
1411
1437
1455
1468
1477
1485
1487
1514
1516
1528
1530
1555
1571
1587
1589
1601
1605
1621
1666
1684
1692
1700
1710
1718
1722
1726
1795
1806
1816
1853
1861
1867
1869
1908
1940
1948
1969
1999
2012
2017
2023
2024
2029
2036
2046
2080
2122
2128
2159
2162
2198
2206
2214
2240
2242
2250
2256
2260
2274
2290
2304
2306
2321
2351
2362
2378
2382
2383
2399
2403
2423
2431
2451
2464
2487
2501
2511
2543
2560
2566
2570
2599
2605
2613
2623
2629
2645
2665
2675
2677
2679
2693
2695
2706
2708
2728
2740
2750
2770
2773
2777
2783
2797
2801
2803
2809
2819
2847
2851
2855
2858
2872
2930
2946
2967
2988
3004
3029
3030
3038
3043
3049
3051
3055
3061
3063
3092
3101
3102
3107
3119
3123
3133
3135
3155
3177
3179
3201
3213
3243
3264
3268
3270
3300
3310
3321
3322
3403
3441
3455
3456
3460
3469
3493
3495
3501
3527
3529
3532
3538
3546
3548
3552
3573
3586
3632
3635
3643
3649
3700
3716
3724
3732
3828
3844
3856
3877
3897
3916
3953
3972
3997
4005
4019
4050
4080
4082
4130
4144
4150
4152
4159
4168
4184
4205
4207
4211
4213
4227
4260
4268
4275
4338
4354
4374
4380
4398
4406
4414
4424
4478
4480
4509
4513
4522
4544
4546
4568
4577
4585
4599
4639
4642
4647
4652
4656
4673
4683
4698
4715
4734
4754
4783
4785
4795
4813
4821
4839
4894
4900
4902
4904
4906
4910
4916
4922
4946
4963
4966
4972
4978
4992
5012
5029
5033
5037
5043
5045
5055
5083
5087
5095
5106
5119
5164
5204
5205
5215
5218
5227
5235
5241
5250
5261
5279
5283
5287
5302
5326
5342
5360
5376
5385
5387
5435
5439
5447
5448
5454
5458
5519
5531
5535
5537
5591
5639
5649
5663
5665
5670
5676
5677
5685
5686
5692
5693
5696
5705
5706
5709
5715
5736
5760
5770
5788
5812
5827
5830
5843
5888
5894
5904
5946
5956
5975
5979
5992
6018
6034
6038
6056
6068
6072
6073
6086
6110
6118
6131
6172
6186
6196
6224
6228
6262
6265
6276
6287
6288
6291
6297
6298
6316
6323
6338
6362
6384
6388
6390
6400
6406
6419
6430
6431
6445
6491
6496
6511
6513
6525
6528
6536
6538
6544
6564
6576
6588
6596
6603
6614
6615
6630
6648
6690
6694
6710
6732
6738
6740
6750
6754
6756
6777
6802
6804
6825
6826
6833
6837
6843
6846
6857
6864
6866
6876
6950
6994
6996
7002
7007
7012
7018
7057
7061
7077
7102
7110
7112
7116
7119
7127
7155
7160
7162
7170
7253
7263
7275
7283
7291
7328
7336
7366
7386
7396
7426
7428
7437
7457
7459
7460
7462
7463
7470
7473
7481
7482
7491
7514
7516
7522
7531
7539
7546
7576
7604
7613
7621
7624
7626
7635
7645
7652
7666
7677
7682
7685
7709
7800
7802
7807
7813
7826
7845
7861
7877
7881
7884
7935
7953
7970
7994
8008
8015
8023
8026
8054
8060
8075
8092
8102
8114
8126
8132
8162
8166
8174
8189
8192
8214
8217
8226
8232
8243
8269
8281
8282
8286
8298
8311
8313
8333
8334
8343
8373
8376
8408
8418
8422
8432
8440
8462
8494
8507
8514
8516
8517
8519
8525
8532
8536
8538
8542
8573
8606
8621
8646
8652
8656
8660
8672
8713
8739
8741
8778
8804
8838
8856
8916
8930
8932
8934
8950
8974
8994
8996
9002
9024
9032
9040
9044
9046
9074
9132
9210
9216
9234
9274
9294
9300
9306
9310
9314
9380
9382
9386
9390
9428
9444
9468
9470
9480
9524
9542
9562
9566
9582
9590
9604
9610
9648
9664
9710
9712
9714
9718
9724
9768
9774
9778
9798
9804
9814
9826
9828
9830
9845
9859
9861
9869
9891
9937
9943
9989
9997
10047
10049
10073
10075
10087
10095
10125
10127
10161
10165
10177
10185
10191
10217
10267
10299
10303
10379
10391
10403
10419
10461
10463
10465
10467
10469
10483
10485
10491
10501
10521
10525
10531
10593
10601
10605
10607
10609
10649
10659
10663
10669
10693
10717
10723
10729
10763
10791
10795
10801
10815
10827
10831
10863
10875
10887
10927
10977
11015
11033
11043
11063
11085
11099
11105
11111
11113
11171
11193
11213
11215
11235
11239
11249
11251
11265
11299
11301
11313
11315
11319
11359
11363
11365
11373
11379
11395
11407
11433
11439
11443
11459
11477
11487
11527
11547
11561
11567
11599
11619
11621
11671
11679
11689
11753
11759
11761
11775
11785
11827
11877
11879
11887
11893
11937
11947
11969
12017
12035
12045
12049
12061
12099
12107
12119
12135
12137
12175
12193
12197
12239
12267
12273
12287
12317
12319
12377
12379
12391
12393
12403
12413
12415
12425
12469
12493
12499
12501
12523
12535
12539
12557
12559
12583
12627
12663
12671
12673
12767
12783
12795
12801
12817
12849
12853
12891
12893
12919
12941
12953
13019
13033
13047
13081
13091
13095
13115
13119
13121
13129
13159
13169
13193
13203
13239
13243
13259
13290
13298
13302
13306
13310
13346
13384
13400
13404
13412
13442
13448
13450
13482
13488
13496
13502
13562
13594
13596
13608
13616
13646
13656
13672
13700
13722
13830
13842
13846
13852
13892
13916
13928
13950
13962
13974
13980
13992
13994
14006
14010
14032
14048
14070
14092
14094
14096
14104
14112
14130
14166
14176
14218
14230
14232
14248
14252
14270
14292
14310
14322
14326
14346
14402
14406
14408
14436
14448
14464
14466
14468
14474
14490
14498
14504
14512
14516
14546
14566
14574
14578
14584
14590
14592
14594
14607
14627
14633
14641
14647
14671
14693
14707
14751
14765
14767
14801
14809
14819
14837
14845
14863
14869
14887
14893
14895
14907
14911
14913
14979
14995
15007
15017
15021
15031
15033
15087
15103
15119
15187
15235
15237
15239
15253
15271
15275
15277
15289
15295
15299
15303
15319
15343
15345
15353
15375
15377
15395
15397
15417
15445
15457
15469
15473
15479
15535
15559
15563
15641
15655
15677
15679
15687
15691
15703
15753
15769
15771
15775
15819
15825
15831
15835
15843
15849
15859
15877
15881
15885
15901
15905
15945
15985
15993
16003
16017
16037
16039
16049
16073
16075
16151
16161
16193
16255
16257
16265
16269
16289
16339
16353
16373
16395
16401
16409
16413
16419
16439
16449
16483
16515
16519
16527
16539
16551
16553
16569
16579
16599
16601
16603
16613
16617
16623
16655
16675
16685
16697
16723
16753
16769
16781
16787
16821
16825
16845
16879
16895
16923
16945
16979
16995
16999
17009
17023
17027
17031
17033
17055
17063
17085
17087
17097
17111
17117
17125
17135
17139
17147
17177
17179
17185
17233
17249
17259
17273
17287
17290
17300
17302
17318
17326
17330
17350
17352
17362
17376
17382
17388
17390
17402
17408
17428
17464
17488
17492
17518
17524
17528
17548
17554
17570
17612
17624
17628
17634
17652
17658
17668
17686
17708
17716
17832
17834
17838
17872
17878
17894
17908
17916
17940
17952
17954
17962
17964
17966
17972
17980
17998
18032
18042
18046
18090
18126
18158
18174
18210
18228
18280
18332
18338
18342
18350
18354
18380
18390
18408
18412
18430
18432
18440
18474
18484
18492
18514
18538
18562
18570
18576
18588
18594
18600
18602
18606
18608
18618
18665
18673
18684
18692
18716
18718
18728
18730
18740
18768
18788
18792
18821
18825
18834
18848
18874
18878
18932
18958
18959
18995
19026
19036
19041
19057
19078
19079
19087
19130
19134
19141
19145
19149
19152
19160
19163
19179
19192
19202
19218
19220
19230
19254
19300
19306
19314
19360
19366
19419
19438
19447
19478
19490
19496
19499
19505
19508
19516
19531
19547
19558
19577
19608
19625
19629
19634
19642
19678
19684
19718
19725
19749
19761
19764
19782
19798
19811
19823
19830
19842
19855
19863
19867
19884
19886
19888
19893
19926
19962
19976
19982
19986
19990
19993
20008
20015
20017
20024
20025
20027
20028
20032
20037
20038
20062
20064
20069
20084
20090
20092
20105
20107
20108
20109
20125
20126
20129
20134
20137
20153
20168
20169
20181
20184
20187
20225
20239
20247
20267
20310
20311
20332
20333
20335
20339
20344
20351
20368
20380
20393
20395
20410
20413
20414
20415
20420
20437
20456
20461
20466
20477
20478
20480
20487
20492
20506
20508
20513
20522
20525
20529
20544
20559
20561
20564
20590
20593
20610
20618
20626
20629
20632
20634
20650
20660
20670
20675
20683
20684
20694
20699
20700
20711
20717
20723
20729
20739
20756
20759
20784
20836
20841
20845
20858
20860
20866
20874
20899
20900
20922
20934
20939
20948
20953
20955
20970
20997
21005
21017
21021
21023
21029
21033
21073
21139
21141
21143
21163
21173
21199
21204
21208
21220
21235
21267
21271
21288
21300
21321
21334
21336
21352
21353
21357
21362
21369
21373
21378
21393
21402
21403
21405
21426
21427
21428
21437
21460
21518
21607
21642
21657
21663
21673
21677
21754
21757
21761
21770
21787
21796
21801
21813
21858
21862
21867
21868
21877
21887
21891
21897
21910
21926
21939
21960
21962
21973
21977
22000
22022
22033
22035
22070
22091
22107
22109
22120
22126
22143
22155
22156
22168
22176
22185
22203
22262
22267
22274
22288
22298
22317
22322
22338
22360
22364
22368
22376
22386
22409
22412
22429
22443
22458
22460
22464
22466
22473
22479
22484
22497
22504
22520
22528
22534
22549
22589
22621
22623
22631
22637
22642
22672
22674
22700
22721
22727
22760
22768
22792
22800
22824
22829
22848
22849
22851
22852
22853
22864
22872
22899
22906
22912
22931
22945
22958
22987
23012
23020
23032
23044
23083
23127
23147
23155
23167
23218
23228
23236
23252
23264
23275
23277
23296
23310
23334
23343
23344
23350
23384
23386
23390
23424
23451
23453
23456
23459
23467
23489
23495
23505
23507
23527
23547
23553
23575
23577
23603
23609
23669
23681
23685
23701
23712
23733
23737
23738
23753
23761
23767
23783
23789
23793
23820
23845
23849
23867
23930
23959
23961
23973
23975
23991
24021
24045
24075
24097
24123
24167
24169
24171
24173
24195
24209
24231
24269
24271
24280
24318
24346
24366
24368
24376
24395
24402
24414
24422
24446
24448
24537
24557
24573
24579
24595
24619
24629
24645
24651
24671
24677
24683
24695
24705
24719
24729
24751
24769
24771
24775
24777
24779
24797
24821
24827
24831
24833
24841
24861
24875
24877
24879
24936
24938
24965
24984
24990
24992
24996
25010
25022
25038
25059
25067
25095
25117
25124
25154
25160
25180
25211
25213
25221
25239
25247
25263
25264
25273
25275
25299
25301
25305
25313
25319
25360
25363
25404
25425
25442
25447
25467
25469
25479
25485
25491
25497
25503
25507
25520
25540
25613
25631
25666
25710
25734
25763
25771
25792
25826
25836
25837
25844
25846
25886
25918
25924
25973
25979
25981
25985
26102
26108
26120
26134
26170
26179
26188
26189
26204
26207
26261
26262
26263
26280
26282
26297
26303
26343
26362
26387
26429
26458
26472
26478
26486
26492
26494
26524
26526
26535
26539
26547
26573
26583
26629
26635
26643
26650
26652
26656
26662
26695
26726
26730
26749
26757
26763
26769
26789
26814
26829
26874
26894
26932
26950
26966
26968
26984
27003
27009
27015
27027
27037
27075
27077
27081
27087
27107
27134
27140
27156
27162
27213
27230
27250
27253
27271
27286
27292
27337
27339
27351
27361
27367
27376
27442
27447
27449
27459
27463
27499
27509
27544
27566
27568
27580
27581
27589
27596
27600
27620
27628
27639
27649
27656
27703
27717
27776
27788
27795
27799
27820
27828
27837
27862
27869
27872
27877
27900
27902
27903
27905
27910
27918
27920
27944
27948
27968
27984
27995
28015
28038
28042
28081
28103
28115
28164
28176
28186
28188
28190
28208
28220
28244
28253
28289
28311
28315
28317
28327
28334
28369
28371
28381
28402
28422
28424
28426
28454
28474
28475
28488
28516
28534
28538
28541
28544
28550
28551
28568
28569
28576
28579
28586
28587
28626
28647
28675
28677
28685
28695
28697
28708
28715
28720
28739
28742
28745
28755
28768
28781
28794
28803
28818
28834
28836
28879
28886
28920
28930
28939
28943
28956
28962
28964
28970
28982
28985
28992
29017
29018
29025
29045
29047
29049
29063
29113
29131
29133
29139
29145
29157
29168
29183
29199
29201
29203
29209
29212
29217
29218
29227
29246
29250
29322
29337
29341
29343
29365
29368
29376
29403
29409
29421
29427
29429
29441
29443
29446
29464
29472
29508
29541
29553
29555
29557
29563
29583
29585
29589
29592
29599
29608
29628
29642
29657
29664
29676
29689
29696
29700
29706
29724
29728
29734
29748
29824
29830
29832
29836
29842
29846
29862
29867
29875
29877
29891
29926
29952
29979
29985
29993
30014
30018
30020
30034
30057
30092
30098
30130
30132
30141
30165
30167
30185
30205
30213
30217
30238
30243
30247
30257
30298
30318
30339
30341
30345
30353
30373
30385
30393
30402
30434
30440
30477
30511
30513
30519
30556
30639
30643
30656
30658
30660
30678
30685
30697
30711
30723
30729
30737
30741
30745
30748
30762
30770
30803
30854
30874
30894
30933
30948
30976
31003
31007
31019
31021
31023
31028
31032
31037
31039
31085
31087
31116
31121
31128
31181
31203
31207
31211
31213
31215
31225
31243
31249
31251
31269
31283
31303
31319
31329
31347
31351
31354
31361
31370
31384
31390
31414
31422
31428
31430
31442
31446
31476
31506
31546
31562
31568
31588
31594
31598
31600
31606
31628
31639
31658
31663
31679
31689
31691
31713
31727
31739
31743
31780
31782
31803
31805
31837
31847
31869
31873
31877
31895
31917
31921
31931
31937
31963
31975
31987
31999
32017
32019
32037
32045
32057
32091
32099
32135
32193
32220
32272
32278
32282
32312
32314
32316
32326
32332
32377
32397
32409
32429
32443
32447
32517
32531
32535
32541
32556
32566
32570
32573
32577
32589
32609
32639
32646
32659
32662
32680
32688
32690
32708
32710
32718
32722
32724
32735
32737
32744
32747
32753
32754
32757
32768
32781
32787
32788
32790
32792
32799
32811
32821
32822
32834
32836
32839
32870
32879
32884
32902
32907
32916
32930
32945
32951
32956
32957
32962
32963
32970
32971
32975
32989
32994
33014
33025
33027
33049
33054
33056
33057
33068
33092
33093
33094
33102
33118
33120
33121
33128
33131
33137
33161
33164
33208
33211
33212
33219
33229
33235
33242
33243
33249
33253
33260
33283
33290
33291
33297
33298
33304
33305
33325
33326
33327
33340
33344
33360
33390
33406
33410
33437
33454
33462
33474
33514
33529
33537
33595
33600
33608
33612
33632
33636
33650
33667
33702
33705
33714
33721
33736
33742
33744
33764
33773
33777
33822
33830
33859
33885
33946
33948
33957
33959
33985
33997
33999
34001
34019
34033
34058
34080
34085
34086
34087
34097
34122
34129
34154
34161
34200
34204
34208
34214
34218
34224
34269
34273
34279
34288
34295
34297
34301
34319
34339
34347
34352
34357
34382
34391
34426
34428
34430
34440
34446
34450
34470
34474
34495
34503
34529
34536
34553
34557
34566
34571
34577
34586
34587
34610
34632
34636
34644
34662
34693
34708
34712
34718
34751
34773
34795
34800
34822
34856
34867
34907
34919
34955
34957
34987
34997
34999
35003
35012
35024
35026
35045
35058
35071
35095
35132
35144
35157
35168
35178
35186
35204
35218
35220
35230
35258
35280
35305
35309
35321
35361
35367
35375
35385
35425
35429
35438
35485
35498
35501
35515
35598
35599
35630
35635
35636
35637
35667
35708
35716
35729
35753
35760
35762
35773
35796
35843
36008
36022
36065
36203
36252
36274
36293
36362
36377
36389
36423
36476
36486
36775
36806
36811
36851
36852
36858
36926
36968
37029
37079
37130
37135
37163
37164
37292
37373
37435
37507
37531
37558
37560
37743
37781
37831
37879
37889
37893
37931
37932
38081
38191
38211
38215
38268
38306
38314
38354
38367
38373
38388
38469
38537
38555
38570
38597
38636
38699
38780
38786
38831
38934
38970
38979
39021
39084
39153
39160
39169
39205
39212
39226
39245
39246
39265
39292
39371
39456
39466
39509
39638
39645
39675
39691
39728
39735
39796
39797
39836
39913
39961
39965
40000
40158
40161
40164
40196
40208
40245
40253
40282
40375
40378
40574
40586
40638
40743
40754
40913
40930
41061
41069
41074
41080
41133
41169
41174
41175
41183
41184
41188
41210
41220
41225
41231
41234
41247
41252
41259
41263
41267
41275
41278
41279
41284
41304
41323
41352
41353
41355
41357
41383
41386
41405
41418
41456
41474
41478
41507
41516
41534
41535
41550
41563
41564
41610
41668
41691
41700
41740
41745
41757
41779
41800
41801
41849
41850
41862
41868
41869
42027
42030
42049
42110
42112
42114
42126
42152
42191
42194
42213
42231
42238
42239
42272
42283
42289
42300
42302
42306
42314
42320
42321
42325
42328
42336
42337
42348
42350
42359
42366
42394
42396
42409
42431
42439
42556
42559
42575
42628
42635
42642
42644
42753
42755
42757
42785
42807
42818
42819
42849
42850
42858
42861
42863
42871
42872
42880
42915
42920
42933
42938
42939
42959
43001
43057
43114
43138
43227
43239
43337
43339
43343
43352
43455
43456
43460
43462
43540
43564
43567
43725
43760
43766
43835
43846
43848
43853
43863
43865
43886
43893
43944
43963
43964
43999
44033
44066
44090
44102
44118
44145
44159
44160
44170
44173
44190
44196
44340
44365
44386
44389
44395
44407
44446
44510
44511
44515
44527
44539
44577
44617
44633
44634
44687
44739
44761
44819
44827
44852
44854
44900
44903
44938
44955
44971
44976
44981
45012
45019
45024
45031
45043
45080
45082
45086
45093
45099
45104
45108
45113
45122
45147
45152
45153
45211
45324
45330
45421
45449
45476
45584
45603
45618
45660
45709
45765
45873
45880
45894
45897
45918
45921
46243
46301
46474
46506
46605
46857
46918
47097
47139
47230
47231
47267
47349
47379
47380
47446
47519
47578
47654
47681
47793
47798
47806
47827
47844
48004
48038
48208
48214
48224
48228
48502
48507
48512
48547
48554
48579
48617
48623
48643
48648
48654
48663
48862
48866
49107
49168
49171
49296
49345
49376
49389
49398
49412
49432
49475
49492
49493
49498
49502
49505
49527
49541
49563
49653
49660
49690
49707
49714
49766
49863
49953
49968
49987
49990
50093
50116
50121
50128
50158
50212
50268
50303
50403
50418
50441
50457
50458
50459
50471
50474
50482
50493
50528
50541
50551
50553
50567
50579
50600
50614
50632
50646
50657
50668
50673
50690
50702
50710
50723
50732
50846
50849
50858
50865
50879
50883
50895
50913
50922
50973
50981
51000
51001
51034
51066
51096
51108
51250
51258
51266
51277
51329
51428
51495
51539
51540
51611
51663
51667
51670
51674
51679
51685
51693
51698
51707
51798
51821
51895
51902
51910
51963
51965
51974
51988
52006
52014
52016
52021
52025
52033
52039
52040
52044
52055
52064
52070
52076
52077
52086
52092
52105
52118
52127
52129
52131
52159
52162
52165
52173
52174
52176
52191
52205
52206
52224
52276
52279
52293
52295
52299
52301
52314
52318
52346
52357
52358
52359
52363
52366
52379
52400
52412
52418
52424
52429
52447
52462
52470
52472
52478
52479
52482
52486
52492
52494
52496
52499
52510
52516
52542
52553
52556
52558
52565
52567
52575
52579
52603
52605
52700
52701
52703
52713
52719
52724
52729
52741
52772
52782
52825
52837
52838
52847
52848
52867
52896
52940
52943
52945
52946
52955
52964
52965
52969
52983
52988
52995
53007
53017
53023
53027
53029
53049
53052
53092
53097
53112
53116
53138
53149
53154
53161
53168
53172
53184
53190
53204
53223
53242
53253
53255
53259
53262
53269
53270
53274
53286
53287
53292
53305
53313
53333
53337
53350
53357
53360
53400
53403
53418
53430
53435
53446
53461
53462
53471
53519
53567
53575
53578
53588
53589
53601
53602
53608
53614
53617
53626
53633
53635
53637
53643
53648
53666
53677
53686
53690
53693
53694
53700
53705
53706
53719
53723
53725
53742
53750
53763
53778
53805
53816
53826
53834
53843
53851
53868
53871
53898
53904
53905
53910
53929
53931
53939
53956
53963
53988
54040
54046
54056
54061
54062
54078
54093
54109
54111
54119
54120
54126
54132
54150
54166
54168
54203
54216
54226
54227
54228
54240
54244
54250
54272
54277
54279
54281
54283
54286
54290
54302
54311
54323
54324
54325
54327
54328
54331
54334
54344
54349
54369
54378
54381
54382
54391
54412
54441
54447
54452
54457
54478
54502
54514
54516
54520
54534
54544
54583
54588
54591
54592
54594
54597
54601
54605
54611
54615
54634
54640
54653
54654
54663
54664
54666
54671
54676
54689
54695
54717
54735
54742
54748
54761
54781
54786
54787
54790
54796
54799
54800
54808
54816
54862
54865
54868
54877
54879
54891
54902
54922
54933
54999
55000
55019
55029
55030
55032
55046
55062
55063
55067
55074
55105
55128
55129
55133
55141
55149
55150
55152
55160
55162
55163
55180
55183
55197
55202
55229
55230
55261
55271
55273
55275
55280
55306
55315
55318
55319
55325
55326
55352
55365
55380
55386
55388
55453
55498
55499
55526
55542
55719
55826
55845
55848
55850
55860
55870
55918
55919
55930
55932
55934
55950
55965
55981
56051
56054
56079
56112
56122
56180
56206
56231
56328
56386
56416
56455
56458
56484
56502
56507
56669
56690
56848
56938
57189
57198
57260
57267
57344
57689
57690
57721
57747
57792
57868
57994
58031
58032
58036
58039
58040
58043
58097
58100
58181
58224
58240
58251
58270
58275
58297
58382
58389
58390
58397
58432
58467
58500
58504
58525
58649
58672
58683
58685
58688
58696
58699
58712
58732
58739
58765
58784
58821
58872
58906
58923
59039
59040
59103
59173
59200
59201
59301
59316
59486
59501
59515
59516
59524
59591
59613
59634
59635
59659
59674
59675
59691
59707
59786
59797
59823
59856
59859
59930
59934
59935
59993
60002
60032
60058
60060
60062
60132
60155
60167
60177
60196
60211
60221
60226
60241
60246
60251
60252
60255
60267
60270
60280
60286
60295
60308
60344
60345
60355
60388
60398
60399
60400
60405
60464
60521
60582
60589
60599
60665
60709
60809
60846
60865
60890
60901
60925
60956
60958
60982
61017
61052
61062
61099
61151
61204
61207
61222
61228
61316
61336
61370
61383
61395
61479
61485
61486
61489
61501
61504
61514
61515
61537
61607
61614
61662
61742
61772
61773
61812
61818
62085
62119
62171
62225
62241
62244
62255
62289
62313
62350
62420
62435
62446
62463
62538
62609
62639
62642
62659
62679
62692
62695
62699
62706
62724
62743
62750
62782
62783
62792
62854
62857
62901
62908
62920
62932
62937
62938
62987
63063
63186
63236
63288
63358
63392
63397
63467
63491
63533
63585
63612
63623
63624
63737
63796
63860
63877
63879
64013
64042
64090
64105
64108
64109
64148
64163
64212
64235
64406
64476
64499
64659
64662
64667
64674
64684
64696
64699
64721
64722
64728
64730
64746
64761
64829
64842
64887
64895
65034
65069
65111
65121
65140
65141
65159
65175
65217
65285
65317
65521
65567
65723
65727
65803
65814
65839
65892
65893
65910
65939
66117
66275
66364
66653
66672
66798
66814
66839
66918
66929
66936
66952
66975
67001
67013
67054
67057
67064
67074
67086
67088
67128
67175
67187
67209
67242
67333
67384
67439
67454
67455
67492
67525
67543
67591
67595
67710
67713
67733
67734
67773
67811
67840
67851
67858
67913
68030
68149
68237
68241
68331
68352
68439
68607
68657
68704
68742
68749
68773
68788
68869
68889
68902
68905
68909
68922
68924
68952
68958
68960
68996
69026
69057
69074
69076
69077
69086
69141
69158
69163
69171
69250
69274
69305
69306
69369
69397
69406
69411
69419
69437
69441
69450
69451
69459
69531
69537
69540
69543
69617
69625
69674
69682
69683
69715
69744
69752
69753
69768
69774
69778
69779
69797
69804
69838
69859
69867
69870
69879
69884
69947
69981
70021
70048
70094
70129
70131
70133
70136
70140
70141
70152
70157
70162
70172
70176
70208
70227
70234
70261
70269
70271
70272
70279
70313
70314
70366
70374
70404
70433
70452
70459
70464
70473
70530
70544
70546
70555
70617
70653
70672
70724
70737
70754
70762
70790
70879
70880
70895
70900
70906
70919
70933
70955
70965
71008
71018
71023
71044
71101
71125
71168
71181
71221
71245
71249
71271
71278
71280
71290
71297
71299
71308
71310
71314
71513
71530
71549
71558
71571
71612
71621
71622
71662
71664
71673
71717
71718
71721
71723
71882
72022
72029
72059
72140
72155
72157
72196
72210
72217
72229
72230
72253
72257
72269
72274
72285
72304
72311
72389
72420
72483
72512
72535
72824
72849
72851
72877
72952
72953
72996
72999
73048
73098
73141
73197
73338
73407
73468
73495
73504
73532
73578
73642
73677
73684
73719
73768
73879
73880
73945
73955
73989
74019
74041
74550
74573
74624
74655
74853
74878
74931
75017
75019
75030
75031
75032
75086
75093
75116
75161
75243
75261
75275
75279
75282
75329
75384
75428
75478
75898
75901
76086
76130
76139
76153
76189
76193
76219
76293
76306
76307
76321
76329
76375
76385
76410
76435
76455
76489
76495
76588
76595
76611
76646
76713
76728
76750
76768
76779
76790
76791
76793
76813
76817
76825
76840
76889
76921
76923
76926
76951
76981
77125
77134
77197
77219
77225
77258
77415
77455
77460
77478
77497
77524
77525
77534
77549
77550
77632
77684
77688
77756
77831
77850
78081
78086
78093
78166
78173
78189
78191
78227
78386
78395
78476
78477
78487
78549
78556
78700
78703
78726
78908
79000
79008
79009
79013
79037
79041
79048
79077
79170
79229
79243
79268
79280
79283
79293
79302
79333
79336
79365
79376
79390
79466
79476
79507
79508
79513
79541
79543
79608
79609
79635
79644
79665
79668
79672
79714
79740
79759
79765
79771
79840
79893
79906
79907
79951
79957
79978
80034
80038
80041
80063
80067
80073
80079
80086
80100
80104
80119
80121
80148
80169
80187
80230
80246
80256
80258
80292
80330
80339
80405
80407
80415
80436
80441
80443
80454
80470
80478
80481
80509
80517
80521
80522
80525
80529
80553
80565
80566
80587
80588
80592
80635
80658
80669
80685
80696
80717
80728
80731
80740
80742
80743
80745
80747
80760
80775
80832
80878
80947
80952
80982
80991
80993
81017
81023
81025
81037
81048
81094
81095
81097
81102
81131
81134
81151
81159
81164
81166
81182
81184
81197
81200
81219
81222
81260
81268
81280
81304
81319
81338
81339
81361
81364
81378
81379
81386
81400
81461
81466
81468
81472
81482
81704
81714
81715
81962
81974
82124
82172
82173
82278
82287
82331
82338
82442
82481
82547
82553
82568
82578
82591
82597
82602
82609
82684
82700
82706
82712
82728
82746
82772
82775
82784
82786
82799
82815
82979
83076
83316
83327
83330
83344
83394
83439
83697
83771
83791
83814
84003
84007
84125
84239
84240
84272
84280
84286
84292
84296
84406
84413
84421
84431
84482
84495
84498
84507
84515
84526
84535
84544
84633
84635
84636
84659
84681
84715
84861
84866
84916
84917
84918
85091
85211
85214
85467
85469
85514
85646
85676
85678
85688
85706
85714
85725
85729
85730
85751
85771
85776
85794
85823
85839
85840
85845
