149
207
376
521
523
585
882
1196
1240
1300
1389
1409
1503
1603
1672
1700
1744
1864
2034
2080
2242
2296
2333
2382
2485
2489
2825
2914
2954
3008
3082
3165
3187
3261
3282
3334
3483
3536
3594
3761
3780
3874
3876
3960
4130
4264
4296
4462
4524
4550
4557
4654
4671
4690
4858
4920
5010
5051
5377
5392
5408
5424
5478
5615
5868
5874
5952
5957
5990
6232
6311
6327
6329
6354
6445
6484
6563
6609
6656
6936
6961
6989
7000
7024
7048
7073
7079
7105
7138
7159
7188
7206
7294
7301
7429
7450
7539
7549
7590
7669
7751
7786
7826
8092
8094
8241
8342
8352
8432
8458
8791
8820
8894
9152
9352
9602
9618
9638
9648
9730
9995
10027
10143
10259
10373
10409
10485
10505
10567
10579
10635
10673
10739
10745
10753
10809
10862
11097
11101
11123
11193
11259
11283
11345
11359
11363
11379
11573
11667
11699
11711
11855
11897
11939
12087
12129
12209
12361
12777
12871
12885
12961
13065
13231
13268
13470
13576
13634
13704
13756
13782
13964
14114
14150
14172
14236
14266
14292
14348
14430
14472
14651
14779
14785
14793
14921
14927
15039
15073
15083
15153
15309
15411
15419
15463
15479
15561
15595
15659
15739
15793
15801
15950
16051
16143
16155
16173
16211
16253
16345
16375
16517
16561
16617
16697
17003
17231
17442
17488
17508
17688
18004
18072
18076
18312
18350
18550
18576
18610
18633
18649
18675
18777
18796
18853
18888
18914
18951
19022
19109
19153
19166
19173
19210
19237
19279
19288
19347
19445
19480
19501
19727
19749
19921
20061
20064
20086
20161
20216
20339
20348
20360
20397
20421
20436
20461
20531
20571
20675
20686
20692
20757
20771
20780
20788
20846
20904
20942
20948
21085
21107
21212
21278
21291
21301
21363
21430
21570
21693
21695
21811
21813
21890
22132
22319
22338
22597
22607
22637
22646
22666
22698
22778
23014
23048
23171
23344
23388
23465
23477
23491
23579
23599
23816
23835
23851
23934
24117
24159
24296
24338
24344
24483
24531
24709
24731
24936
24949
24969
24980
25022
25069
25140
25172
25247
25355
25381
25445
25456
25491
25493
25617
25666
25676
25869
25904
26020
26052
26065
26067
26256
26341
26395
26403
26423
26555
26773
26797
26841
26853
26988
26992
27277
27288
27361
27365
27371
27391
27451
27469
27489
27570
27571
27587
27641
27703
27728
27776
27851
27862
27901
27952
27954
28000
28072
28161
28182
28240
28381
28412
28474
28695
28701
28711
28904
28928
29063
29107
29115
29282
29379
29400
29625
29987
30024
30114
30133
30187
30211
30290
30316
30339
30349
30426
30434
30491
30651
30654
30754
30758
30789
30872
31003
31106
31148
31229
31412
31474
31496
31530
31745
31792
31794
31819
31827
31967
31981
32294
32322
32411
32432
32518
32520
32566
32569
32573
32610
32694
32729
32749
32755
32765
32810
32932
33040
33049
33089
33153
33165
33220
33323
33376
33386
33502
33585
33721
33791
33828
33854
33936
34069
34104
34149
34154
34177
34231
34256
34282
34357
34459
34540
34622
34663
34666
34745
34758
34788
34948
35031
35105
35136
35180
35329
35408
35421
35628
35714
35757
35844
35875
36057
36081
36395
36593
36788
37350
37723
37884
38335
38337
38378
38401
38427
38642
38723
38795
38843
38867
39123
39170
39226
39675
39677
39718
39802
39836
40246
41070
41169
41174
41185
41186
41293
41351
41400
41904
42189
42242
42306
42348
42748
42955
42959
43098
43233
43459
43468
43566
44020
44035
44159
44170
44273
44385
44446
44673
44761
44894
44907
45105
45122
45449
46454
46603
46651
46652
47011
47012
47297
47621
47844
48007
48208
48512
48626
49479
49522
49625
49969
50297
50432
50480
50552
50554
50648
50716
50739
50876
50903
50927
50936
50967
50972
51045
51054
51112
51151
51217
51234
51272
51333
51534
51677
52003
52050
52053
52085
52096
52116
52133
52163
52181
52190
52208
52408
52410
52455
52482
52492
52556
52573
52673
52688
52705
52720
52724
52776
52847
52853
52889
52912
53181
53240
53321
53327
53391
53436
53615
53666
53685
53702
53758
53769
53804
53932
54106
54312
54327
54347
54398
54454
54478
54552
54659
54667
54778
54826
54888
54922
54987
55008
55032
55071
55204
55248
55260
55314
55333
55454
56079
56105
56152
56209
56253
56472
56482
57130
57994
58125
58182
58429
58561
58647
58750
59006
59012
59038
59480
59713
59723
59811
59930
60192
60244
60266
60899
61195
61214
61383
61791
61792
61970
62313
62447
62463
62667
62751
62831
62839
63275
63397
63419
63854
64007
64610
64957
65078
65120
65122
65136
65158
65199
65324
65326
65503
65670
65992
66004
66060
66417
66630
66811
66946
66953
67015
67176
67842
67990
68698
68947
68956
69133
69151
69306
69441
69565
69603
69613
69663
69701
69882
70136
70149
70198
70278
70356
70358
70496
70505
70507
70509
70675
70680
70682
70711
70738
70762
70814
70900
70944
71124
71176
71336
71600
71604
71615
71664
72017
72140
72284
72850
72855
73203
73236
73469
73532
73557
74598
74641
74672
74783
75031
75106
75401
76235
76591
76633
76657
76728
76750
76776
76782
76947
77275
77387
77632
77675
77846
78086
78478
78583
78598
79004
79349
79473
79636
79642
79728
79793
79875
79891
80074
80235
80449
80583
80614
80680
80840
80846
80870
80876
80919
81094
81181
81194
81268
81331
81372
81453
81487
82161
82552
82589
82590
82672
82703
82730
82736
83246
83320
83344
83370
83384
83869
84414
84499
84681
85687
85750
85761
85830
