0
15
59
65
81
89
102
111
113
121
133
143
190
198
205
209
229
247
251
265
297
305
312
313
327
344
387
389
411
440
444
473
489
493
501
503
515
521
545
565
578
582
596
598
614
622
624
632
640
643
659
661
709
717
739
753
754
766
773
782
783
790
791
808
813
858
875
878
916
930
936
984
986
998
1014
1047
1058
1097
1112
1143
1166
1176
1178
1184
1186
1200
1202
1214
1222
1234
1242
1264
1276
1280
1288
1316
1326
1330
1336
1342
1355
1403
1405
1435
1447
1468
1483
1485
1512
1522
1537
1543
1565
1569
1575
1579
1593
1645
1646
1648
1658
1664
1676
1700
1746
1750
1770
1773
1775
1808
1818
1827
1833
1841
1845
1851
1869
1884
1890
1900
1924
1932
1934
1980
1986
2007
2014
2042
2046
2076
2084
2114
2132
2136
2162
2176
2197
2206
2250
2286
2300
2316
2317
2329
2335
2337
2346
2353
2375
2383
2425
2435
2438
2478
2511
2525
2546
2553
2558
2568
2579
2585
2597
2637
2679
2685
2713
2733
2735
2760
2768
2795
2809
2825
2835
2837
2864
2882
2890
2896
2903
2932
2936
2942
2958
2960
2974
3014
3022
3027
3041
3045
3079
3098
3100
3113
3131
3147
3153
3161
3169
3187
3193
3195
3207
3209
3213
3215
3227
3241
3243
3258
3263
3302
3330
3340
3343
3344
3359
3367
3369
3397
3421
3438
3451
3463
3483
3485
3498
3508
3529
3536
3548
3568
3608
3616
3622
3628
3632
3670
3672
3680
3698
3704
3716
3732
3738
3755
3767
3769
3807
3811
3813
3815
3830
3832
3834
3864
3891
3893
3908
3920
3940
3950
3982
3997
4000
4021
4055
4068
4098
4124
4140
4158
4162
4186
4231
4247
4253
4258
4294
4310
4326
4328
4338
4340
4346
4356
4358
4370
4382
4386
4392
4398
4402
4406
4408
4416
4424
4487
4489
4504
4516
4517
4520
4533
4546
4548
4555
4560
4562
4583
4587
4604
4620
4642
4648
4685
4768
4772
4778
4797
4800
4804
4805
4821
4838
4864
4872
4898
4904
4944
4966
4968
4992
4998
5036
5053
5091
5115
5123
5150
5157
5170
5188
5191
5222
5245
5250
5315
5318
5328
5330
5337
5340
5348
5381
5392
5404
5425
5440
5441
5447
5460
5472
5514
5527
5567
5577
5587
5591
5605
5653
5667
5671
5675
5690
5691
5692
5740
5750
5754
5774
5778
5794
5850
5851
5868
5896
5904
5908
5917
5923
5924
5936
5938
5942
5949
5963
5983
5992
6000
6005
6025
6026
6030
6036
6050
6058
6064
6081
6108
6134
6162
6189
6224
6244
6285
6288
6316
6330
6332
6341
6350
6360
6370
6381
6386
6392
6410
6413
6422
6441
6482
6491
6507
6517
6525
6538
6542
6614
6626
6628
6654
6690
6712
6732
6768
6777
6791
6794
6800
6802
6809
6820
6822
6873
6893
6967
6975
6982
6986
6995
7015
7026
7028
7050
7057
7075
7077
7095
7097
7101
7108
7131
7136
7147
7159
7162
7176
7190
7206
7212
7224
7236
7247
7251
7255
7263
7267
7307
7315
7328
7332
7343
7346
7348
7405
7412
7414
7422
7431
7438
7443
7445
7448
7467
7477
7536
7542
7569
7601
7603
7610
7611
7619
7633
7637
7647
7649
7652
7673
7676
7685
7690
7698
7722
7726
7734
7755
7767
7777
7785
7791
7795
7798
7809
7830
7831
7835
7850
7863
7865
7871
7872
7947
7963
7984
7992
7996
8018
8020
8024
8061
8066
8067
8078
8082
8112
8178
8179
8181
8185
8191
8208
8237
8269
8275
8278
8280
8297
8307
8312
8313
8318
8320
8334
8348
8373
8377
8408
8422
8472
8480
8485
8514
8517
8526
8577
8598
8610
8644
8658
8678
8682
8688
8713
8717
8733
8753
8756
8802
8822
8844
8878
8882
8890
8904
8914
8916
8930
8934
8964
8972
9032
9076
9082
9158
9204
9220
9232
9258
9260
9262
9268
9274
9292
9304
9312
9324
9334
9360
9366
9392
9406
9408
9442
9462
9466
9476
9482
9486
9522
9524
9538
9574
9580
9592
9624
9636
9658
9710
9716
9776
9790
9812
9835
9845
9865
9889
9895
9911
9925
9937
9959
9967
9969
10011
10013
10021
10023
10041
10057
10061
10093
10099
10105
10119
10145
10149
10163
10169
10199
10231
10257
10261
10265
10269
10289
10291
10303
10317
10327
10417
10445
10451
10465
10513
10537
10539
10555
10585
10587
10617
10619
10635
10657
10675
10681
10731
10743
10747
10755
10775
10785
10787
10793
10807
10817
10825
10827
10859
10887
10889
10913
10917
10919
10951
10965
10979
10985
10991
11009
11033
11059
11065
11085
11099
11105
11109
11125
11137
11139
11145
11155
11179
11193
11211
11213
11215
11219
11257
11265
11267
11271
11295
11297
11299
11303
11305
11321
11341
11355
11369
11377
11379
11383
11397
11431
11449
11475
11489
11515
11523
11531
11549
11557
11595
11599
11619
11639
11649
11659
11663
11683
11693
11709
11711
11729
11755
11759
11771
11777
11787
11795
11797
11811
11819
11831
11857
11871
11889
11895
11933
11937
11961
11971
12005
12015
12035
12047
12079
12085
12097
12099
12105
12141
12153
12163
12167
12181
12193
12201
12205
12227
12231
12245
12261
12263
12267
12289
12325
12327
12381
12411
12417
12421
12425
12441
12471
12499
12503
12505
12507
12537
12549
12577
12621
12635
12647
12649
12663
12711
12713
12727
12737
12765
12777
12785
12829
12837
12871
12897
12903
12917
12921
12953
12981
13011
13013
13021
13037
13041
13045
13051
13053
13065
13091
13109
13119
13133
13143
13161
13175
13213
13235
13245
13294
13318
13342
13408
13412
13452
13458
13472
13494
13498
13506
13516
13520
13526
13534
13576
13666
13674
13704
13708
13726
13728
13770
13774
13800
13818
13862
13868
13874
13948
13962
13992
14020
14050
14060
14062
14072
14090
14098
14112
14118
14122
14144
14148
14162
14176
14180
14186
14216
14244
14248
14256
14268
14282
14290
14306
14310
14332
14336
14346
14358
14376
14380
14412
14420
14432
14436
14472
14478
14484
14490
14516
14520
14532
14550
14602
14609
14617
14643
14697
14705
14723
14727
14733
14741
14775
14793
14797
14813
14825
14831
14851
14857
14863
14901
14907
14919
14947
14957
14991
15005
15009
15035
15045
15063
15071
15081
15125
15131
15143
15149
15151
15159
15161
15169
15203
15213
15217
15249
15251
15273
15279
15281
15313
15343
15369
15371
15387
15389
15397
15405
15411
15413
15455
15515
15519
15523
15531
15545
15551
15571
15573
15585
15591
15621
15623
15653
15655
15687
15709
15721
15723
15729
15775
15809
15819
15839
15845
15867
15871
15883
15983
15989
15999
16007
16035
16069
16079
16103
16111
16117
16123
16141
16147
16169
16193
16225
16241
16263
16275
16283
16307
16309
16319
16325
16333
16335
16407
16443
16469
16493
16511
16531
16537
16563
16565
16585
16597
16607
16619
16639
16657
16665
16679
16685
16689
16725
16765
16777
16787
16791
16807
16809
16815
16849
16873
16915
16927
16935
16957
16963
16993
16997
17005
17015
17017
17031
17055
17073
17107
17179
17187
17292
17338
17342
17352
17358
17370
17382
17410
17426
17436
17456
17466
17472
17478
17494
17506
17508
17550
17558
17582
17592
17596
17604
17606
17662
17702
17712
17714
17716
17726
17730
17740
17794
17806
17842
17874
17912
17940
17948
17954
17974
17976
18004
18006
18018
18024
18042
18096
18102
18120
18154
18160
18162
18164
18194
18204
18214
18222
18232
18240
18282
18286
18326
18334
18336
18350
18366
18368
18376
18380
18384
18406
18422
18426
18430
18442
18444
18448
18476
18482
18484
18524
18528
18534
18538
18566
18586
18588
18590
18594
18608
18610
18616
18618
18621
18622
18626
18635
18661
18688
18716
18738
18760
18798
18821
18834
18855
18886
18900
18905
18916
18954
18971
18975
19001
19039
19041
19064
19074
19081
19091
19111
19144
19152
19153
19156
19166
19172
19174
19179
19258
19270
19277
19281
19288
19300
19319
19323
19325
19329
19366
19390
19400
19402
19406
19410
19418
19423
19463
19487
19498
19505
19522
19524
19537
19549
19554
19589
19596
19610
19612
19627
19654
19678
19680
19698
19719
19727
19753
19780
19784
19790
19792
19804
19807
19821
19825
19836
19838
19870
19882
19919
19944
19961
19962
19991
20002
20012
20017
20019
20029
20033
20034
20036
20037
20049
20052
20055
20061
20070
20074
20083
20084
20089
20095
20101
20136
20142
20151
20158
20166
20170
20179
20183
20199
20218
20235
20249
20257
20260
20264
20272
20278
20283
20291
20298
20299
20300
20339
20351
20367
20368
20400
20402
20408
20413
20437
20449
20450
20453
20467
20474
20476
20477
20480
20483
20484
20493
20501
20503
20522
20523
20535
20537
20558
20565
20570
20571
20595
20600
20611
20612
20641
20646
20654
20659
20667
20671
20672
20673
20674
20684
20690
20696
20704
20707
20708
20710
20711
20712
20728
20730
20757
20760
20767
20769
20770
20777
20791
20797
20800
20811
20820
20823
20851
20853
20854
20857
20871
20872
20893
20934
20943
20945
20950
20955
20984
20993
21003
21039
21043
21051
21057
21058
21064
21076
21080
21082
21087
21103
21109
21135
21157
21177
21191
21201
21206
21207
21219
21235
21243
21259
21269
21271
21291
21293
21296
21312
21339
21343
21349
21355
21367
21369
21374
21380
21394
21395
21402
21403
21416
21430
21460
21466
21468
21508
21537
21546
21562
21605
21612
21618
21655
21657
21665
21667
21673
21686
21693
21729
21748
21750
21752
21771
21792
21794
21796
21804
21810
21819
21835
21844
21879
21881
21887
21890
21919
21920
21928
21936
21945
21952
21966
22071
22075
22086
22095
22120
22129
22146
22147
22150
22151
22155
22201
22209
22214
22217
22241
22275
22277
22281
22296
22302
22315
22352
22358
22364
22383
22384
22408
22417
22422
22443
22457
22485
22510
22522
22524
22534
22571
22573
22600
22601
22609
22623
22664
22670
22676
22729
22747
22784
22786
22802
22820
22830
22838
22839
22847
22849
22852
22859
22865
22872
22895
22916
22917
22945
22951
22958
22962
22977
22995
23020
23058
23097
23115
23159
23187
23203
23205
23214
23218
23244
23250
23266
23268
23277
23281
23298
23300
23306
23354
23402
23431
23433
23453
23467
23469
23479
23485
23499
23512
23565
23595
23605
23637
23641
23663
23673
23687
23705
23709
23714
23718
23741
23757
23767
23773
23775
23783
23785
23791
23801
23803
23809
23818
23851
23858
23880
23908
23930
23942
23948
24061
24067
24073
24085
24101
24107
24125
24145
24153
24165
24169
24187
24192
24202
24203
24223
24241
24251
24253
24275
24288
24302
24332
24356
24380
24411
24422
24424
24436
24479
24519
24581
24589
24595
24605
24609
24621
24659
24661
24667
24691
24697
24723
24747
24749
24767
24769
24775
24789
24831
24835
24843
24849
24863
24909
24923
24926
24932
24939
24963
24977
24981
25002
25051
25055
25069
25073
25077
25109
25119
25128
25142
25184
25197
25215
25255
25285
25307
25346
25381
25383
25417
25431
25435
25439
25447
25485
25505
25507
25526
25536
25542
25546
25547
25554
25562
25586
25606
25613
25615
25625
25629
25632
25647
25700
25734
25765
25777
25779
25796
25802
25804
25810
25869
25877
25900
25912
25928
25941
25951
25955
25957
25979
25983
25985
26007
26027
26037
26041
26063
26067
26085
26088
26108
26118
26166
26185
26186
26220
26222
26226
26239
26254
26255
26256
26263
26264
26268
26289
26303
26307
26350
26383
26419
26429
26440
26460
26480
26492
26506
26526
26533
26541
26563
26565
26567
26571
26583
26592
26637
26659
26666
26673
26736
26751
26767
26791
26818
26824
26829
26861
26877
26892
26897
26901
26905
26907
26911
26913
26921
27009
27017
27019
27023
27027
27035
27081
27103
27118
27136
27138
27154
27180
27218
27233
27240
27249
27327
27331
27333
27347
27385
27387
27420
27437
27455
27461
27512
27533
27539
27544
27559
27571
27581
27587
27590
27601
27605
27607
27613
27633
27653
27666
27688
27701
27719
27759
27793
27799
27835
27910
27984
28002
28009
28038
28040
28044
28058
28059
28083
28084
28097
28102
28104
28109
28151
28204
28216
28256
28289
28295
28313
28329
28330
28341
28344
28385
28400
28407
28410
28412
28418
28422
28456
28466
28469
28504
28506
28552
28554
28558
28559
28574
28577
28592
28608
28615
28643
28653
28659
28677
28695
28725
28770
28772
28816
28828
28890
28892
28908
28914
28923
28939
28941
28948
28966
28968
29001
29014
29027
29043
29047
29079
29083
29087
29093
29101
29108
29127
29133
29145
29153
29175
29177
29181
29192
29211
29212
29221
29260
29276
29298
29319
29320
29333
29336
29338
29346
29350
29358
29381
29386
29399
29405
29406
29422
29423
29430
29434
29441
29443
29464
29500
29533
29537
29543
29561
29567
29579
29583
29586
29589
29592
29595
29603
29623
29627
29629
29655
29659
29686
29689
29718
29724
29734
29757
29779
29790
29800
29841
29848
29885
29912
29916
29918
29924
29928
29946
29976
29977
29983
29987
30003
30010
30014
30028
30034
30043
30045
30057
30068
30077
30081
30085
30094
30100
30106
30133
30139
30143
30147
30151
30159
30164
30187
30190
30195
30200
30205
30217
30232
30255
30263
30267
30269
30273
30282
30284
30292
30306
30314
30337
30343
30358
30363
30380
30414
30453
30473
30475
30488
30503
30505
30507
30508
30548
30575
30582
30597
30617
30662
30687
30695
30697
30709
30713
30719
30721
30729
30752
30758
30775
30799
30801
30807
30846
30890
30898
30942
30956
30970
30982
30997
31040
31045
31079
31091
31104
31108
31123
31126
31134
31151
31191
31253
31269
31271
31275
31279
31309
31313
31325
31327
31335
31370
31372
31416
31436
31448
31462
31478
31484
31492
31496
31500
31512
31590
31602
31614
31624
31631
31651
31653
31664
31725
31732
31747
31749
31754
31756
31803
31831
31917
31919
31923
31959
32013
32027
32039
32121
32135
32139
32195
32203
32216
32242
32264
32286
32294
32322
32365
32373
32383
32389
32419
32447
32453
32470
32518
32519
32524
32527
32561
32618
32624
32639
32652
32667
32670
32696
32704
32729
32731
32737
32742
32758
32766
32774
32779
32780
32792
32802
32809
32819
32823
32826
32834
32853
32854
32856
32858
32868
32870
32871
32881
32904
32917
32918
32929
32943
32951
32958
32964
32969
32971
32973
32990
32992
33006
33022
33023
33034
33043
33049
33052
33059
33060
33074
33076
33083
33107
33110
33143
33144
33149
33150
33156
33161
33169
33172
33176
33202
33208
33231
33242
33244
33291
33292
33293
33297
33298
33304
33307
33308
33316
33318
33323
33356
33398
33402
33412
33414
33424
33437
33444
33470
33472
33482
33500
33539
33549
33552
33556
33588
33591
33615
33634
33665
33691
33699
33710
33712
33716
33728
33730
33738
33773
33775
33797
33807
33809
33814
33822
33826
33828
33877
33879
33881
33891
33915
33931
33933
33979
34009
34011
34058
34060
34080
34082
34084
34102
34105
34127
34137
34209
34226
34237
34266
34281
34286
34290
34319
34333
34343
34345
34348
34356
34359
34378
34399
34401
34408
34410
34420
34436
34448
34472
34474
34480
34484
34505
34542
34557
34585
34594
34622
34649
34652
34660
34665
34670
34695
34699
34720
34734
34736
34741
34751
34761
34804
34825
34835
34858
34866
34867
34875
34881
34890
34909
34915
34919
34937
34949
34953
34957
34987
35060
35071
35073
35077
35081
35086
35101
35136
35139
35159
35160
35192
35198
35208
35232
35246
35262
35266
35286
35290
35301
35309
35319
35327
35329
35379
35381
35413
35423
35427
35456
35466
35475
35502
35514
35528
35540
35542
35572
35589
35591
35593
35615
35622
35624
35634
35635
35644
35692
35704
35716
35764
35771
35785
35787
35789
35798
35800
35815
35957
35981
36022
36028
36056
36063
36082
36086
36220
36222
36223
36296
36342
36343
36348
36360
36475
36485
36496
36499
36522
36534
36607
36673
36677
36741
36786
36802
36805
36853
36928
37307
37350
37358
37361
37372
37373
37405
37414
37435
37437
37503
37512
37743
37748
37767
37872
37878
37890
37893
37914
37930
38034
38044
38046
38063
38109
38125
38129
38174
38175
38274
38276
38327
38352
38394
38407
38418
38424
38516
38561
38582
38588
38600
38726
38750
38849
38876
38904
38958
38997
39012
39015
39042
39102
39114
39138
39159
39212
39236
39272
39285
39286
39302
39334
39335
39341
39434
39456
39457
39475
39518
39645
39693
39726
39728
39750
39877
40000
40164
40167
40180
40207
40208
40231
40250
40252
40265
40287
40290
40375
40378
40389
40399
40408
40586
40630
40704
40709
40712
40932
40933
40934
40973
41002
41047
41073
41119
41134
41135
41137
41138
41160
41167
41182
41185
41198
41199
41201
41202
41211
41213
41253
41256
41265
41271
41285
41299
41301
41304
41308
41326
41336
41350
41351
41358
41361
41383
41416
41418
41474
41478
41516
41520
41536
41539
41551
41553
41554
41560
41569
41573
41575
41612
41617
41622
41634
41655
41668
41683
41690
41693
41724
41745
41753
41767
41853
41872
41875
41889
41903
41904
41938
41952
42022
42037
42050
42115
42156
42231
42243
42266
42273
42288
42294
42306
42311
42312
42330
42336
42337
42341
42342
42346
42356
42365
42369
42409
42424
42434
42439
42497
42529
42628
42635
42636
42646
42756
42762
42793
42801
42803
42846
42865
42900
42921
42933
42934
42960
42994
43028
43030
43036
43092
43096
43098
43101
43136
43143
43144
43315
43351
43363
43388
43461
43470
43541
43561
43580
43708
43761
43765
43766
43793
43806
43843
43856
43868
43877
43881
43882
43886
43894
43897
43900
43932
43952
43954
43967
44014
44023
44032
44040
44057
44061
44066
44092
44118
44120
44135
44240
44244
44261
44272
44277
44306
44346
44389
44394
44428
44436
44454
44527
44537
44540
44550
44654
44669
44673
44686
44758
44826
44828
44829
44898
44899
44901
44903
44963
45005
45011
45024
45033
45034
45035
45064
45067
45069
45073
45080
45089
45114
45121
45123
45154
45214
45217
45223
45278
45279
45294
45315
45326
45336
45410
45534
45557
45558
45604
45663
45670
45710
45796
45862
45873
45890
45895
45901
45903
45912
45913
45919
46181
46244
46277
46419
46430
46446
46506
46515
46587
46648
46651
46744
46756
46757
46952
46996
47008
47041
47306
47348
47451
47810
47811
47822
47870
47947
48007
48039
48207
48209
48215
48220
48386
48415
48440
48515
48545
48565
48569
48616
48631
48649
48652
48663
48680
48684
48839
48863
49050
49128
49340
49357
49363
49394
49411
49424
49455
49469
49474
49485
49488
49497
49507
49515
49532
49541
49553
49646
49667
49674
49724
49872
49992
50019
50057
50066
50128
50211
50262
50274
50294
50300
50316
50390
50397
50420
50436
50458
50468
50478
50489
50541
50549
50593
50594
50601
50602
50624
50641
50659
50665
50667
50679
50690
50706
50730
50734
50751
50771
50783
50823
50846
50858
50875
50908
50924
50938
50948
50987
50993
51004
51062
51067
51069
51070
51087
51139
51142
51155
51165
51181
51189
51216
51222
51247
51258
51260
51268
51270
51272
51422
51429
51496
51536
51670
51679
51693
51799
51802
51885
51903
51910
51934
51940
51943
51952
51967
51993
52005
52019
52021
52022
52031
52036
52047
52051
52078
52087
52097
52118
52119
52121
52124
52131
52138
52148
52153
52157
52175
52180
52182
52196
52200
52201
52209
52212
52215
52225
52278
52286
52308
52311
52316
52318
52323
52330
52333
52347
52354
52357
52362
52387
52408
52410
52412
52421
52434
52443
52445
52455
52465
52468
52486
52491
52518
52542
52558
52572
52573
52579
52591
52593
52594
52599
52614
52670
52675
52689
52696
52703
52709
52715
52728
52740
52771
52779
52781
52783
52815
52819
52822
52823
52829
52837
52851
52853
52854
52865
52873
52875
52885
52892
52902
52903
52921
52923
52927
52943
52947
52959
52960
52964
52965
52966
52969
52972
52992
52998
53009
53015
53021
53035
53039
53041
53126
53127
53150
53154
53160
53161
53162
53166
53175
53181
53186
53195
53220
53225
53241
53249
53265
53284
53286
53312
53347
53353
53357
53378
53402
53409
53413
53429
53430
53435
53439
53440
53443
53447
53473
53519
53565
53566
53570
53579
53583
53602
53603
53604
53630
53633
53637
53644
53648
53650
53652
53667
53669
53676
53709
53711
53717
53719
53741
53744
53748
53766
53778
53779
53785
53788
53798
53810
53812
53824
53831
53852
53855
53858
53859
53875
53882
53897
53902
53904
53906
53921
53932
53935
53936
53940
53951
53960
53993
53994
54047
54048
54076
54097
54111
54113
54115
54125
54128
54130
54147
54165
54166
54169
54175
54183
54191
54195
54212
54218
54246
54249
54268
54291
54306
54316
54320
54321
54330
54342
54350
54356
54370
54371
54381
54389
54392
54406
54443
54445
54447
54453
54459
54514
54517
54528
54539
54551
54571
54582
54590
54610
54615
54628
54631
54639
54641
54645
54686
54690
54695
54719
54721
54734
54736
54739
54760
54761
54770
54771
54775
54781
54782
54799
54812
54816
54836
54846
54866
54867
54877
54882
54889
54904
54907
54909
54922
54930
54933
54935
54938
54985
54992
54994
54999
55007
55017
55018
55020
55034
55040
55045
55064
55081
55098
55101
55103
55105
55117
55123
55128
55148
55153
55154
55157
55169
55173
55174
55185
55199
55210
55231
55232
55267
55269
55271
55274
55278
55287
55290
55303
55310
55315
55324
55326
55333
55345
55361
55367
55369
55374
55396
55409
55453
55527
55530
55532
55726
55730
55762
55780
55828
55846
55849
55857
55867
55888
55903
55904
55928
55931
55939
55940
55942
55946
55987
56090
56101
56105
56113
56121
56131
56152
56153
56162
56165
56172
56210
56415
56456
56461
56480
56486
56495
56531
56535
56649
56704
56765
56881
56940
57121
57130
57167
57235
57255
57261
57344
57446
57491
57748
57749
57796
57803
57812
57829
57835
57867
57987
57998
58035
58039
58076
58077
58097
58101
58120
58123
58166
58170
58171
58186
58198
58247
58251
58264
58274
58275
58277
58291
58299
58300
58307
58360
58364
58398
58430
58512
58530
58561
58601
58647
58658
58669
58670
58672
58685
58687
58691
58694
58701
58735
58738
58750
58775
58784
58822
58856
58884
58906
58988
59013
59035
59113
59189
59361
59371
59392
59396
59506
59517
59528
59661
59678
59690
59706
59708
59785
59828
59853
59936
59938
59968
60032
60121
60122
60187
60193
60203
60205
60220
60224
60225
60227
60230
60231
60235
60239
60247
60248
60287
60291
60355
60398
60404
60454
60504
60586
60587
60661
60708
60855
60860
60863
60892
60912
60924
60926
60931
60943
60944
61015
61035
61056
61059
61071
61124
61127
61152
61200
61203
61286
61319
61331
61332
61395
61399
61451
61509
61615
61662
61740
61776
61787
61812
61955
62002
62170
62172
62217
62227
62231
62244
62313
62330
62362
62464
62609
62636
62665
62679
62687
62704
62706
62710
62757
62772
62775
62804
62819
62842
62843
62845
62853
62863
62899
62900
62901
62986
63036
63109
63197
63240
63248
63249
63369
63373
63402
63490
63769
63828
63853
63878
64089
64104
64133
64144
64212
64219
64248
64337
64394
64484
64519
64529
64538
64551
64589
64596
64631
64652
64657
64670
64671
64673
64674
64679
64680
64689
64699
64712
64724
64728
64733
64746
64749
64751
64876
64952
64955
64961
64962
64975
64986
65014
65015
65035
65056
65059
65068
65078
65083
65118
65128
65181
65223
65316
65325
65353
65425
65432
65457
65586
65670
65720
65729
65757
65859
65913
66047
66410
66464
66541
66637
66641
66774
66838
66974
67029
67054
67061
67073
67115
67133
67135
67176
67300
67344
67421
67453
67496
67524
67526
67527
67532
67573
67644
67688
67703
67756
67798
67800
67840
67843
67855
67857
67858
67871
67964
67969
68030
68085
68116
68150
68151
68208
68215
68235
68236
68279
68298
68302
68346
68439
68540
68558
68600
68657
68701
68744
68746
68835
68836
68883
68899
68903
68925
68953
68955
68956
68967
68980
69077
69085
69134
69151
69154
69161
69181
69204
69302
69396
69401
69405
69407
69418
69427
69435
69444
69470
69475
69534
69536
69564
69583
69590
69594
69602
69611
69631
69633
69657
69663
69696
69699
69707
69716
69720
69721
69724
69746
69747
69753
69764
69768
69777
69785
69799
69811
69862
69867
69868
69872
69892
69948
69956
69966
69967
70004
70109
70136
70138
70142
70155
70156
70157
70162
70174
70187
70192
70193
70209
70227
70240
70241
70264
70269
70275
70277
70295
70311
70315
70316
70373
70400
70403
70410
70432
70460
70462
70490
70497
70511
70512
70519
70542
70547
70550
70649
70650
70655
70662
70665
70670
70681
70687
70719
70738
70761
70784
70791
70817
70834
70881
70895
70913
70927
70962
70964
71021
71022
71045
71057
71101
71185
71277
71314
71315
71411
71412
71420
71514
71530
71599
71615
71616
71714
71721
71737
71860
71881
71988
72019
72026
72027
72032
72060
72066
72068
72069
72082
72215
72217
72251
72255
72259
72261
72271
72277
72302
72331
72358
72366
72369
72373
72389
72424
72514
72535
72536
72651
72672
72685
72722
72774
72878
72883
72936
72978
73043
73049
73151
73210
73211
73331
73407
73566
73572
73600
73699
73700
73733
74024
74086
74173
74180
74194
74199
74346
74496
74656
74763
74770
74934
74936
75028
75076
75161
75230
75244
75322
75338
75361
75366
75369
75370
75417
75421
75431
75485
75486
76010
76081
76086
76104
76295
76304
76328
76387
76396
76405
76419
76424
76455
76478
76489
76513
76516
76589
76657
76709
76729
76752
76753
76780
76790
76793
76801
76803
76806
76817
76820
76832
76837
76847
76889
76892
76923
76932
76941
77063
77125
77133
77168
77197
77221
77223
77245
77258
77261
77425
77496
77511
77523
77524
77542
77561
77581
77589
77747
77841
77846
77850
77950
78032
78076
78127
78149
78192
78203
78220
78221
78225
78227
78231
78232
78332
78374
78381
78406
78431
78432
78437
78447
78458
78475
78478
78479
78553
78556
78629
78693
78699
78702
78726
78991
78992
78997
79005
79012
79013
79033
79037
79044
79076
79100
79104
79110
79221
79224
79232
79256
79266
79272
79290
79351
79361
79377
79391
79437
79502
79505
79512
79541
79543
79592
79598
79600
79621
79630
79636
79639
79668
79680
79710
79722
79727
79757
79776
79790
79841
79843
79858
79907
80043
80045
80049
80062
80070
80075
80119
80128
80131
80169
80175
80195
80234
80243
80247
80276
80335
80342
80355
80369
80405
80441
80449
80465
80475
80487
80502
80503
80511
80528
80538
80546
80561
80586
80590
80600
80617
80618
80624
80643
80645
80653
80663
80664
80668
80671
80674
80680
80722
80726
80731
80733
80736
80737
80740
80743
80744
80755
80759
80763
80764
80775
80783
80837
80838
80844
80851
80852
80857
80862
80870
80872
80884
80898
80899
80913
80916
80919
80920
80923
80924
80929
80930
80948
81023
81059
81103
81141
81152
81163
81166
81184
81185
81189
81190
81214
81215
81262
81285
81314
81329
81350
81371
81434
81442
81464
81479
81480
81674
81679
81890
82124
82125
82164
82334
82336
82426
82481
82540
82567
82568
82587
82591
82605
82606
82611
82670
82684
82687
82688
82698
82703
82704
82708
82740
82760
82772
82798
82799
83076
83244
83340
83341
83359
83384
83771
83790
83809
83810
83811
83813
83993
83998
84012
84017
84022
84029
84036
84125
84126
84256
84262
84273
84276
84286
84298
84476
84481
84484
84519
84534
84636
84639
84677
84685
84714
84893
85356
85471
85552
85676
85683
85685
85686
85687
85689
85697
85743
85750
85751
85757
85761
85762
85763
85767
85817
85829
85832
85834
85836
85852
