21
51
53
55
80
81
83
93
109
111
128
135
149
167
193
203
209
213
214
220
241
261
289
311
312
335
337
352
366
391
399
405
446
459
462
489
497
511
541
561
586
587
588
603
610
624
634
659
675
677
771
802
813
842
843
851
858
920
922
926
936
942
946
954
974
980
1004
1022
1030
1046
1120
1128
1156
1166
1168
1174
1182
1228
1230
1236
1310
1320
1336
1353
1405
1407
1413
1427
1453
1466
1468
1477
1481
1487
1489
1501
1510
1512
1526
1537
1551
1557
1567
1601
1609
1631
1637
1640
1668
1680
1684
1714
1720
1740
1750
1768
1773
1775
1782
1798
1804
1829
1849
1878
1890
1908
1912
1924
1948
1962
1969
2003
2010
2031
2052
2094
2108
2122
2134
2182
2184
2206
2214
2216
2234
2238
2248
2253
2296
2298
2306
2310
2319
2333
2339
2346
2393
2403
2423
2425
2440
2507
2513
2519
2527
2627
2629
2637
2639
2653
2671
2685
2697
2699
2706
2714
2716
2740
2746
2770
2771
2805
2813
2821
2823
2829
2862
2878
2884
2886
2890
2893
2904
2930
2992
3002
3012
3037
3041
3073
3100
3121
3159
3161
3181
3217
3219
3225
3268
3278
3294
3300
3310
3311
3331
3339
3377
3395
3430
3434
3438
3451
3456
3495
3508
3516
3518
3520
3522
3527
3529
3536
3538
3540
3546
3554
3579
3598
3632
3647
3652
3654
3680
3710
3712
3736
3742
3774
3800
3809
3826
3836
3844
3866
3879
3897
3918
3922
3928
3962
3964
3974
3990
3994
3998
4013
4021
4046
4065
4080
4100
4124
4152
4158
4168
4197
4217
4237
4247
4255
4312
4326
4338
4350
4366
4380
4390
4392
4394
4396
4402
4404
4406
4410
4422
4448
4451
4466
4480
4497
4520
4546
4566
4590
4601
4606
4611
4639
4660
4721
4738
4783
4797
4808
4810
4815
4846
4850
4871
4886
4890
4914
4916
4918
4928
4931
4941
4942
5025
5043
5063
5089
5099
5145
5194
5195
5205
5207
5223
5226
5227
5271
5275
5281
5293
5298
5321
5324
5338
5413
5421
5423
5447
5508
5521
5525
5531
5533
5537
5541
5555
5567
5605
5617
5653
5659
5679
5685
5687
5689
5734
5736
5796
5810
5838
5919
5926
5935
5949
5952
5963
5989
5999
6020
6050
6095
6097
6110
6128
6152
6157
6166
6198
6220
6222
6230
6261
6265
6272
6274
6290
6291
6304
6327
6342
6366
6378
6406
6413
6416
6428
6453
6477
6521
6523
6536
6552
6588
6591
6592
6603
6615
6620
6626
6640
6662
6668
6670
6676
6718
6720
6726
6746
6758
6773
6790
6825
6831
6833
6841
6868
6870
6874
6880
6882
6938
6957
6969
6976
7000
7005
7038
7042
7048
7060
7061
7095
7141
7157
7159
7166
7170
7176
7190
7195
7247
7261
7263
7271
7279
7301
7340
7348
7388
7412
7420
7429
7434
7439
7443
7446
7452
7454
7463
7467
7477
7493
7507
7513
7555
7559
7561
7575
7583
7587
7602
7645
7647
7662
7682
7689
7692
7694
7709
7711
7716
7718
7738
7740
7755
7768
7817
7834
7839
7855
7859
7861
7884
7907
7923
7931
7943
7957
7966
7972
7976
7994
7998
8030
8044
8098
8100
8108
8142
8150
8176
8179
8188
8199
8207
8256
8273
8275
8280
8286
8290
8291
8302
8309
8312
8328
8339
8340
8343
8354
8365
8373
8385
8410
8428
8434
8445
8456
8461
8480
8482
8487
8497
8522
8530
8548
8554
8556
8557
8558
8567
8571
8575
8592
8630
8640
8648
8664
8674
8676
8688
8712
8713
8720
8727
8747
8751
8753
8756
8814
8854
8860
8864
8882
8912
8984
8990
8996
9056
9064
9132
9184
9236
9256
9268
9274
9288
9292
9304
9314
9328
9336
9370
9372
9388
9392
9398
9410
9434
9440
9442
9490
9492
9502
9512
9530
9538
9540
9542
9548
9564
9572
9578
9582
9590
9608
9626
9698
9700
9702
9712
9716
9724
9734
9740
9782
9824
9828
9863
9893
9905
9927
9977
9981
9987
10009
10015
10023
10027
10029
10039
10065
10073
10127
10167
10183
10191
10223
10225
10231
10235
10243
10245
10249
10255
10267
10299
10303
10315
10331
10347
10363
10385
10391
10401
10409
10413
10441
10445
10459
10473
10505
10511
10517
10519
10549
10557
10563
10571
10593
10601
10609
10635
10639
10659
10663
10689
10693
10715
10725
10727
10733
10767
10805
10809
10833
10853
10881
10891
10905
10909
10935
10967
10983
10995
10999
11023
11041
11061
11065
11085
11087
11091
11105
11119
11153
11175
11185
11199
11217
11287
11291
11309
11319
11327
11335
11343
11381
11383
11407
11425
11435
11437
11471
11475
11495
11517
11519
11525
11539
11541
11569
11599
11635
11639
11651
11685
11709
11713
11717
11723
11737
11759
11761
11781
11815
11843
11855
11867
11885
11887
11893
11897
11901
11907
11983
11993
12013
12019
12027
12029
12041
12053
12057
12060
12089
12093
12119
12139
12191
12209
12211
12231
12285
12309
12327
12337
12353
12355
12367
12373
12379
12387
12395
12419
12421
12467
12471
12489
12491
12497
12499
12511
12525
12551
12595
12629
12631
12659
12745
12771
12775
12801
12831
12849
12851
12875
12883
12899
12923
12957
12963
12967
12985
13013
13027
13031
13095
13107
13149
13163
13175
13203
13205
13213
13235
13241
13258
13261
13296
13304
13332
13344
13356
13362
13400
13432
13462
13486
13496
13498
13500
13532
13534
13544
13562
13570
13576
13582
13588
13604
13610
13638
13640
13644
13658
13664
13668
13672
13678
13702
13718
13722
13732
13754
13766
13770
13786
13790
13820
13828
13842
13862
13868
13890
13898
13904
14038
14056
14060
14072
14076
14082
14124
14164
14174
14176
14178
14198
14210
14214
14216
14218
14224
14230
14236
14248
14260
14288
14312
14370
14380
14420
14442
14484
14522
14528
14540
14546
14554
14576
14580
14594
14602
14629
14647
14649
14657
14697
14705
14721
14745
14747
14751
14753
14755
14773
14775
14797
14819
14833
14879
14881
14905
14919
14923
14929
14931
14941
14959
14961
14967
14975
15005
15019
15043
15053
15073
15109
15141
15191
15193
15205
15247
15301
15323
15329
15407
15411
15429
15431
15435
15453
15467
15485
15487
15507
15521
15525
15539
15545
15557
15575
15589
15601
15613
15653
15661
15691
15711
15749
15755
15761
15797
15799
15803
15805
15833
15847
15851
15861
15923
15927
15931
15943
15959
15985
15989
16051
16065
16069
16099
16129
16149
16161
16169
16201
16209
16211
16245
16253
16265
16273
16279
16351
16353
16357
16361
16383
16395
16443
16487
16491
16497
16533
16575
16579
16601
16617
16637
16655
16663
16671
16721
16725
16735
16739
16753
16757
16765
16771
16807
16829
16865
16873
16883
16891
16901
16929
16945
17003
17013
17015
17027
17039
17043
17099
17139
17163
17181
17219
17221
17223
17229
17237
17241
17267
17314
17340
17352
17424
17426
17430
17432
17482
17490
17500
17526
17552
17586
17592
17606
17610
17620
17628
17652
17688
17696
17710
17730
17732
17758
17762
17778
17782
17796
17802
17810
17828
17830
17856
17870
17882
17884
17888
17918
17948
17964
17992
18002
18012
18014
18022
18028
18042
18048
18052
18064
18076
18096
18098
18104
18110
18112
18116
18144
18146
18176
18202
18206
18212
18220
18230
18240
18250
18278
18320
18332
18362
18368
18402
18408
18412
18430
18434
18438
18448
18458
18510
18514
18532
18566
18594
18596
18598
18604
18616
18624
18626
18629
18635
18637
18683
18714
18744
18752
18754
18758
18775
18777
18780
18784
18817
18832
18850
18862
18880
18891
18895
18898
18922
18943
18951
18992
18999
19011
19022
19030
19043
19070
19103
19134
19141
19144
19156
19161
19166
19170
19172
19190
19222
19228
19258
19283
19331
19357
19374
19386
19402
19414
19434
19486
19496
19520
19522
19524
19529
19533
19568
19573
19579
19592
19612
19615
19625
19665
19671
19702
19704
19739
19747
19753
19762
19784
19790
19809
19817
19876
19882
19899
19913
19919
19921
19929
19953
19963
19986
19992
19994
20005
20007
20018
20034
20042
20059
20060
20066
20073
20083
20088
20090
20094
20103
20115
20123
20125
20127
20142
20146
20150
20174
20195
20202
20220
20237
20242
20248
20265
20279
20295
20296
20297
20299
20307
20324
20328
20336
20338
20351
20364
20377
20405
20408
20410
20418
20422
20431
20434
20440
20444
20456
20457
20467
20472
20480
20488
20514
20516
20520
20529
20537
20551
20554
20556
20573
20610
20615
20628
20629
20630
20634
20642
20645
20650
20657
20658
20661
20698
20699
20702
20703
20707
20708
20723
20735
20758
20760
20771
20775
20781
20784
20799
20811
20812
20813
20817
20824
20830
20840
20843
20859
20862
20867
20880
20888
20892
20893
20895
20896
20903
20939
20940
20963
20965
20966
20982
20988
21019
21023
21027
21031
21055
21087
21109
21139
21152
21167
21171
21175
21206
21212
21218
21221
21242
21243
21254
21268
21271
21272
21290
21295
21317
21333
21336
21350
21364
21408
21415
21425
21427
21439
21443
21448
21480
21484
21514
21544
21546
21580
21646
21653
21661
21665
21688
21716
21771
21774
21784
21797
21799
21800
21804
21808
21826
21835
21838
21852
21856
21888
21890
21905
21910
21945
21947
21966
21981
22032
22033
22039
22071
22083
22084
22088
22095
22100
22105
22107
22127
22129
22132
22137
22143
22146
22153
22159
22166
22189
22199
22211
22213
22229
22248
22262
22263
22265
22275
22311
22319
22346
22352
22364
22372
22379
22384
22403
22424
22450
22453
22475
22495
22499
22516
22522
22539
22550
22577
22579
22593
22605
22607
22619
22623
22651
22666
22701
22713
22745
22751
22753
22758
22774
22786
22806
22816
22818
22840
22842
22846
22851
22857
22864
22868
22885
22945
22949
22955
22958
22979
22991
23018
23026
23037
23042
23095
23119
23125
23149
23155
23246
23248
23318
23324
23328
23332
23336
23343
23356
23390
23404
23437
23455
23459
23461
23491
23495
23497
23514
23541
23551
23555
23565
23575
23579
23619
23625
23641
23653
23663
23677
23687
23695
23699
23707
23712
23718
23737
23755
23767
23777
23781
23793
23795
23820
23841
23862
23871
23876
23893
23900
23920
23922
23926
23936
23948
24011
24027
24039
24049
24077
24085
24097
24103
24113
24163
24175
24185
24195
24202
24223
24239
24273
24286
24314
24316
24324
24326
24330
24332
24372
24409
24440
24468
24485
24495
24543
24573
24577
24581
24643
24659
24661
24691
24699
24747
24771
24787
24853
24873
24907
24917
24919
24947
24949
24971
24982
24983
25032
25043
25059
25083
25087
25095
25099
25105
25109
25119
25128
25136
25150
25156
25158
25174
25176
25201
25213
25225
25226
25241
25247
25249
25261
25277
25291
25293
25323
25333
25335
25336
25346
25351
25358
25381
25383
25400
25417
25423
25435
25439
25442
25447
25455
25462
25489
25497
25511
25514
25522
25524
25550
25592
25645
25662
25686
25736
25781
25784
25798
25804
25806
25812
25818
25859
25864
25869
25912
25931
25939
25945
25949
25969
25985
25987
25995
26014
26023
26027
26046
26065
26079
26081
26092
26112
26162
26173
26175
26182
26189
26199
26210
26234
26254
26278
26282
26297
26313
26339
26343
26350
26372
26375
26381
26389
26415
26421
26423
26425
26432
26442
26454
26464
26480
26492
26526
26545
26555
26557
26565
26581
26583
26635
26641
26643
26644
26645
26675
26699
26736
26739
26753
26761
26765
26799
26807
26828
26835
26837
26853
26875
26901
26919
26926
26929
26944
26976
26984
26988
26992
26999
27017
27027
27035
27039
27045
27059
27085
27090
27098
27118
27120
27124
27142
27154
27162
27168
27200
27207
27215
27251
27263
27341
27349
27356
27436
27445
27448
27463
27465
27475
27487
27489
27493
27529
27548
27560
27570
27571
27578
27586
27590
27591
27596
27598
27599
27628
27641
27645
27653
27705
27709
27728
27747
27797
27808
27839
27846
27853
27860
27862
27869
27877
27887
27903
27928
27931
27964
27966
27980
27996
28034
28056
28082
28093
28103
28105
28107
28115
28118
28119
28157
28168
28178
28180
28192
28196
28214
28230
28247
28265
28278
28279
28286
28288
28307
28309
28311
28313
28327
28336
28342
28344
28381
28410
28413
28479
28490
28559
28568
28571
28596
28600
28604
28609
28619
28631
28633
28639
28645
28653
28665
28667
28675
28683
28695
28723
28749
28750
28820
28862
28863
28871
28888
28900
28902
28937
28943
28948
28954
28964
28970
28977
28980
28982
28995
29017
29018
29021
29027
29034
29049
29069
29091
29107
29120
29125
29135
29137
29155
29168
29181
29190
29196
29221
29238
29250
29268
29278
29290
29302
29306
29315
29325
29332
29348
29352
29353
29364
29378
29380
29382
29386
29393
29396
29413
29414
29419
29425
29446
29453
29455
29460
29472
29512
29527
29541
29575
29583
29589
29608
29621
29633
29643
29645
29657
29670
29672
29678
29688
29724
29736
29748
29754
29763
29769
29792
29798
29800
29806
29808
29814
29837
29840
29844
29869
29877
29883
29885
29899
29906
29916
29920
29939
29956
29970
29978
29987
30009
30043
30067
30068
30092
30110
30114
30135
30151
30165
30177
30179
30193
30203
30205
30239
30241
30253
30261
30276
30285
30314
30318
30331
30335
30339
30347
30373
30375
30424
30426
30430
30434
30461
30475
30477
30490
30520
30522
30528
30530
30538
30558
30570
30578
30587
30589
30597
30603
30605
30629
30647
30651
30685
30713
30715
30719
30737
30766
30768
30793
30811
30820
30830
30840
30848
30860
30908
30912
30932
30934
30936
30937
30938
30952
30954
30962
30974
30976
30993
31015
31082
31101
31102
31120
31142
31153
31162
31164
31172
31177
31199
31215
31221
31231
31233
31275
31291
31305
31309
31317
31365
31367
31372
31380
31394
31402
31410
31430
31434
31458
31474
31488
31512
31516
31542
31544
31550
31572
31584
31618
31622
31626
31628
31634
31641
31675
31681
31719
31741
31743
31755
31758
31764
31792
31799
31801
31811
31871
31875
31877
31883
31989
31993
32001
32041
32065
32089
32093
32115
32133
32159
32183
32187
32193
32212
32244
32252
32262
32270
32300
32312
32330
32353
32375
32393
32412
32413
32423
32433
32452
32464
32472
32478
32497
32524
32526
32547
32552
32558
32631
32637
32690
32692
32716
32736
32738
32766
32775
32788
32813
32817
32818
32828
32836
32845
32869
32872
32874
32890
32896
32917
32924
32927
32936
32941
32949
32979
32982
32994
32998
33013
33015
33020
33026
33034
33035
33045
33047
33050
33057
33059
33082
33088
33091
33106
33107
33118
33129
33137
33149
33163
33164
33165
33173
33176
33179
33186
33192
33193
33198
33204
33208
33217
33220
33238
33243
33256
33259
33265
33294
33323
33325
33338
33382
33388
33402
33412
33437
33438
33440
33460
33464
33492
33494
33502
33545
33552
33564
33574
33587
33602
33606
33626
33636
33638
33642
33663
33697
33699
33725
33734
33761
33791
33797
33799
33818
33849
33881
33885
33923
33942
33971
33981
34027
34033
34041
34066
34080
34090
34094
34098
34103
34113
34115
34122
34127
34136
34143
34172
34181
34199
34206
34230
34258
34281
34284
34295
34314
34333
34335
34341
34343
34345
34348
34352
34353
34359
34370
34397
34399
34422
34428
34434
34438
34450
34461
34463
34499
34501
34549
34564
34571
34577
34590
34592
34618
34688
34716
34724
34738
34749
34755
34756
34782
34789
34813
34822
34838
34860
34862
34863
34864
34899
34903
34939
34951
34992
35018
35043
35099
35111
35124
35147
35149
35153
35174
35188
35198
35214
35230
35252
35284
35290
35292
35305
35337
35367
35369
35375
35385
35399
35403
35410
35412
35431
35433
35437
35444
35446
35452
35468
35477
35481
35507
35522
35528
35540
35582
35587
35589
35593
35598
35615
35653
35657
35689
35700
35708
35731
35740
35748
35757
35787
35789
35796
35802
35825
35845
35875
35876
35970
35983
36043
36064
36080
36109
36188
36197
36295
36347
36359
36389
36394
36397
36408
36453
36495
36496
36673
36772
36801
36806
36814
36927
37079
37101
37102
37121
37134
37304
37305
37325
37330
37348
37373
37374
37512
37713
37729
37748
37795
37883
37905
38036
38039
38042
38047
38064
38076
38078
38080
38125
38126
38158
38163
38211
38234
38280
38295
38297
38308
38312
38333
38335
38339
38376
38399
38415
38471
38591
38615
38645
38705
38717
38780
38807
38867
38913
38949
38967
38988
38997
39003
39006
39024
39066
39093
39120
39153
39154
39155
39215
39235
39236
39256
39302
39345
39455
39463
39466
39483
39682
39689
39712
39726
39735
39746
39791
39853
39878
39949
39999
40116
40141
40162
40163
40164
40202
40203
40247
40248
40262
40287
40377
40390
40400
40402
40408
40415
40418
40420
40574
40577
40600
40624
40723
40743
40931
41071
41076
41078
41130
41154
41159
41175
41187
41196
41213
41219
41248
41257
41265
41267
41268
41273
41307
41351
41354
41358
41363
41415
41441
41456
41507
41519
41532
41537
41551
41553
41555
41558
41563
41624
41627
41629
41634
41690
41698
41700
41713
41861
41867
41868
42035
42048
42056
42183
42190
42193
42238
42240
42242
42245
42271
42273
42295
42315
42319
42328
42342
42345
42353
42361
42362
42366
42397
42408
42413
42417
42435
42478
42495
42528
42532
42542
42556
42627
42628
42753
42758
42790
42799
42804
42829
42855
42870
42873
42892
42895
42897
42903
42904
42906
42911
42914
42917
42939
42955
43010
43030
43072
43092
43116
43144
43227
43234
43235
43286
43299
43315
43338
43340
43342
43363
43366
43388
43455
43458
43459
43465
43489
43490
43540
43551
43579
43580
43737
43744
43758
43769
43786
43788
43847
43864
43865
43885
43886
43900
43905
43921
43929
43933
43955
43963
43991
44021
44031
44037
44050
44057
44078
44094
44119
44120
44143
44144
44159
44170
44223
44224
44239
44242
44297
44306
44443
44457
44510
44515
44530
44557
44588
44634
44645
44651
44746
44751
44754
44766
44825
44838
44843
44844
44845
44922
44943
44988
44995
44998
45006
45012
45026
45032
45034
45040
45046
45064
45065
45070
45088
45096
45108
45114
45124
45135
45145
45153
45166
45223
45300
45328
45329
45376
45410
45467
45588
45607
45609
45614
45660
45678
45884
45893
45894
45895
45901
45922
45924
46198
46429
46475
46505
46581
46610
46611
46740
46756
46895
47014
47028
47169
47252
47256
47348
47485
47603
47639
47654
47780
47799
47806
47997
48033
48047
48140
48224
48227
48365
48367
48389
48421
48467
48488
48507
48546
48554
48565
48568
48591
48596
48690
48840
48864
48865
49079
49129
49172
49296
49402
49424
49448
49475
49484
49496
49502
49527
49553
49583
49598
49613
49618
49653
49734
49749
49863
49873
49964
49969
49986
49989
50065
50066
50296
50306
50333
50374
50390
50398
50428
50429
50432
50437
50455
50456
50467
50538
50552
50571
50573
50594
50609
50616
50627
50677
50687
50729
50757
50768
50773
50781
50815
50855
50857
50875
50885
50911
50927
50934
50935
50957
50979
50983
51024
51027
51028
51035
51052
51079
51088
51089
51143
51150
51153
51163
51181
51207
51221
51233
51247
51254
51266
51275
51317
51327
51329
51419
51428
51431
51535
51536
51542
51627
51666
51688
51797
51821
51893
51899
51910
51922
51955
51997
52013
52016
52024
52032
52042
52046
52055
52064
52090
52092
52102
52128
52139
52150
52154
52160
52169
52183
52199
52202
52203
52206
52225
52231
52276
52312
52313
52355
52364
52366
52368
52373
52376
52390
52401
52405
52406
52424
52442
52466
52501
52509
52518
52522
52537
52547
52554
52588
52604
52614
52618
52662
52680
52690
52697
52699
52705
52738
52758
52778
52792
52807
52826
52864
52878
52884
52889
52928
52932
52933
52938
52943
52952
52961
52965
52995
53004
53006
53009
53018
53025
53026
53039
53049
53068
53096
53097
53110
53114
53120
53121
53123
53129
53130
53147
53172
53190
53193
53194
53203
53210
53213
53221
53226
53248
53270
53279
53298
53303
53314
53318
53323
53327
53337
53339
53341
53347
53366
53371
53373
53376
53405
53410
53420
53421
53426
53436
53439
53443
53446
53449
53452
53464
53475
53476
53574
53577
53578
53591
53593
53620
53662
53674
53707
53720
53727
53736
53742
53744
53749
53752
53771
53779
53801
53802
53804
53809
53841
53847
53849
53854
53859
53862
53871
53890
53902
53915
53925
53936
53947
53964
53979
53984
53988
53990
53993
54013
54034
54049
54053
54055
54057
54065
54089
54108
54111
54117
54132
54143
54152
54158
54162
54163
54175
54187
54211
54216
54221
54227
54234
54236
54249
54267
54268
54270
54297
54306
54307
54316
54345
54363
54366
54373
54378
54381
54391
54400
54404
54406
54410
54412
54418
54421
54425
54427
54434
54452
54453
54502
54514
54516
54517
54523
54526
54528
54550
54551
54560
54562
54566
54574
54582
54583
54588
54595
54597
54613
54634
54651
54655
54661
54663
54667
54670
54676
54702
54703
54740
54765
54769
54776
54778
54796
54797
54807
54821
54835
54847
54852
54858
54860
54865
54878
54882
54900
54902
54907
54925
54930
54936
54991
55003
55019
55021
55022
55027
55054
55055
55072
55080
55081
55092
55110
55120
55123
55127
55134
55135
55140
55148
55154
55178
55188
55196
55232
55235
55245
55250
55268
55284
55312
55314
55319
55326
55339
55348
55361
55383
55384
55396
55400
55405
55429
55514
55517
55528
55530
55546
55574
55719
55726
55754
55762
55781
55825
55846
55850
55855
55866
55887
55903
55927
55929
55934
55940
55941
55947
55952
55961
55968
55995
56053
56063
56067
56090
56098
56145
56151
56176
56181
56186
56422
56423
56461
56468
56474
56478
56480
56485
56495
56586
56703
56764
56806
56903
57122
57167
57235
57337
57668
57721
57737
57749
57792
57805
57820
57829
57835
57995
58005
58006
58007
58012
58033
58034
58095
58099
58120
58169
58170
58172
58182
58186
58194
58234
58249
58264
58274
58301
58364
58382
58397
58403
58478
58504
58512
58516
58522
58529
58602
58663
58665
58668
58673
58693
58696
58697
58750
58786
58822
58851
58854
58858
58877
58942
58986
59009
59104
59176
59200
59301
59466
59475
59481
59485
59516
59562
59569
59585
59612
59663
59666
59689
59690
59702
59738
59749
59779
59780
59804
59856
59862
59974
60033
60061
60081
60090
60124
60132
60151
60160
60190
60192
60199
60200
60227
60233
60236
60244
60280
60306
60307
60405
60682
60729
60802
60848
60849
60858
60859
60862
60887
60888
60899
60912
60913
60917
60925
60958
61022
61057
61058
61059
61105
61129
61135
61139
61213
61295
61310
61312
61313
61321
61327
61337
61364
61370
61383
61512
61536
61537
61575
61601
61604
61615
61640
61773
61776
61778
61781
61785
61939
61969
62018
62019
62029
62168
62173
62209
62227
62252
62255
62268
62328
62464
62578
62651
62652
62681
62687
62693
62696
62717
62748
62755
62805
62818
62835
62839
62842
62858
62859
62860
62875
62938
63157
63266
63268
63277
63288
63305
63319
63383
63390
63391
63413
63425
63426
63439
63467
63507
63522
63535
63779
63801
63861
64004
64007
64015
64042
64066
64084
64133
64213
64237
64248
64312
64332
64387
64394
64406
64411
64451
64654
64667
64698
64699
64722
64729
64733
64745
64840
64863
64906
64925
64955
64961
64986
65059
65080
65083
65090
65125
65135
65137
65145
65178
65185
65285
65317
65322
65325
65428
65503
65670
65720
65860
65872
65896
65908
65909
65938
65958
66140
66245
66275
66329
66339
66465
66544
66684
66686
66798
66807
66829
66864
66939
66950
66952
67002
67012
67016
67048
67052
67053
67056
67059
67061
67070
67077
67078
67079
67132
67135
67178
67186
67187
67200
67204
67300
67335
67344
67381
67455
67460
67529
67595
67628
67686
67714
67752
67798
67799
67840
67858
67898
67964
67990
68025
68026
68106
68145
68169
68208
68209
68237
68240
68269
68328
68439
68558
68559
68701
68706
68730
68744
68747
68871
68873
68876
68880
68881
68899
68946
68948
68952
68967
69002
69078
69153
69164
69172
69176
69186
69255
69256
69295
69298
69300
69311
69368
69369
69370
69374
69417
69419
69443
69450
69460
69462
69469
69538
69566
69579
69622
69626
69654
69670
69690
69700
69701
69722
69746
69782
69787
69798
69847
69875
69928
69938
69941
69956
69982
70004
70045
70054
70095
70137
70140
70144
70158
70162
70173
70181
70183
70190
70195
70196
70237
70264
70272
70314
70356
70358
70365
70366
70369
70374
70414
70417
70436
70457
70469
70500
70528
70529
70532
70540
70549
70558
70567
70571
70609
70645
70646
70654
70655
70662
70664
70676
70677
70694
70708
70710
70738
70751
70754
70769
70790
70870
70877
70895
70912
70919
70922
70931
70933
70967
70971
71002
71091
71100
71180
71185
71257
71312
71348
71349
71363
71410
71411
71496
71558
71570
71577
71588
71605
71606
71612
71615
71662
71737
71880
71883
71909
71987
72018
72029
72062
72069
72072
72127
72141
72164
72216
72256
72269
72271
72288
72290
72303
72324
72362
72364
72390
72424
72444
72452
72483
72490
72514
72519
72528
72532
72564
72569
72665
72672
72738
72846
72848
72850
72910
72919
72955
72962
72969
73008
73134
73175
73236
73278
73304
73444
73532
73558
73608
73699
73754
73789
73810
73879
73912
74024
74100
74183
74194
74358
74496
74550
74659
74838
74889
74895
74904
74933
74935
74938
74981
75004
75017
75084
75086
75238
75243
75272
75279
75390
75467
75668
75706
75815
75911
76145
76150
76169
76189
76214
76262
76290
76306
76321
76368
76421
76491
76513
76595
76648
76654
76706
76712
76746
76751
76779
76782
76790
76793
76849
76888
76890
76892
76906
76918
76960
76992
77030
77040
77133
77172
77192
77195
77196
77214
77219
77224
77227
77252
77259
77411
77454
77460
77498
77525
77531
77537
77562
77577
77587
77590
77614
77630
77676
77688
77755
77822
77825
78032
78079
78081
78086
78093
78202
78204
78230
78232
78329
78330
78373
78374
78386
78391
78404
78477
78489
78549
78557
78574
78684
78991
78997
79007
79038
79045
79115
79139
79233
79256
79258
79265
79276
79310
79344
79371
79377
79378
79496
79513
79583
79596
79619
79624
79635
79645
79670
79672
79681
79686
79711
79713
79750
79751
79756
79773
79791
79853
79858
79876
79892
79893
79908
79911
79912
80029
80034
80041
80044
80051
80100
80101
80114
80167
80168
80239
80245
80248
80251
80254
80257
80258
80288
80292
80330
80333
80335
80346
80403
80448
80455
80465
80468
80469
80475
80482
80484
80509
80534
80570
80572
80573
80587
80591
80617
80619
80621
80634
80643
80665
80669
80681
80694
80695
80711
80725
80728
80748
80763
80765
80832
80850
80875
80882
80913
80915
80918
80921
80923
80939
80949
80952
80953
80958
80972
80973
81021
81097
81113
81119
81124
81141
81159
81166
81177
81178
81179
81181
81199
81260
81267
81293
81304
81357
81364
81365
81379
81398
81454
81461
81673
81679
81704
81722
81971
82040
82337
82422
82442
82470
82479
82520
82583
82695
82702
82703
82706
82707
82715
82728
82731
82736
82739
82744
82760
82764
82772
82800
82803
82806
82977
82978
82980
83021
83022
83244
83246
83316
83325
83337
83339
83359
83706
83709
83812
83813
83815
83866
83872
83989
84005
84041
84054
84121
84125
84255
84258
84263
84273
84398
84402
84410
84418
84438
84474
84487
84488
84490
84491
84517
84530
84533
84537
84632
84657
84664
84665
84676
84677
84682
84694
84714
84722
84729
84866
84891
84894
84897
84984
85213
85305
85449
85506
85584
85600
85634
85677
85683
85689
85691
85694
85698
85713
85717
85720
85722
85723
85739
85752
85753
85759
85773
85777
85819
85820
85828
85834
85847
85852
85853
