15
21
29
53
239
290
415
424
426
456
549
942
950
968
996
1069
1075
1080
1198
1204
1218
1326
1365
1391
1423
1563
1625
1668
1748
1766
1770
1785
1804
2008
2171
2178
2456
2546
2585
2591
2593
2621
2695
2785
2994
2998
3123
3139
3167
3175
3207
3225
3327
3534
3560
3564
3650
3753
3879
3902
3990
3994
4023
4239
4262
4508
4538
4580
4590
4596
4600
4631
4639
4696
4855
4898
5004
5015
5109
5315
5354
5392
5535
5637
5641
5659
5794
5818
6000
6036
6079
6126
6150
6153
6273
6300
6419
6542
6740
6752
6826
6897
7007
7118
7132
7297
7382
7396
7436
7439
7495
7497
7547
7575
7602
7666
7732
7751
7786
7835
7884
7943
7945
7949
8034
8075
8164
8191
8230
8312
8327
8373
8398
8418
8472
8507
8682
8760
8824
8842
8860
8892
8964
8996
9086
9190
9256
9320
9490
9498
9542
9560
9574
9662
9776
9847
9867
9923
9931
9979
9987
10035
10131
10195
10217
10275
10331
10439
10681
10689
10925
11031
11105
11131
11175
11267
11449
11559
11901
12227
12323
12363
12387
12405
12407
12505
12561
12593
12605
12657
12819
12845
13135
13193
13253
13267
13362
13388
13544
13638
13720
13744
13756
13774
13800
13834
13898
13902
13920
13924
13966
14118
14132
14172
14180
14232
14260
14262
14344
14352
14378
14460
14486
14576
14659
14761
14859
14911
14917
14937
14961
14971
14981
15015
15041
15153
15339
15351
15749
15763
15903
15995
16075
16079
16125
16169
16173
16633
16729
16817
16829
17065
17119
17137
17189
17195
17275
17372
17382
17510
17536
17604
17666
17742
17790
17862
17904
17958
18010
18050
18076
18116
18594
18600
18610
18742
18760
18941
18981
18986
18988
19049
19076
19078
19126
19170
19172
19242
19303
19309
19386
19613
19747
19774
19897
19941
20081
20107
20137
20145
20176
20180
20200
20257
20283
20317
20319
20329
20364
20398
20418
20485
20509
20525
20532
20627
20693
20786
20878
20896
21069
21242
21267
21274
21307
21405
21409
21416
21458
21498
21500
21502
21585
21744
21748
21771
21808
21832
21890
21998
22127
22229
22250
22267
22281
22286
22306
22343
22479
22487
22489
22520
22581
22707
22856
22999
23101
23121
23210
23218
23270
23304
23487
23573
23789
23888
24045
24179
24294
24306
24422
24659
24669
24757
24817
24934
24975
25040
25071
25301
25465
25760
25926
25937
25999
26055
26085
26313
26423
26432
26617
26646
26697
26722
26907
26919
26958
26978
26986
27033
27343
27387
27573
27611
27693
27729
27793
27994
28074
28123
28230
28232
28298
28367
28389
28407
28408
28440
28502
28524
28645
28657
28744
28875
28985
29089
29103
29205
29209
29258
29325
29362
29363
29372
29439
29484
29485
29499
29503
29537
29588
29695
29822
29922
30062
30112
30296
30324
30342
30389
30530
30760
30880
30892
31056
31102
31164
31168
31361
31370
31470
31558
31592
31596
31648
31782
31927
31941
31949
31999
32037
32045
32063
32095
32167
32199
32284
32318
32371
32412
32503
32526
32543
32650
32754
32812
32854
32878
33067
33204
33217
33233
33253
33279
33281
33310
33323
33360
33580
33594
33608
33701
33814
33881
33961
34158
34172
34359
34407
34482
34545
34555
34562
34837
34851
34917
35427
35458
35524
35680
35829
36252
36378
36473
36526
36813
36935
37507
37510
37612
37712
37875
38044
38123
38127
38130
38266
38299
38331
38979
39481
39542
39683
39794
39796
39913
39976
40140
40248
40261
40405
40448
40700
40712
40753
41104
41252
41567
42320
42344
42361
42417
42424
42506
42614
42668
42801
42885
42915
42955
43330
43351
43363
43466
43685
43760
43906
44742
44849
44937
44963
44982
45110
46018
46419
46454
46474
46652
46895
46975
47306
47378
47614
48487
48553
49079
49376
49484
49486
50057
50339
50529
50566
50636
50732
50805
50828
50883
50936
50944
50963
50976
50979
50982
50999
51036
51122
51137
51143
51296
51534
51707
51953
51974
51981
51999
52009
52051
52069
52088
52102
52135
52209
52214
52227
52367
52386
52473
52528
52537
52618
52770
52840
52881
52998
53100
53120
53244
53253
53257
53347
53409
53416
53522
53584
53655
53675
53723
53736
53764
53904
53944
53990
54074
54108
54142
54174
54277
54289
54327
54355
54362
54425
54510
54547
54558
54678
54736
54742
54785
55008
55125
55169
55212
55337
55338
55379
55526
56051
56124
56181
56416
56446
56448
57831
58099
58265
58288
58300
58307
58311
58506
58725
59009
59199
59472
59945
59971
60142
60285
61056
61151
61218
61346
61778
61791
61815
62002
62274
62647
62755
62840
62865
63235
63309
63696
64233
64410
64520
64589
64592
64658
64662
64681
64799
65060
65084
65250
65324
65457
65736
65897
66145
66151
66245
66924
66953
67078
67115
67185
67385
67421
67525
67691
67769
67812
68892
68897
68924
68969
69143
69183
69310
69476
69609
70161
70162
70168
70283
70432
70461
70528
70555
70566
70639
70744
70746
70761
70910
71045
71576
71673
72023
72067
72155
72251
72260
72388
72425
72428
72611
72717
73139
73351
74182
74938
75018
75019
75142
75366
75368
75478
76111
76253
76455
76685
76923
77226
77250
77478
77550
78104
78296
78876
78971
79002
79020
79337
79374
79385
79539
79554
79661
79721
79751
79847
80071
80179
80333
80437
80518
80614
80728
80974
80995
81003
81097
81320
82483
82544
82553
82567
82672
83788
83873
83987
83997
84005
84017
84437
84519
84716
84730
84868
85585
85688
85723
85755
85780
85819
85849
