31
43
53
89
91
93
98
126
127
128
137
147
184
207
221
223
225
254
290
291
292
314
320
329
333
352
374
395
437
469
481
491
509
533
541
543
555
557
563
578
584
643
647
653
665
677
691
705
733
745
751
762
764
780
823
833
865
867
912
918
926
928
934
954
956
962
978
996
1020
1022
1026
1032
1054
1058
1071
1073
1083
1088
1132
1166
1196
1206
1212
1232
1240
1254
1260
1294
1312
1314
1324
1330
1334
1359
1381
1419
1433
1435
1457
1503
1510
1512
1522
1551
1557
1583
1589
1599
1642
1652
1662
1664
1670
1674
1678
1686
1710
1750
1756
1784
1785
1787
1802
1808
1818
1829
1831
1833
1859
1934
1938
1999
2003
2005
2027
2028
2033
2034
2038
2040
2054
2064
2088
2098
2102
2114
2130
2138
2140
2142
2169
2171
2193
2197
2198
2200
2225
2236
2250
2255
2270
2297
2302
2309
2314
2321
2327
2329
2345
2350
2363
2374
2375
2383
2388
2435
2449
2455
2457
2462
2544
2553
2635
2641
2653
2710
2756
2758
2772
2774
2779
2785
2817
2858
2860
2862
2870
2890
2899
2902
2903
2905
2907
2910
2922
2946
2948
2960
2980
2990
3000
3014
3032
3053
3059
3086
3105
3119
3125
3133
3171
3221
3227
3229
3231
3274
3334
3393
3411
3455
3469
3522
3525
3529
3540
3574
3575
3590
3600
3618
3624
3647
3650
3652
3670
3678
3692
3698
3728
3734
3736
3746
3748
3759
3773
3774
3795
3799
3800
3805
3817
3846
3854
3893
3918
3928
3930
3953
3958
3972
3980
3988
4034
4046
4047
4052
4062
4070
4086
4108
4110
4114
4120
4128
4132
4166
4192
4215
4271
4275
4279
4312
4402
4432
4451
4472
4476
4491
4493
4495
4508
4510
4523
4576
4588
4614
4625
4631
4666
4696
4702
4707
4739
4746
4760
4762
4780
4797
4808
4809
4815
4821
4838
4842
4850
4856
4861
4871
4872
4906
4931
4962
4970
4984
4986
4990
4994
5000
5002
5012
5029
5034
5039
5067
5069
5075
5083
5087
5105
5133
5135
5137
5147
5159
5162
5170
5195
5199
5224
5229
5233
5241
5257
5261
5271
5326
5334
5336
5342
5352
5360
5366
5368
5379
5381
5392
5394
5400
5437
5440
5460
5464
5469
5516
5541
5551
5555
5567
5569
5599
5609
5649
5671
5677
5684
5685
5691
5723
5758
5770
5802
5818
5843
5848
5858
5865
5868
5871
5894
5907
5930
5936
5957
6000
6002
6007
6014
6034
6043
6085
6086
6087
6095
6103
6107
6117
6130
6138
6145
6157
6178
6192
6198
6206
6220
6248
6257
6259
6274
6301
6303
6319
6332
6336
6341
6368
6374
6380
6388
6393
6434
6445
6451
6461
6472
6494
6513
6525
6531
6546
6552
6581
6588
6591
6599
6603
6619
6650
6652
6658
6660
6682
6696
6738
6750
6788
6790
6811
6816
6834
6853
6878
6886
6887
6938
6946
6952
6957
6958
6975
7003
7020
7022
7040
7060
7073
7097
7101
7104
7107
7108
7112
7119
7124
7137
7145
7190
7206
7212
7241
7253
7257
7271
7272
7309
7326
7331
7332
7337
7360
7390
7410
7414
7433
7456
7472
7477
7497
7538
7565
7569
7575
7580
7601
7614
7616
7617
7637
7670
7673
7683
7689
7705
7726
7732
7760
7772
7778
7784
7798
7802
7831
7857
7870
7895
7927
7939
7955
7990
8012
8022
8030
8034
8040
8045
8054
8063
8079
8084
8094
8112
8132
8136
8158
8162
8182
8201
8238
8239
8265
8290
8302
8316
8325
8334
8339
8348
8383
8386
8399
8410
8412
8414
8420
8432
8462
8463
8469
8482
8528
8530
8540
8550
8572
8601
8624
8670
8688
8712
8758
8766
8772
8790
8792
8807
8838
8852
8870
8900
8926
8956
8968
8976
8996
9004
9008
9016
9020
9038
9042
9050
9124
9130
9132
9136
9142
9150
9164
9174
9198
9202
9234
9306
9308
9310
9342
9360
9380
9410
9420
9424
9428
9454
9456
9462
9474
9486
9524
9526
9534
9546
9548
9560
9582
9620
9636
9646
9658
9704
9718
9720
9722
9728
9734
9782
9798
9800
9804
9814
9841
9855
9857
9861
9865
9875
9881
9887
9909
9921
9929
9933
9957
9983
9987
9997
10001
10033
10045
10049
10053
10061
10083
10087
10119
10127
10229
10233
10235
10275
10281
10285
10291
10315
10359
10369
10391
10409
10473
10481
10495
10537
10561
10577
10585
10589
10613
10623
10627
10637
10649
10663
10691
10723
10745
10761
10765
10773
10789
10803
10821
10837
10841
10845
10849
10881
10895
10903
10905
10907
10949
10975
10987
11029
11095
11113
11115
11161
11167
11183
11215
11239
11249
11259
11307
11315
11319
11337
11341
11349
11365
11367
11379
11383
11393
11423
11433
11435
11455
11457
11485
11519
11537
11545
11577
11581
11583
11589
11595
11617
11635
11641
11657
11661
11675
11693
11727
11733
11741
11819
11827
11881
11889
11897
11905
11929
11967
11981
11991
12007
12031
12041
12055
12069
12119
12141
12149
12163
12165
12171
12175
12191
12199
12201
12207
12213
12257
12293
12321
12329
12331
12339
12369
12393
12401
12429
12439
12445
12449
12457
12483
12501
12571
12575
12591
12609
12613
12617
12625
12627
12649
12653
12671
12681
12689
12697
12705
12709
12711
12713
12715
12733
12735
12739
12755
12769
12791
12807
12829
12891
12917
12939
12979
12995
13005
13009
13017
13031
13039
13087
13089
13091
13093
13101
13115
13135
13189
13205
13217
13225
13243
13276
13294
13332
13334
13342
13352
13388
13402
13436
13458
13530
13532
13534
13564
13576
13598
13620
13624
13644
13724
13730
13738
13746
13770
13774
13784
13794
13806
13812
13814
13818
13824
13826
13856
13896
13898
13910
13922
13974
13976
14004
14018
14056
14076
14078
14086
14100
14128
14176
14204
14208
14212
14230
14232
14244
14248
14270
14288
14316
14324
14342
14352
14356
14368
14382
14386
14390
14406
14436
14440
14460
14464
14488
14522
14532
14534
14576
14580
14594
14617
14625
14637
14639
14645
14653
14673
14677
14693
14707
14721
14723
14725
14737
14749
14765
14789
14809
14823
14827
14867
14869
14873
14875
14891
14903
14917
14921
14939
14941
14943
14949
14951
15001
15037
15049
15057
15063
15089
15099
15109
15113
15123
15125
15163
15179
15245
15259
15261
15279
15281
15293
15323
15393
15409
15439
15465
15467
15487
15505
15507
15511
15519
15525
15555
15565
15567
15575
15583
15587
15589
15611
15613
15639
15665
15675
15677
15687
15729
15731
15773
15785
15795
15805
15821
15831
15853
15883
15899
15909
15911
15915
15981
15997
16001
16013
16021
16051
16079
16085
16103
16109
16121
16177
16185
16187
16205
16239
16243
16247
16249
16257
16267
16289
16299
16325
16367
16381
16383
16397
16423
16437
16451
16467
16487
16509
16521
16541
16551
16569
16577
16609
16637
16645
16667
16679
16699
16709
16727
16741
16755
16761
16799
16811
16813
16827
16835
16837
16839
16853
16857
16869
16891
16913
16921
16947
16961
16995
16997
17051
17071
17089
17111
17113
17115
17123
17179
17191
17199
17237
17243
17292
17304
17314
17316
17320
17344
17346
17414
17444
17468
17474
17476
17482
17500
17514
17520
17530
17536
17546
17606
17612
17634
17636
17642
17652
17664
17680
17692
17702
17730
17752
17814
17858
17874
17882
17902
17906
17920
17952
17988
17994
18040
18046
18054
18064
18124
18142
18150
18164
18180
18182
18196
18208
18226
18238
18242
18246
18270
18300
18318
18350
18372
18434
18438
18446
18450
18460
18470
18490
18536
18546
18556
18566
18576
18594
18602
18612
18621
18642
18643
18679
18700
18706
18712
18716
18784
18812
18823
18834
18838
18844
18895
18902
18928
18945
18954
18988
18992
19036
19041
19047
19087
19099
19105
19115
19124
19126
19135
19139
19141
19146
19149
19150
19154
19165
19166
19198
19220
19270
19277
19302
19303
19316
19317
19321
19323
19325
19333
19342
19366
19368
19392
19404
19406
19461
19516
19579
19606
19613
19619
19669
19673
19678
19686
19712
19723
19739
19753
19794
19804
19807
19809
19826
19836
19870
19880
19886
19897
19901
19913
19934
19950
19975
19976
19986
20005
20007
20026
20032
20041
20062
20068
20072
20074
20083
20097
20121
20132
20139
20159
20168
20184
20190
20198
20199
20205
20221
20224
20225
20229
20230
20232
20241
20244
20245
20246
20272
20274
20288
20311
20328
20340
20348
20374
20401
20405
20410
20418
20440
20443
20444
20447
20454
20461
20470
20486
20499
20507
20525
20561
20565
20566
20571
20576
20578
20580
20595
20597
20607
20612
20625
20630
20631
20633
20635
20639
20641
20649
20680
20687
20688
20712
20714
20718
20719
20720
20733
20736
20755
20762
20822
20841
20846
20850
20865
20869
20877
20897
20904
20906
20910
20932
20934
20959
20966
20968
20970
20988
21003
21007
21023
21057
21075
21101
21107
21118
21128
21134
21152
21171
21181
21185
21198
21207
21210
21213
21220
21225
21246
21248
21254
21255
21259
21264
21271
21292
21307
21314
21321
21328
21331
21356
21359
21363
21370
21374
21379
21380
21381
21385
21388
21389
21402
21411
21415
21416
21418
21462
21474
21476
21531
21542
21546
21550
21555
21570
21576
21614
21620
21652
21653
21655
21661
21671
21713
21725
21742
21778
21784
21812
21860
21873
21875
21893
21912
21925
21934
21945
21949
21953
21973
21979
21981
21992
22004
22020
22033
22035
22097
22099
22105
22121
22124
22125
22128
22154
22168
22173
22176
22183
22217
22244
22254
22256
22258
22262
22267
22302
22310
22319
22334
22336
22346
22352
22368
22371
22372
22375
22388
22401
22408
22421
22429
22443
22457
22461
22462
22467
22485
22526
22537
22539
22601
22639
22640
22644
22647
22668
22681
22698
22709
22755
22772
22790
22847
22849
22863
22881
22889
22904
22910
22912
22919
22941
22947
22954
22960
22975
22997
23014
23018
23024
23037
23055
23063
23069
23085
23087
23115
23133
23135
23139
23149
23159
23167
23179
23189
23226
23266
23270
23284
23310
23316
23326
23341
23374
23378
23380
23394
23400
23406
23431
23433
23439
23458
23463
23465
23467
23471
23487
23509
23521
23523
23531
23547
23565
23583
23585
23589
23597
23637
23659
23673
23723
23727
23737
23738
23745
23747
23759
23769
23791
23820
23860
23869
23882
23886
23890
23902
23912
23914
23920
23940
23951
24001
24023
24025
24045
24047
24051
24061
24069
24075
24085
24101
24107
24109
24155
24171
24185
24189
24193
24211
24227
24233
24243
24247
24261
24304
24342
24366
24384
24393
24409
24444
24454
24466
24475
24491
24505
24511
24523
24533
24551
24555
24567
24573
24587
24589
24593
24595
24601
24603
24609
24617
24623
24627
24659
24675
24681
24699
24703
24729
24743
24747
24767
24807
24819
24851
24889
24901
24917
24941
24944
24947
24951
24961
24973
24982
24986
24992
25030
25213
25217
25219
25225
25263
25275
25287
25295
25339
25349
25356
25373
25395
25413
25419
25433
25439
25453
25487
25512
25524
25560
25578
25586
25592
25596
25604
25609
25635
25649
25670
25694
25698
25704
25742
25746
25755
25763
25782
25804
25808
25877
25882
25892
25906
25920
25973
25985
26001
26016
26020
26025
26033
26041
26048
26055
26079
26096
26102
26108
26124
26128
26166
26183
26186
26198
26209
26216
26222
26236
26238
26256
26260
26268
26286
26289
26295
26311
26332
26346
26352
26362
26375
26383
26434
26436
26456
26464
26486
26531
26543
26551
26553
26565
26573
26603
26615
26621
26641
26657
26661
26693
26709
26726
26728
26730
26737
26739
26743
26749
26759
26763
26791
26824
26826
26837
26863
26869
26892
26944
26956
26958
26976
26988
26992
26997
27015
27021
27031
27039
27043
27045
27051
27053
27061
27073
27075
27112
27116
27128
27138
27160
27170
27180
27184
27195
27232
27238
27243
27253
27277
27286
27292
27316
27318
27322
27339
27357
27367
27382
27396
27427
27455
27463
27491
27497
27503
27509
27523
27566
27578
27581
27593
27594
27603
27611
27622
27626
27639
27643
27659
27692
27707
27753
27759
27767
27784
27805
27809
27817
27846
27855
27862
27873
27885
27902
27924
27926
27954
27979
27992
28004
28021
28059
28061
28077
28082
28087
28103
28105
28109
28121
28157
28208
28221
28224
28245
28278
28325
28334
28336
28350
28359
28363
28383
28384
28387
28397
28401
28406
28410
28411
28428
28471
28475
28502
28506
28510
28516
28518
28522
28526
28543
28554
28561
28584
28592
28600
28604
28619
28628
28641
28655
28659
28665
28693
28697
28732
28739
28754
28763
28779
28789
28809
28814
28844
28871
28877
28918
28937
28956
28959
28968
28975
28980
28990
29015
29043
29065
29101
29133
29162
29168
29186
29192
29194
29221
29225
29231
29254
29270
29276
29288
29304
29317
29337
29340
29345
29359
29362
29363
29365
29369
29374
29380
29381
29386
29408
29418
29447
29460
29476
29500
29510
29517
29545
29563
29571
29592
29593
29611
29615
29625
29627
29628
29660
29662
29674
29688
29721
29722
29728
29732
29738
29796
29800
29841
29842
29866
29885
29910
29950
29951
29972
29989
29991
29993
30003
30014
30026
30053
30086
30102
30110
30165
30167
30179
30187
30197
30200
30207
30213
30215
30230
30241
30245
30278
30310
30318
30322
30339
30363
30369
30383
30397
30418
30447
30459
30491
30509
30524
30540
30568
30570
30601
30605
30610
30627
30651
30660
30709
30732
30735
30748
30754
30764
30775
30777
30814
30854
30872
30884
30888
30926
30956
30962
30976
30980
30989
31003
31068
31074
31075
31076
31104
31106
31112
31132
31136
31155
31168
31173
31182
31184
31185
31187
31193
31229
31231
31235
31245
31249
31253
31257
31281
31289
31305
31327
31349
31367
31368
31380
31422
31444
31446
31464
31466
31476
31478
31528
31552
31580
31582
31584
31586
31596
31598
31618
31630
31634
31635
31654
31670
31673
31691
31692
31699
31701
31703
31705
31713
31741
31745
31762
31765
31770
31796
31797
31801
31807
31821
31823
31841
31877
31879
31935
31999
32085
32097
32115
32131
32159
32167
32189
32199
32203
32208
32230
32254
32268
32312
32314
32324
32326
32340
32350
32352
32357
32375
32397
32411
32420
32426
32437
32462
32474
32476
32487
32493
32495
32514
32528
32533
32541
32547
32548
32554
32556
32607
32609
32618
32635
32645
32654
32655
32665
32692
32696
32702
32710
32726
32729
32731
32738
32746
32758
32773
32779
32797
32804
32811
32812
32815
32818
32843
32849
32871
32888
32896
32911
32922
32928
32952
32960
32971
32976
32978
32984
32995
33003
33018
33019
33022
33026
33033
33036
33039
33050
33051
33069
33096
33101
33104
33117
33123
33129
33135
33136
33143
33146
33155
33170
33195
33208
33214
33239
33246
33247
33250
33286
33299
33305
33308
33323
33360
33367
33369
33402
33414
33420
33435
33438
33456
33470
33482
33500
33510
33525
33529
33590
33599
33665
33669
33689
33703
33719
33728
33736
33744
33748
33771
33787
33791
33831
33853
33913
33938
33971
33981
33985
34009
34015
34031
34047
34053
34054
34084
34090
34093
34106
34107
34136
34137
34150
34158
34161
34183
34191
34195
34197
34222
34224
34230
34233
34237
34243
34267
34269
34281
34295
34297
34317
34327
34355
34362
34368
34372
34387
34426
34448
34455
34464
34499
34511
34521
34527
34553
34566
34567
34574
34591
34604
34644
34649
34658
34678
34688
34694
34710
34714
34718
34724
34753
34758
34761
34767
34769
34771
34776
34800
34827
34839
34845
34856
34871
34893
34895
34896
34901
34903
34935
34951
34969
34978
35024
35047
35079
35081
35102
35110
35113
35126
35128
35130
35147
35153
35172
35214
35222
35234
35274
35300
35311
35317
35323
35387
35393
35404
35412
35425
35432
35438
35446
35450
35454
35462
35464
35481
35501
35502
35504
35509
35522
35526
35538
35566
35576
35582
35583
35585
35591
35592
35597
35598
35603
35615
35628
35635
35647
35673
35696
35698
35701
35714
35727
35729
35738
35778
35781
35898
35970
36008
36024
36039
36063
36223
36274
36295
36307
36343
36371
36389
36408
36423
36476
36497
36625
36702
36703
36771
36777
36780
37078
37101
37130
37164
37292
37307
37368
37373
37405
37437
37492
37511
37512
37559
37611
37710
37729
37748
37807
37859
37882
37911
37925
37938
37939
37950
38033
38034
38037
38044
38047
38081
38107
38128
38175
38255
38264
38301
38320
38335
38345
38348
38360
38378
38403
38409
38454
38469
38579
38588
38618
38654
38678
38714
38723
38732
38762
38780
38834
38849
38873
38922
38967
38988
39084
39087
39168
39202
39256
39286
39323
39457
39543
39619
39649
39687
39712
39718
39733
39789
39977
40141
40160
40175
40176
40190
40209
40231
40253
40278
40285
40290
40377
40420
40701
40723
40745
40807
40933
40978
41005
41083
41132
41159
41161
41170
41203
41222
41234
41247
41255
41264
41294
41323
41353
41359
41360
41365
41402
41411
41414
41456
41458
41459
41497
41502
41532
41539
41552
41556
41563
41565
41575
41602
41614
41615
41619
41624
41626
41692
41698
41701
41713
41851
41854
41951
42037
42049
42132
42177
42236
42246
42267
42289
42292
42301
42313
42316
42317
42321
42361
42374
42415
42424
42435
42528
42627
42644
42683
42756
42758
42760
42792
42799
42801
42803
42818
42821
42839
42844
42847
42892
42913
42916
42925
42931
42940
42950
42960
42998
43002
43035
43038
43058
43096
43098
43130
43135
43141
43152
43215
43217
43230
43235
43242
43243
43300
43302
43315
43317
43337
43343
43359
43368
43372
43537
43555
43565
43568
43614
43686
43743
43754
43759
43767
43793
43796
43865
43881
43906
43918
43932
43941
43944
43956
43957
43959
43960
43961
43971
43999
44000
44031
44032
44057
44068
44069
44091
44092
44105
44112
44119
44122
44137
44139
44148
44189
44202
44271
44339
44343
44346
44368
44389
44431
44457
44470
44512
44539
44562
44617
44630
44645
44672
44686
44687
44715
44738
44742
44759
44813
44814
44844
44846
44848
44853
44855
44873
44910
44937
44966
44990
45034
45042
45044
45046
45050
45065
45082
45089
45097
45107
45121
45123
45125
45148
45155
45166
45208
45223
45278
45315
45329
45331
45377
45425
45455
45463
45531
45566
45601
45602
45608
45899
45903
45926
46150
46166
46179
46180
46328
46330
46401
46475
46506
46603
46712
46833
46861
47169
47253
47267
47488
47523
47602
47619
47620
47681
47795
47799
47807
47873
48175
48208
48215
48228
48304
48391
48420
48513
48568
48605
48622
48624
48626
48649
48680
48693
48864
48980
49172
49339
49344
49390
49397
49416
49461
49470
49478
49479
49480
49497
49506
49512
49522
49613
49660
49697
49724
49739
49744
49749
49948
49989
50086
50114
50153
50154
50211
50269
50294
50301
50306
50399
50423
50437
50444
50448
50467
50472
50473
50475
50479
50489
50493
50552
50571
50593
50622
50645
50650
50661
50664
50682
50693
50696
50706
50711
50723
50729
50743
50756
50765
50772
50773
50800
50850
50854
50882
50895
50940
50946
50950
50951
50953
50957
50960
51020
51029
51041
51049
51052
51075
51092
51118
51156
51158
51173
51188
51198
51216
51238
51248
51266
51270
51275
51332
51430
51431
51475
51497
51628
51664
51698
51772
51802
51821
51885
51888
51902
51905
51908
51910
51929
51936
51942
51955
51967
51974
51979
51980
51982
51996
51997
52008
52034
52038
52047
52054
52068
52098
52134
52143
52148
52157
52172
52180
52209
52210
52276
52278
52286
52292
52312
52320
52342
52354
52357
52360
52363
52374
52390
52401
52405
52406
52421
52427
52440
52442
52444
52445
52451
52452
52458
52469
52475
52476
52480
52494
52520
52522
52528
52540
52551
52586
52591
52603
52609
52610
52613
52618
52663
52669
52670
52679
52705
52723
52732
52745
52749
52751
52773
52793
52799
52816
52819
52820
52824
52857
52877
52878
52886
52902
52913
52914
52922
52934
52945
52946
52947
52949
52953
52956
52958
52961
52962
52975
53007
53014
53018
53023
53027
53039
53099
53117
53122
53124
53132
53150
53168
53170
53171
53179
53181
53207
53209
53212
53215
53227
53229
53249
53273
53295
53299
53353
53354
53360
53362
53365
53384
53388
53400
53401
53429
53466
53474
53570
53579
53592
53623
53624
53629
53631
53632
53637
53646
53652
53660
53669
53670
53676
53703
53705
53706
53714
53727
53730
53761
53777
53782
53796
53841
53869
53875
53878
53908
53936
53943
53956
53962
53965
53966
53986
53990
54034
54037
54047
54052
54054
54067
54073
54074
54076
54079
54087
54111
54113
54129
54146
54154
54159
54191
54194
54198
54203
54213
54215
54218
54229
54236
54292
54293
54298
54306
54309
54313
54319
54325
54359
54380
54389
54411
54417
54430
54433
54437
54446
54451
54455
54462
54502
54509
54527
54532
54537
54553
54564
54571
54573
54592
54616
54639
54650
54656
54659
54689
54695
54703
54708
54713
54723
54727
54736
54745
54753
54762
54767
54771
54786
54795
54802
54808
54821
54822
54823
54831
54838
54841
54843
54845
54861
54867
54907
54908
54932
54994
55001
55015
55021
55032
55053
55067
55071
55072
55073
55080
55102
55108
55130
55139
55162
55165
55183
55189
55193
55205
55217
55220
55242
55253
55269
55271
55275
55279
55307
55316
55318
55324
55330
55340
55342
55345
55355
55357
55359
55368
55382
55384
55388
55389
55392
55395
55407
55429
55507
55508
55520
55522
55733
55754
55782
55829
55857
55868
55871
55904
55932
55946
55950
55955
56045
56051
56064
56068
56079
56080
56081
56087
56118
56129
56153
56157
56176
56230
56253
56383
56440
56452
56454
56462
56479
56480
56484
56486
56488
56490
56497
56535
56565
56703
56903
57163
57192
57228
57251
57266
57320
57340
57656
57686
57718
57720
57798
57804
57808
57822
57831
57994
58012
58016
58021
58036
58040
58041
58088
58094
58096
58097
58122
58176
58181
58185
58237
58263
58270
58279
58287
58294
58308
58309
58314
58356
58359
58382
58389
58440
58601
58646
58662
58682
58687
58711
58769
58771
58787
58835
58889
58920
59009
59052
59175
59316
59357
59361
59362
59372
59374
59384
59445
59458
59460
59462
59471
59477
59481
59497
59524
59586
59591
59611
59630
59632
59635
59696
59699
59706
59747
59767
59778
59787
59804
59815
59825
59829
59856
59859
59879
59883
59921
59967
59975
59993
60138
60142
60160
60162
60191
60196
60200
60203
60214
60239
60249
60270
60280
60291
60293
60301
60347
60389
60454
60464
60579
60586
60612
60709
60799
60864
60874
60876
60893
60918
60919
60957
61048
61063
61071
61099
61108
61132
61199
61201
61210
61220
61295
61314
61315
61326
61327
61328
61336
61342
61365
61487
61511
61512
61601
61639
61736
61739
61773
61814
61816
61817
61891
61965
62018
62118
62171
62209
62219
62231
62305
62318
62321
62328
62362
62386
62559
62566
62671
62672
62673
62728
62772
62793
62850
62855
62861
62898
62902
62906
63107
63153
63222
63277
63288
63318
63319
63369
63384
63395
63419
63467
63490
63491
63523
63533
63538
63586
63658
63796
63879
63952
64007
64013
64041
64042
64084
64103
64105
64108
64109
64148
64233
64236
64391
64437
64498
64595
64602
64625
64676
64677
64678
64761
64799
64814
64821
64961
64963
64975
65011
65015
65034
65054
65084
65091
65114
65121
65131
65134
65171
65174
65175
65199
65221
65233
65251
65322
65335
65337
65345
65430
65491
65521
65757
65839
65859
65898
65992
66044
66465
66468
66541
66685
66686
66772
66774
66811
66816
66848
66933
66946
67003
67016
67046
67056
67067
67073
67077
67109
67131
67209
67228
67242
67389
67444
67454
67533
67536
67541
67569
67571
67594
67595
67634
67686
67709
67710
67715
67722
67737
67755
67769
67815
67852
67857
68025
68162
68209
68257
68278
68353
68366
68404
68698
68706
68740
68746
68747
68764
68767
68871
68877
68881
68884
68885
68888
68889
68892
68898
68899
68907
68939
68941
68942
68958
68969
68977
69024
69059
69079
69142
69144
69150
69174
69184
69202
69204
69258
69275
69294
69301
69363
69367
69374
69396
69397
69399
69406
69411
69427
69443
69451
69470
69473
69538
69593
69595
69603
69624
69627
69645
69646
69648
69656
69670
69674
69701
69730
69753
69772
69773
69777
69796
69798
69849
69852
69862
69864
69865
69871
69874
69880
69930
69942
69947
69982
70053
70054
70106
70109
70133
70139
70143
70144
70155
70160
70166
70214
70215
70230
70239
70241
70264
70268
70272
70289
70292
70310
70326
70349
70365
70403
70432
70448
70484
70505
70530
70543
70545
70546
70550
70551
70552
70566
70569
70584
70601
70615
70622
70640
70652
70682
70687
70717
70720
70745
70751
70752
70828
70829
70834
70838
70896
70909
70924
70932
70967
71002
71007
71045
71056
71065
71096
71124
71168
71180
71181
71185
71312
71342
71381
71531
71533
71569
71571
71604
71605
71608
71616
71659
71717
71719
71723
71725
71726
71856
71859
71873
71897
71900
72018
72029
72058
72071
72141
72196
72248
72255
72324
72336
72363
72390
72391
72421
72426
72434
72447
72530
72570
72618
72624
72657
72658
72665
72785
72849
72855
72917
72959
72978
73009
73043
73048
73131
73132
73136
73141
73151
73201
73202
73211
73236
73274
73280
73304
73305
73457
73466
73529
73531
73532
73556
73626
73683
73747
73754
73755
73768
73945
74023
74041
74048
74550
74578
74623
74624
74627
74771
74783
74934
74935
74939
74942
74977
75017
75025
75028
75031
75106
75143
75145
75178
75207
75251
75389
75390
75417
75485
75667
75674
75901
75907
76099
76105
76106
76152
76170
76178
76215
76218
76235
76254
76281
76292
76302
76375
76389
76418
76423
76435
76478
76480
76513
76516
76551
76588
76591
76655
76657
76669
76684
76709
76757
76768
76776
76779
76787
76790
76816
76848
76870
76880
76905
76915
76942
76962
76975
77169
77174
77176
77218
77230
77284
77285
77382
77405
77497
77515
77534
77554
77590
77790
77829
77882
77883
77928
77950
78031
78077
78151
78192
78203
78219
78232
78261
78267
78332
78380
78400
78405
78416
78427
78428
78451
78475
78479
78488
78534
78674
78699
78711
78987
78995
79006
79007
79008
79013
79021
79041
79048
79119
79128
79139
79207
79230
79238
79242
79256
79310
79313
79316
79333
79383
79434
79457
79482
79515
79538
79541
79542
79592
79598
79619
79635
79643
79647
79663
79673
79681
79686
79697
79699
79708
79739
79750
79787
79788
79789
79847
79875
79890
79893
79905
79908
79964
79970
80033
80036
80038
80045
80090
80120
80229
80230
80233
80236
80237
80242
80245
80258
80334
80404
80415
80465
80469
80483
80492
80511
80517
80528
80529
80533
80572
80573
80575
80583
80585
80587
80608
80615
80616
80624
80634
80635
80639
80641
80643
80649
80658
80685
80692
80712
80717
80725
80728
80743
80755
80765
80780
80837
80840
80847
80852
80857
80877
80878
80889
80894
80895
80900
80909
80913
80921
80926
80934
80992
81003
81009
81029
81098
81114
81129
81130
81152
81178
81183
81185
81200
81262
81267
81291
81296
81334
81339
81382
81397
81434
81464
81478
81574
81674
81706
81714
81972
82013
82125
82336
82424
82439
82443
82481
82483
82540
82543
82552
82553
82554
82576
82579
82585
82589
82591
82609
82675
82680
82685
82690
82693
82704
82716
82754
82802
82812
82976
83076
83319
83338
83339
83343
83359
83392
83707
83771
83870
83871
84000
84002
84007
84240
84259
84277
84281
84288
84292
84298
84400
84417
84478
84481
84482
84483
84487
84501
84634
84658
84680
84695
84866
84918
84987
84988
85212
85215
85306
85447
85582
85645
85666
85675
85676
85677
85707
85724
85726
85748
85759
85776
85780
85820
85821
85836
85849
