6
41
43
157
395
603
651
705
741
747
793
848
1084
1172
1476
1508
1514
1712
1744
1820
1964
1972
2098
2210
2306
2397
2449
2611
2697
2704
2742
3008
3092
3107
3185
3195
3233
3326
3363
3426
3790
3793
4068
4100
4159
4271
4332
4356
4548
4631
4656
4687
4776
4832
4922
5055
5127
5269
5296
5300
5304
5338
5415
5424
5427
5466
5490
5547
5575
5690
5708
6001
6222
6249
6358
6504
6532
6587
6604
6670
6897
6957
6975
7011
7026
7128
7317
7619
7633
7670
7714
7757
7766
7889
7935
7994
8325
8331
8371
8402
8408
8569
8654
8676
8743
8749
8760
8838
8892
8908
8948
9072
9112
9346
9472
9526
9678
9728
9744
9841
9879
9951
9961
10057
10081
10091
10101
10193
10337
10377
10417
10595
10623
10625
10663
10715
10773
10867
10869
10871
11069
11311
11389
11433
11463
11483
11665
11829
11843
11851
11901
12039
12097
12267
12385
12447
12499
12653
12687
12723
12729
12831
13025
13039
13233
13265
13330
13384
13498
13608
13662
13948
14034
14044
14082
14344
14370
14592
14665
14823
14845
14943
14991
15111
15189
15203
15357
15459
15505
15523
15737
15771
15815
15877
15917
15941
15947
16103
16193
16305
16329
16395
16397
16433
16575
16593
16599
16867
16961
17015
17033
17085
17091
17095
17251
17281
17496
17508
17510
17526
17676
17694
17766
17792
17800
18118
18224
18304
18358
18372
18458
18671
18788
18930
19022
19047
19117
19122
19238
19416
19496
19518
19646
19698
19721
19729
19782
19872
19948
19968
20048
20157
20160
20238
20329
20421
20441
20513
20649
20710
20735
20787
20920
21132
21154
21199
21228
21321
21419
21508
21727
22000
22079
22120
22332
22374
22419
22499
22676
22764
22838
22862
22883
22923
23033
23083
23161
23242
23250
23328
23336
23388
23491
23521
23735
24057
24225
24378
24411
24503
24631
24697
24765
24837
24863
24988
24990
25097
25154
25211
25325
25356
25402
25456
25479
25524
25552
25609
25662
25676
25740
25828
25908
25914
25931
25947
26037
26043
26154
26255
26305
26321
26461
26466
26587
26672
26745
26765
26782
26913
26934
26944
26960
27400
27408
27437
27475
27680
27759
27877
28046
28321
28369
28412
28524
28776
28785
28852
28886
28898
28987
29001
29135
29139
29168
29188
29203
29325
29329
29401
29410
29414
29533
29543
29606
29718
29832
29839
29857
29875
29932
30012
30223
30261
30314
30316
30490
30497
30552
30589
30595
30651
30678
30727
30937
30954
30962
30976
31045
31048
31077
31147
31151
31160
31177
31327
31422
31584
31588
31622
31741
31885
31915
31955
32005
32057
32061
32075
32091
32286
32292
32316
32322
32391
32397
32423
32430
32540
32620
32633
32659
32710
32734
32859
32904
32912
32914
32921
32953
32965
32978
33050
33124
33176
33183
33222
33249
33376
33468
33512
33535
33570
33585
33797
33831
33879
33961
34009
34138
34176
34214
34229
34299
34323
34389
34420
34494
34527
34538
34647
34650
34769
34774
34808
34817
34854
35230
35232
35250
35264
35286
35309
35375
35487
35538
35587
35599
35601
35661
35691
35757
35783
36057
36222
36569
36697
37410
37874
37950
38047
38128
38339
38343
38834
39039
39155
39434
39802
39999
40241
40283
40700
40974
40978
41209
41412
41465
41614
41656
41741
42313
42316
42345
42350
42415
42575
42620
42745
42784
42822
42829
42849
42873
42900
42901
42921
43143
43153
43224
43281
43387
43793
43860
43917
44037
44075
44081
44366
44394
44638
44752
44989
45024
45916
46017
46166
47348
47603
47827
48228
48546
48554
48618
48631
48655
49129
49386
49481
49744
50043
50265
50294
50303
50361
50632
50680
50681
50682
50770
50891
50960
51012
51263
51296
51589
51632
51977
52022
52029
52108
52127
52155
52215
52291
52386
52391
52418
52504
52536
52710
52750
52753
52779
52873
52892
52912
52940
52964
53147
53177
53184
53222
53238
53305
53308
53331
53361
53374
53390
53403
53578
53600
53614
53657
53669
53695
53778
53820
53827
53829
53835
54064
54076
54077
54135
54223
54260
54328
54345
54444
54521
54544
54570
54599
54608
54638
54650
54696
54779
54818
54857
54878
54903
54928
54929
55079
55127
55134
55143
55235
55248
55259
55289
55337
55376
55527
55554
55856
55940
55952
55978
56226
57999
58021
58029
58122
58291
58506
58657
58679
58684
58821
58849
58884
58951
58989
59163
59372
59586
59611
59749
60304
60355
60683
60882
61152
61198
61220
61222
61319
61788
61818
62277
62285
62644
62680
62728
62758
62836
62843
63222
63382
63432
63737
63739
64021
64109
64290
64593
64594
64706
65009
65077
66060
66256
66798
66944
67012
67056
67070
67074
67088
67336
67656
67710
68346
68366
68620
68658
68773
68951
68955
69169
69367
69472
69534
69551
69553
69589
69630
69912
69925
69932
70004
70049
70181
70196
70207
70227
70231
70498
70551
70565
70622
70790
70834
70961
70965
70967
71057
71294
71312
71513
71600
71673
71693
71708
71880
71883
72072
72217
72265
72420
72533
72996
73210
73813
74860
75449
76214
76417
76710
76763
77223
77535
78080
78172
78266
78403
78406
78530
78770
79021
79033
79040
79115
79266
79323
79337
79593
79609
79626
79665
79667
79673
79976
80231
80242
80251
80271
80291
80345
80404
80528
80561
80608
80688
80690
80736
80737
80738
80832
80843
80957
80964
80992
81197
81315
81486
82035
82125
82681
82688
82748
83322
83324
83359
83439
83808
83985
84046
84292
84406
84420
84639
85639
85686
85713
85716
85794
85821
