2
3
7
30
40
51
53
58
62
66
72
74
76
85
90
92
96
101
123
128
135
137
144
146
154
177
179
183
195
200
204
206
221
226
228
229
236
239
253
256
266
279
287
293
303
310
314
325
339
344
349
356
360
376
387
388
391
395
399
401
412
415
418
425
437
443
453
472
490
497
507
509
518
527
530
537
539
544
552
559
562
563
575
578
581
603
614
617
630
645
647
652
667
669
682
685
696
699
704
708
711
713
741
747
760
761
766
776
794
798
806
809
816
826
831
845
865
868
871
883
885
901
921
968
972
989
1007
1011
1019
1025
1038
1039
1055
1063
1074
1075
1080
1103
1116
1137
1143
1146
1152
1160
1172
1198
1200
1203
1205
1224
1226
1251
1253
1278
1282
1284
1293
1304
1308
1310
1316
1319
1330
1357
1361
1373
1384
1417
1458
1462
1474
1477
1495
1506
1513
1518
1537
1540
1543
1556
1571
1573
1590
1616
1626
1639
1642
1649
1659
1666
1696
1708
1720
1721
1725
1729
1754
1771
1776
1781
1807
1814
1823
1829
1840
1855
1858
1861
1864
1901
1926
1940
1945
1948
1973
1990
1994
2006
2016
2020
2024
2048
2057
2059
2063
2084
2103
2108
2124
2137
2144
2155
2156
2164
2173
2188
2212
2214
2218
2223
2228
2250
2254
2260
2299
2300
2302
2315
2317
2326
2329
2332
2349
2360
2368
2379
2381
2382
2405
2411
2434
2436
2450
2451
2463
2467
2508
2509
2520
2527
2549
2555
2564
2567
2575
2581
2585
2587
2595
2599
2603
2610
2624
2643
2663
2667
2669
2675
2689
2690
2714
2735
2739
2743
2744
2755
2759
2761
2762
2768
2781
2790
2824
2836
2841
2846
2861
2864
2868
2878
2879
2895
2899
2904
2908
2919
2924
2966
2974
2990
2999
3005
3010
3017
3033
3042
3064
3085
3094
3096
3098
3105
3107
3116
3122
3127
3130
3134
3135
3144
3152
3158
3174
3184
3198
3200
3205
3236
3242
3248
3250
3259
3279
3288
3300
3323
3334
3341
3349
3355
3359
3365
3372
3393
3404
3412
3423
3440
3455
3467
3470
3476
3508
3511
3524
3527
3528
3529
3536
3595
3618
3622
3623
3642
3650
3670
3673
3689
3698
3740
3750
3763
3777
3782
3785
3803
3812
3816
3833
3862
3899
3909
3954
3958
3973
3981
3987
3994
3998
4030
4035
4038
4040
4056
4060
4061
4064
4071
4076
4078
4082
4083
4121
4139
4171
4205
4210
4241
4253
4295
4306
4307
4314
4320
4335
4355
4384
4385
4395
4399
4407
4418
4434
4438
4447
4463
4465
4484
4495
4543
4551
4582
4607
4624
4657
4674
4683
4711
4714
4715
4718
4733
4738
4765
4789
4797
4798
4807
4814
4843
4846
4849
4865
4886
4911
4918
4933
4937
4943
4955
4974
4977
4980
4998
5009
5029
5031
5034
5048
5051
5058
5059
5062
5065
5068
5075
5081
5099
5100
5136
5153
5155
5161
5183
5184
5190
5192
5194
5201
5208
5215
5221
5225
5235
5239
5253
5255
5278
5285
5332
5354
5358
5381
5396
5433
5436
5444
5459
5474
5485
5492
5521
5531
5564
5565
5573
5582
5604
5642
5666
5668
5690
5707
5723
5749
5775
5776
5778
5786
5792
5794
5801
5803
5810
5814
5818
5822
5864
5882
5918
5933
5938
5965
5975
6002
6012
6028
6033
6040
6052
6053
6056
6060
6061
6070
6081
6084
6114
6115
6168
6170
6187
6196
6227
6234
6245
6254
6259
6278
6306
6308
6309
6311
6318
6342
6344
6357
6361
6366
6372
6374
6384
6393
6412
6418
6432
6436
6441
6447
6461
6485
6490
6526
6529
6543
6554
6577
6580
6612
6616
6627
6638
6643
6660
6692
6694
6723
6732
6750
6756
6775
6789
6826
6830
6860
6869
6879
6902
6932
6980
6986
7012
7026
7045
7047
7058
7060
7116
7126
7129
7130
7167
7174
7190
7227
7239
7256
7258
7274
7279
7282
7287
7294
7296
7302
7331
7349
7371
7383
7385
7399
7413
7420
7440
7450
7459
7461
7471
7476
7480
7483
7511
7512
7531
7587
7613
7615
7647
7665
7692
7712
7740
7752
7761
7763
7783
7807
7827
7874
7878
7881
7890
7896
7900
7916
7917
7924
7938
7951
7960
8002
8008
8012
8014
8025
8034
8055
8060
8118
8128
8131
8132
8136
8153
8169
8191
8221
8232
8271
8279
8300
8303
8306
8329
8334
8339
8364
8376
8390
8395
8424
8427
8434
8436
8450
8488
8518
8527
8551
8571
8581
8592
8621
8627
8630
8635
8651
8672
8708
8711
8712
8714
8726
8747
8756
8773
8783
8784
8787
8793
8822
8825
8837
8838
8841
8856
8861
8882
8884
8889
8923
8946
8967
8968
8988
9003
9018
9022
9026
9035
9049
9058
9060
9080
9084
9136
9150
9154
9169
9170
9171
9187
9199
9222
9224
9228
9231
9233
9242
9262
9272
9291
9300
9322
9370
9378
9469
9515
9519
9523
9533
9534
9575
9586
9589
9606
9614
9627
9657
9658
9665
9672
9735
9757
9767
9775
9779
9797
9806
9813
9836
9844
9861
9894
9905
9915
9957
9961
10026
10037
10041
10072
10107
10144
10168
10188
10206
10211
10225
10243
10251
10265
10271
10290
10306
10315
10325
10349
10351
10358
10376
10377
10390
10404
10432
10440
10471
10473
10477
10480
10501
10538
10548
10577
10605
10610
10613
10631
10642
10662
10677
10734
10742
10752
10778
10787
10807
10810
10821
10845
10847
10890
10898
10918
10964
10976
10979
10986
11003
11026
11091
11094
11111
11120
11133
11195
11199
11206
11239
11243
11252
11262
11271
11274
11286
11293
11294
11317
11342
11350
11394
11408
11419
11429
11435
11449
11464
11467
11468
11472
11474
11495
11503
11507
11511
11516
11528
11536
11538
11543
11553
11565
11568
11583
11593
11603
11615
11645
11679
11687
11694
11710
11712
11723
11732
11770
11801
11820
11871
11900
11903
11919
11945
11969
11971
12014
12035
12042
12045
12060
12080
12089
12094
12111
12113
12131
12135
12150
12186
12195
12202
12222
12223
12228
12263
12265
12270
12304
12311
12321
12324
12353
12365
12382
12387
12416
12429
12438
12448
12465
12477
12511
12530
12532
12538
12544
12553
12585
12631
12665
12672
12699
12711
12727
12736
12748
12752
12773
12781
12795
12797
12798
12832
12851
12852
12866
12867
12873
12885
12889
12891
12935
12957
12960
12966
12987
13001
13018
13043
13075
13088
13098
13156
13194
13208
13223
13231
13250
13278
13284
13286
13297
13311
13319
13327
13379
13393
13418
13453
13461
13463
13466
13477
13502
13505
13513
13526
13529
13530
13532
13553
13554
13555
13558
13591
13609
13677
13690
13710
13728
13738
13739
13767
13769
13825
13880
13882
13962
13963
13989
14006
14038
14057
14069
14074
14123
14125
14158
14174
14179
14185
14242
14246
14262
14280
14300
14315
14343
14393
14415
14437
14516
14533
14537
14551
14577
14603
14634
14638
14693
14711
14715
14722
14752
14785
14811
14822
14861
14866
14867
14914
14917
14920
14932
15054
15055
15069
15081
15116
15134
15156
15165
15173
15176
15196
15207
15260
15270
15273
15326
15364
15391
15400
15423
15431
15445
15446
15484
15493
15584
15602
15607
15609
15615
15667
15686
15699
15707
15714
15759
15770
15827
15837
15840
15843
15851
15860
15872
15901
15923
15926
15930
15959
15972
16056
16077
16080
16096
16099
16114
16130
16131
16132
16139
16170
16187
16189
16190
16196
16198
16212
16234
16238
16249
16251
16252
16260
16287
16289
16291
16340
16361
16367
16369
16377
16399
16440
16456
16460
16517
16575
16581
16599
16613
16622
16630
16653
16685
16769
16772
16782
16784
16795
16815
16834
16845
16860
16869
16895
16909
16912
16949
16961
17015
17036
17043
17044
17054
17070
17089
17141
17152
17156
17171
17176
17238
17258
17267
17325
17330
17351
17363
17365
17368
17370
17390
17424
17473
17489
17512
17519
17534
17543
17595
17604
17627
17652
17725
17759
17775
17799
17804
17828
17832
17852
17854
17856
17905
17936
17942
17948
17952
17984
17999
18003
18006
18029
18040
18060
18071
18081
18086
18092
18107
18123
18129
18147
18159
18176
18180
18218
18272
18283
18291
18304
18307
18311
18350
18354
18380
18383
18412
18434
18473
18481
18500
18519
18534
18539
18549
18555
18578
18583
18584
18606
18630
18654
18668
18689
18703
18706
18720
18722
18735
18743
18757
18768
18792
18798
18812
18818
18843
18882
18912
18937
18959
18965
18972
18985
19021
19037
19041
19049
19052
19059
19093
19118
19122
19128
19134
19149
19187
19190
19193
19197
19204
19249
19324
19431
19433
19447
19453
19478
19485
19528
19537
19538
19545
19567
19579
19592
19606
19616
19625
19639
19674
19678
19744
19759
19784
19836
19840
19843
19847
19860
19878
19917
19933
19941
19968
19988
19994
20020
20021
20065
20074
20080
20085
20094
20122
20127
20129
20142
20177
20180
20212
20226
20235
20292
20300
20322
20324
20326
20331
20335
20355
20364
20367
20368
20372
20386
20432
20451
20453
20458
20469
20490
20495
20500
20610
20633
20637
20671
20704
20717
20724
20740
20767
20773
20794
20834
20883
20900
20922
20925
20998
21009
21041
21049
21104
21148
21156
21176
21192
21196
21211
21227
21239
21254
21275
21317
21372
21374
21383
21385
21423
21431
21459
21468
21483
21512
21565
21605
21621
21647
21665
21680
21760
21771
21782
21784
21801
21802
21837
21851
21930
21973
21982
21992
21998
22033
22088
22130
22137
22183
22221
22239
22249
22261
22275
22291
22352
22359
22399
22422
22429
22441
22465
22471
22510
22529
22546
22552
22565
22657
22728
22750
22767
22785
22789
22799
22808
22813
22922
22942
22946
22967
22973
22974
23002
23024
23046
23055
23060
23076
23089
23119
23151
23156
23161
23172
23175
23197
23201
23226
23227
23233
23234
23236
23241
23244
23252
23270
23344
23347
23365
23366
23394
23439
23451
23464
23477
23482
23488
23503
23552
23564
23601
23603
23615
23697
23707
23730
23754
23755
23758
23765
23772
23813
23840
23872
23904
23906
23912
23913
23929
23931
23936
23946
23951
23957
23964
23981
23984
23995
24018
24020
24098
24099
24101
24126
24175
24198
24234
24254
24258
24264
24265
24276
24305
24311
24321
24329
24354
24358
24364
24411
24426
24461
24478
24479
24486
24522
24537
24555
24574
24584
24609
24619
24634
24638
24641
24658
24660
24663
24694
24704
24710
24782
24793
24797
24813
24824
24838
24870
24956
24957
24972
24975
25045
25060
25065
25069
25100
25104
25121
25138
25170
25235
25247
25313
25347
25368
25395
25404
25412
25415
25475
25544
25565
25572
25593
25598
25599
25624
25646
25664
25666
25689
25691
25709
25732
25748
25761
25812
25831
25848
25851
25853
25860
25877
25949
25967
25980
26002
26014
26028
26054
26094
26107
26128
26164
26188
26220
26308
26322
26357
26416
26456
26471
26517
26540
26569
26570
26609
26612
26625
26641
26647
26680
26687
26691
26723
26758
26809
26812
26821
26831
26840
26852
26857
26877
26878
26900
26922
26923
26928
26955
26995
26998
27013
27028
27059
27065
27080
27090
27106
27122
27123
27166
27192
27202
27339
27355
27360
27368
27408
27413
27430
27459
27481
27485
27496
27498
27526
27557
27597
27658
27704
27723
27730
27756
27775
27830
27860
27866
27869
27871
27916
27938
27995
28035
28042
28049
28071
28142
28150
28226
28236
28284
28288
28318
28335
28342
28363
28396
28421
28434
28458
28461
28516
28541
28590
28594
28614
28647
28655
28688
28731
28743
28745
28813
28836
28858
28894
28904
29021
29041
29046
29072
29078
29105
29118
29149
29228
29248
29257
29278
29291
29304
29373
29377
29421
29437
29446
29461
29470
29534
29598
29609
29613
29622
29650
29659
29687
29715
29717
29882
29884
29940
29953
29964
29973
29978
29985
29988
30000
30019
30026
30035
30083
30105
30111
30153
30165
30172
30194
30210
30280
30296
30342
30361
30371
30390
30409
30414
30434
30445
30459
30536
30538
30607
30621
30660
30666
30667
30689
30716
30725
30732
30747
30754
30779
30828
30835
30848
30864
30906
30914
30930
30962
30963
30982
30991
31012
31017
31037
31045
31060
31084
31131
31167
31172
31177
31262
31279
31311
31326
31347
31355
31371
31422
31426
31437
31463
31478
31504
31579
31602
31615
31632
31658
31663
31666
31791
31835
31874
31879
31956
31959
32027
32071
32087
32096
32225
32229
32241
32242
32250
32287
32301
32309
32314
32319
32332
32343
32409
32452
32479
32481
32498
32505
32515
32535
32598
32601
32604
32677
32704
32735
32773
32810
32843
32845
32886
32927
32932
32935
32937
32953
32997
33010
33030
33035
33056
33061
33093
33135
33162
33288
33293
33331
33347
33370
33383
33414
33521
33537
33566
33640
33690
33694
33710
33741
33826
33845
33851
33878
33890
33906
33969
34008
34017
34105
34121
34151
34170
34256
34309
34345
34361
34408
34425
34460
34463
34471
34518
34582
34589
34604
34660
34692
34695
34765
34800
34807
34823
34832
34912
34937
34941
34950
34973
35008
35058
35122
35128
35155
35255
35266
35302
35309
35354
35561
35660
35730
35787
35881
35890
35956
35977
35978
36021
36047
36086
36162
36167
36174
36176
36201
36300
36327
36333
36450
36452
36479
36484
36621
36627
36640
36657
36713
36717
36735
36811
36862
36954
36969
37001
37069
37074
37082
37090
37191
37197
37214
37259
37283
37311
37386
37399
37412
37413
37449
37568
37572
37582
37611
37804
37841
37844
37873
37912
37926
38019
38042
38066
38169
38199
38202
38250
38426
38435
38503
38526
38553
38558
38603
38772
38807
38822
38828
38837
38851
38955
38988
39019
39039
39099
39144
39226
39286
39294
39296
39330
39393
39413
39496
39502
39578
39647
39722
39727
39823
39866
39871
39919
39937
39943
40066
40100
40176
40193
40234
40259
40292
40332
40354
40501
40618
40629
40699
40706
40824
40842
40853
40900
40943
40996
40999
41003
41021
41061
41106
41171
41234
41241
41342
41417
41454
41512
41681
41715
41737
41852
42029
42052
42060
42086
42093
42137
42478
42633
42752
42808
42809
43365
43428
43477
43709
43790
43882
43935
43938
44125
44173
44403
44480
44597
44672
