2
3
7
9
11
18
22
39
51
56
62
69
72
74
76
87
92
94
111
114
127
133
149
152
166
172
193
195
198
212
229
238
239
249
250
266
274
297
299
301
303
305
318
339
356
365
371
373
376
379
380
381
392
393
395
401
405
419
420
425
429
438
462
465
466
467
469
472
484
486
493
496
497
505
506
530
544
557
559
584
588
589
601
642
645
651
652
667
669
671
676
684
687
692
713
723
724
728
730
736
739
743
767
769
777
779
788
792
794
811
813
817
826
839
841
883
889
890
897
899
901
908
929
941
945
957
962
970
976
977
985
989
998
1000
1021
1025
1044
1054
1057
1066
1077
1080
1081
1103
1105
1126
1137
1143
1148
1160
1167
1171
1174
1190
1200
1205
1209
1212
1219
1246
1251
1253
1259
1264
1268
1282
1286
1304
1306
1316
1322
1340
1349
1361
1377
1380
1387
1408
1409
1411
1417
1450
1452
1454
1457
1461
1484
1491
1496
1501
1508
1516
1520
1522
1525
1543
1551
1554
1556
1566
1571
1579
1590
1593
1619
1626
1633
1639
1659
1664
1669
1694
1697
1717
1754
1757
1767
1794
1805
1823
1837
1857
1873
1881
1888
1914
1917
1926
1934
1935
1937
1940
1945
1955
1957
1960
1971
1975
1993
1994
1998
2000
2006
2016
2018
2024
2034
2037
2045
2059
2066
2084
2088
2101
2103
2107
2124
2133
2142
2144
2150
2155
2156
2192
2193
2199
2206
2210
2214
2223
2228
2230
2242
2247
2248
2257
2263
2272
2275
2294
2345
2349
2360
2372
2381
2392
2434
2451
2471
2475
2476
2477
2482
2518
2520
2526
2527
2543
2569
2574
2575
2585
2610
2614
2635
2660
2664
2667
2669
2675
2682
2684
2686
2717
2732
2735
2740
2742
2743
2761
2762
2769
2771
2797
2822
2826
2830
2832
2836
2860
2871
2876
2879
2895
2904
2908
2924
2938
2949
2958
2966
3005
3010
3037
3049
3053
3105
3122
3127
3131
3158
3163
3164
3196
3242
3269
3295
3321
3323
3325
3334
3336
3359
3372
3386
3389
3397
3412
3455
3498
3508
3524
3536
3566
3598
3618
3624
3629
3642
3670
3692
3710
3714
3717
3730
3777
3801
3803
3810
3816
3817
3850
3851
3865
3878
3903
3910
3954
3959
3969
3977
3981
3985
3987
3995
3997
4004
4009
4011
4028
4030
4032
4036
4056
4065
4091
4099
4103
4127
4160
4168
4182
4200
4203
4210
4283
4286
4288
4322
4330
4332
4334
4335
4336
4342
4384
4385
4398
4420
4434
4479
4495
4508
4549
4564
4576
4582
4596
4607
4619
4627
4631
4639
4647
4661
4664
4668
4674
4692
4716
4754
4761
4814
4817
4819
4843
4855
4863
4873
4880
4917
4918
4921
4923
4933
4946
4964
4983
4988
4992
5001
5005
5029
5035
5039
5062
5070
5071
5081
5099
5103
5111
5159
5177
5180
5185
5186
5189
5194
5198
5202
5211
5215
5223
5239
5241
5259
5272
5277
5281
5283
5286
5293
5304
5306
5310
5330
5332
5352
5354
5370
5409
5418
5427
5433
5436
5451
5459
5465
5485
5530
5557
5573
5578
5610
5620
5621
5648
5652
5663
5668
5672
5684
5695
5707
5709
5726
5747
5780
5788
5792
5799
5803
5836
5854
5864
5876
5922
5930
5959
5968
6024
6029
6053
6057
6060
6063
6070
6078
6079
6094
6100
6149
6153
6161
6165
6168
6170
6189
6190
6196
6203
6209
6245
6280
6306
6318
6321
6328
6338
6344
6358
6362
6374
6430
6434
6435
6439
6525
6529
6542
6557
6563
6576
6577
6580
6581
6600
6611
6618
6619
6629
6632
6640
6682
6692
6694
6707
6732
6750
6759
6773
6805
6869
6872
6876
6889
6916
6918
6921
6923
6943
6944
6952
6953
6972
6986
7012
7026
7039
7045
7051
7057
7058
7087
7089
7104
7105
7129
7130
7140
7167
7182
7207
7210
7216
7223
7227
7246
7249
7258
7331
7333
7371
7383
7385
7399
7415
7420
7422
7438
7440
7459
7475
7476
7497
7506
7520
7521
7532
7537
7576
7613
7649
7650
7700
7735
7740
7748
7763
7774
7777
7798
7805
7849
7852
7867
7871
7877
7887
7896
7900
7916
7917
7920
7934
7938
7960
8000
8007
8011
8015
8023
8034
8041
8052
8083
8102
8118
8129
8131
8132
8158
8162
8165
8179
8207
8215
8220
8232
8239
8250
8254
8271
8279
8291
8293
8300
8320
8329
8332
8335
8342
8349
8390
8427
8434
8435
8487
8495
8512
8556
8564
8581
8616
8630
8644
8646
8672
8706
8708
8712
8722
8726
8739
8756
8758
8773
8795
8812
8837
8841
8845
8861
8885
8906
8912
8950
8961
8962
8968
9000
9001
9007
9010
9014
9017
9025
9026
9056
9066
9069
9080
9084
9128
9131
9143
9160
9166
9167
9170
9171
9178
9180
9199
9200
9204
9207
9224
9227
9228
9233
9260
9261
9291
9314
9330
9336
9345
9352
9370
9378
9382
9389
9422
9445
9458
9459
9498
9519
9526
9527
9528
9534
9535
9564
9589
9614
9629
9631
9665
9688
9693
9703
9741
9755
9789
9810
9813
9814
9818
9832
9861
9906
9925
9933
9947
9951
9964
9969
9977
9984
9998
10001
10024
10034
10041
10043
10055
10069
10085
10100
10138
10151
10187
10188
10225
10252
10280
10286
10292
10308
10315
10334
10351
10354
10362
10363
10432
10451
10477
10483
10490
10501
10538
10546
10612
10613
10636
10662
10697
10702
10711
10712
10754
10763
10770
10774
10778
10790
10797
10826
10845
10856
10866
10883
10885
10888
10890
10896
10914
10917
10952
10969
10979
10989
11020
11024
11028
11041
11068
11079
11086
11091
11100
11111
11126
11146
11206
11207
11225
11270
11271
11280
11293
11339
11351
11461
11505
11511
11553
11555
11573
11583
11593
11639
11657
11666
11671
11679
11680
11682
11694
11705
11722
11728
11735
11789
11801
11818
11829
11834
11835
11847
11852
11871
11900
11919
11954
11956
11971
11993
12014
12015
12029
12042
12045
12046
12080
12089
12111
12131
12137
12150
12198
12207
12223
12234
12237
12253
12265
12270
12281
12286
12317
12330
12339
12354
12367
12368
12377
12380
12387
12426
12433
12445
12453
12456
12520
12540
12541
12585
12600
12639
12680
12684
12755
12770
12773
12804
12831
12832
12851
12866
12867
12870
12873
12882
12915
12929
12934
12950
12951
12960
12977
12982
12987
12993
13027
13042
13043
13048
13069
13079
13088
13098
13126
13137
13165
13174
13212
13223
13231
13232
13261
13295
13305
13314
13319
13343
13351
13380
13393
13407
13420
13454
13482
13505
13511
13513
13530
13565
13578
13582
13591
13626
13686
13711
13736
13737
13738
13762
13769
13784
13787
13799
13806
13825
13830
13831
13882
13952
13962
14003
14038
14040
14117
14133
14138
14146
14164
14265
14297
14321
14329
14359
14379
14395
14396
14476
14488
14516
14524
14537
14585
14586
14594
14596
14623
14658
14675
14689
14698
14711
14752
14787
14800
14839
14851
14852
14890
14891
14893
14969
15008
15020
15039
15055
15081
15102
15106
15113
15119
15125
15137
15169
15173
15176
15178
15203
15205
15207
15255
15266
15271
15293
15298
15326
15371
15375
15389
15391
15423
15451
15495
15524
15532
15547
15556
15585
15589
15607
15637
15650
15652
15681
15686
15699
15727
15759
15765
15812
15819
15825
15827
15840
15843
15848
15885
15901
15906
15959
16058
16064
16077
16080
16086
16112
16131
16132
16178
16186
16187
16189
16196
16198
16214
16216
16237
16291
16310
16345
16367
16369
16397
16399
16459
16472
16492
16497
16517
16546
16574
16583
16613
16623
16642
16646
16656
16685
16686
16752
16772
16816
16845
16875
16901
16902
16912
16943
16991
16999
17015
17018
17043
17057
17060
17152
17156
17171
17202
17221
17238
17281
17282
17298
17305
17314
17321
17365
17368
17385
17391
17399
17441
17461
17473
17478
17531
17543
17581
17596
17597
17604
17621
17639
17640
17653
17710
17748
17756
17761
17764
17775
17778
17780
17799
17816
17875
17888
17896
17942
17953
17984
17991
17992
18019
18024
18047
18054
18055
18072
18084
18098
18118
18120
18123
18136
18170
18172
18175
18180
18192
18204
18210
18230
18354
18355
18380
18383
18405
18417
18422
18464
18465
18475
18496
18500
18514
18516
18519
18529
18539
18544
18553
18555
18571
18601
18604
18629
18668
18702
18720
18727
18730
18767
18768
18798
18821
18827
18880
18901
18925
18965
18973
19013
19021
19037
19041
19049
19088
19093
19104
19105
19117
19124
19153
19162
19163
19183
19187
19241
19242
19249
19275
19321
19354
19364
19383
19385
19400
19416
19427
19453
19477
19485
19492
19497
19529
19537
19579
19589
19594
19602
19616
19639
19669
19678
19687
19798
19809
19840
19847
19860
19880
19910
19917
19941
19959
19976
19982
19988
19994
20014
20017
20065
20074
20085
20094
20112
20133
20137
20170
20174
20177
20189
20192
20211
20235
20252
20282
20286
20292
20300
20324
20326
20335
20360
20376
20410
20424
20430
20458
20469
20485
20490
20514
20569
20594
20610
20620
20625
20630
20654
20661
20672
20686
20703
20707
20740
20798
20834
20854
20861
20866
20867
20870
20911
20922
20932
20959
20989
21038
21041
21122
21215
21221
21249
21265
21275
21310
21400
21409
21422
21431
21455
21481
21487
21536
21551
21560
21565
21574
21591
21611
21614
21621
21668
21705
21716
21718
21733
21773
21776
21778
21782
21784
21796
21802
21807
21819
21830
21835
21837
21849
21854
21871
21875
21909
21916
21917
21930
21954
21981
21982
21988
21999
22033
22076
22117
22123
22132
22135
22183
22185
22256
22261
22278
22298
22330
22337
22340
22353
22395
22416
22422
22441
22451
22455
22487
22519
22527
22546
22552
22555
22573
22620
22639
22656
22661
22674
22680
22750
22767
22799
22856
22903
22942
22949
23001
23008
23027
23050
23074
23094
23122
23172
23212
23260
23299
23325
23347
23350
23365
23383
23394
23413
23426
23432
23439
23449
23481
23496
23498
23501
23517
23543
23615
23617
23656
23666
23671
23679
23695
23707
23711
23760
23779
23799
23804
23811
23840
23843
23872
23886
23918
23931
23936
23943
23946
23951
23957
23993
23995
24015
24018
24020
24065
24099
24100
24112
24131
24175
24201
24213
24264
24265
24270
24311
24314
24321
24326
24328
24372
24389
24405
24426
24469
24481
24509
24522
24548
24609
24613
24618
24683
24699
24710
24764
24782
24792
24795
24813
24818
24890
24905
24915
24936
24965
24967
24972
24974
25045
25049
25060
25121
25141
25153
25170
25210
25235
25247
25274
25309
25313
25319
25325
25332
25345
25347
25348
25391
25395
25425
25426
25439
25448
25462
25481
25545
25565
25570
25573
25575
25646
25656
25691
25748
25824
25827
25830
25838
25851
25877
25882
25896
25923
25941
25986
25996
26002
26011
26062
26064
26080
26088
26093
26107
26124
26160
26188
26212
26220
26235
26273
26298
26313
26316
26342
26358
26363
26376
26416
26422
26444
26517
26521
26552
26556
26562
26580
26610
26647
26673
26687
26744
26745
26767
26821
26827
26831
26838
26839
26840
26846
26857
26936
27011
27013
27016
27047
27068
27071
27080
27108
27111
27147
27184
27192
27200
27294
27313
27314
27360
27396
27403
27413
27423
27464
27496
27498
27542
27546
27555
27599
27611
27644
27646
27672
27704
27866
27869
27876
27896
27912
27916
27923
27938
27975
27976
27991
27993
28034
28049
28070
28100
28112
28143
28150
28182
28195
28198
28235
28236
28249
28269
28288
28291
28360
28362
28363
28369
28429
28438
28461
28506
28541
28573
28580
28590
28599
28637
28655
28661
28679
28731
28737
28743
28795
28855
28858
28895
28962
29005
29017
29046
29064
29087
29095
29110
29113
29118
29149
29172
29175
29216
29257
29262
29278
29316
29321
29373
29377
29425
29446
29465
29467
29471
29502
29534
29573
29598
29606
29613
29650
29662
29674
29715
29723
29805
29807
29838
29884
29903
29905
29926
29928
29943
29961
29964
29973
29975
29978
29982
30001
30016
30031
30044
30083
30094
30113
30141
30148
30160
30172
30282
30288
30296
30390
30434
30436
30443
30453
30459
30463
30545
30564
30566
30592
30593
30594
30608
30615
30652
30655
30666
30699
30716
30727
30730
30731
30732
30779
30828
30835
30895
30906
30908
30914
30934
30952
30962
30963
31002
31012
31017
31040
31092
31124
31139
31172
31194
31230
31303
31355
31415
31437
31457
31463
31478
31504
31538
31636
31651
31663
31712
31771
31781
31791
31814
31840
31854
31867
31869
31879
31894
31909
31968
31984
32002
32087
32171
32234
32241
32242
32250
32254
32265
32301
32305
32309
32311
32366
32432
32456
32464
32511
32515
32584
32585
32601
32677
32752
32757
32768
32781
32822
32845
32874
32886
32922
32935
32953
32956
32975
32990
33008
33009
33035
33117
33127
33130
33137
33162
33173
33187
33202
33206
33288
33557
33634
33673
33690
33695
33756
33789
33875
33878
33883
33899
33902
33917
33944
33956
34012
34017
34064
34121
34151
34155
34170
34172
34209
34252
34255
34270
34361
34374
34393
34398
34470
34512
34543
34549
34565
34574
34692
34710
34742
34800
34802
34844
34896
34936
35006
35056
35145
35155
35190
35193
35198
35359
35386
35411
35457
35545
35574
35631
35654
35691
35705
35807
35877
35959
35965
36015
36021
36047
36073
36176
36204
36208
36242
36249
36279
36352
36358
36426
36583
36635
36640
36657
36672
36689
36715
36723
36765
36793
36800
36859
36901
36915
36920
36966
37001
37074
37104
37115
37160
37191
37259
37267
37322
37388
37689
37720
37836
37916
37998
38092
38124
38125
38257
38377
38408
38426
38435
38472
38528
38611
38763
38828
38851
38864
38871
38978
39002
39144
39211
39286
39294
39393
39423
39428
39467
39516
39530
39568
39727
39751
39760
39800
39855
39866
39872
39943
40176
40193
40203
40234
40259
40332
40501
40639
40706
40755
40811
40824
40853
40860
40943
41003
41061
41132
41180
41189
41199
41241
41320
41417
41449
41688
41710
41737
41755
41908
41975
42067
42175
42478
42504
42554
42608
42771
42787
42809
42904
43078
43365
43384
43428
43477
43924
43935
43938
44043
44134
44377
44480
44729
