30
56
83
123
203
230
241
337
344
380
443
465
496
539
569
696
699
759
766
798
801
839
933
1114
1120
1182
1209
1214
1224
1251
1252
1286
1303
1389
1402
1404
1419
1547
1566
1651
1760
1767
1776
1832
1937
1990
2189
2230
2260
2315
2345
2351
2482
2508
2527
2543
2587
2652
2761
2778
2797
2815
2826
2830
2904
3002
3042
3129
3218
3242
3355
3359
3397
3404
3449
3536
3591
3603
3642
3650
3694
3701
3731
3882
3897
3900
3913
3924
4028
4040
4082
4241
4335
4378
4395
4396
4491
4532
4627
4683
4714
4816
4817
4953
5006
5024
5026
5039
5099
5155
5177
5180
5186
5226
5263
5264
5346
5465
5472
5592
5684
5778
5788
5900
6014
6082
6124
6132
6207
6209
6227
6243
6341
6361
6366
6368
6393
6426
6640
6707
6816
6938
6944
7010
7044
7068
7074
7105
7167
7174
7182
7331
7385
7420
7526
7561
7664
7693
7735
7738
7740
7825
8002
8158
8173
8191
8275
8306
8357
8592
8728
8847
9044
9156
9197
9222
9224
9262
9389
9403
9417
9535
9586
9796
10012
10046
10132
10269
10334
10404
10480
10810
10821
10826
10976
11026
11191
11195
11317
11615
11619
11705
11710
11750
11821
12081
12127
12186
12207
12219
12222
12358
12429
12839
12951
13364
13387
13405
13468
13769
13790
13806
13952
14049
14167
14193
14287
14396
14512
14585
14594
14734
15127
15156
15173
15178
15308
15325
15571
15584
15668
15673
15737
15759
15853
15954
16086
16359
16361
16442
16685
16782
16860
16986
17023
17139
17156
17265
17405
17408
17534
17621
17640
17858
17888
18054
18177
18350
18371
18475
18481
18767
18899
18901
18925
18934
19037
19040
19162
19164
19226
19489
19492
19515
19539
19678
19753
19895
19917
20029
20059
20211
20254
20286
20355
20453
20477
20593
20672
20944
21196
21277
21459
21583
21718
21838
21875
21929
22030
22135
22185
22340
22392
22395
22639
23001
23027
23060
23252
23325
23451
23931
23943
23951
24123
24170
24183
24213
24228
24229
24264
24376
24407
24481
24570
24663
24678
24915
24942
24978
25019
25045
25104
25141
25301
25347
25351
25373
25544
25581
25646
25667
25773
25825
25877
26316
26356
26646
26687
26718
26873
26889
27059
27092
27145
27298
27337
27360
27403
27472
27526
27594
27597
27646
27739
28198
28379
28557
28621
28797
29263
29329
29631
29670
29674
29798
29807
30371
30439
30545
30848
30854
31315
31511
31530
31554
31579
31621
31716
31901
32242
32250
32477
32768
32944
33061
33066
33329
33411
33537
33826
33890
34355
34452
34518
34742
34844
35168
35408
35660
35877
36094
36618
36848
36901
36920
37240
37322
37572
37873
37978
38523
38596
38603
38758
38763
39133
39367
39445
39731
40437
40860
41281
41372
41975
42012
42904
43882
44403
44672
