60
66
68
142
164
283
347
381
396
452
486
502
557
590
624
645
696
790
792
801
889
923
947
979
1000
1046
1085
1089
1094
1292
1306
1324
1343
1462
1496
1522
1603
1604
1633
1649
1690
1757
1805
1824
1912
1926
1940
2142
2173
2232
2360
2386
2419
2430
2603
2633
2635
2650
2684
2707
2771
2822
2879
3092
3193
3250
3269
3284
3286
3331
3397
3432
3526
3623
3714
3787
3829
3870
3997
4000
4011
4021
4220
4253
4278
4295
4385
4395
4396
4463
4484
4541
4558
4702
4946
5058
5059
5310
5396
5451
5472
5531
5576
5648
5666
5822
5841
5958
5968
6012
6033
6042
6280
6312
6322
6328
6361
6379
6402
6436
6490
6581
6697
6705
6723
6759
6775
6809
6911
6953
7059
7104
7201
7308
7471
7497
7633
7665
7752
7765
7807
7863
8083
8131
8151
8154
8191
8298
8450
8581
8905
8988
9112
9166
9171
9270
9314
9524
9542
9543
9662
9672
9698
9797
9818
9861
10034
10188
10253
10280
10315
10368
10473
10661
10781
10911
10923
10968
11003
11072
11172
11255
11323
11340
11403
11423
11550
11623
11645
11657
11773
12111
12135
12228
12335
12456
12511
12553
12611
12646
12690
12784
12804
12839
12934
13016
13031
13042
13131
13247
13351
13463
13518
13555
13558
13609
13767
13787
13892
13905
13925
13949
14133
14157
14232
14427
14577
14636
14675
14722
14772
14779
14903
14920
14945
15016
15178
15241
15286
15473
15635
15667
15699
15707
15727
15737
15906
15911
16110
16175
16189
16238
16249
16256
16545
16861
16869
17060
17123
17176
17238
17314
17330
17613
17626
17828
18003
18040
18519
18812
19071
19124
19183
19364
19478
19541
19553
19639
19663
19687
20014
20047
20059
20094
20211
20226
20334
20794
20822
21049
21286
21317
21372
21380
21458
21475
21633
21849
21864
21965
21973
21999
22033
22277
22340
22395
22529
22642
22971
23084
23119
23320
23780
23957
23964
24215
24314
24344
24355
24372
24478
24533
24567
24588
24653
24694
24905
25045
25191
25247
25319
25348
25404
25691
25822
25860
25896
25932
25996
26064
26081
26160
26435
26558
26821
26827
26838
26840
26900
26928
27065
27073
27330
27337
27404
27413
27419
27472
27557
27717
27747
28035
28112
28253
28434
28506
28553
28939
29017
29179
29316
29498
29613
29838
29978
30029
30074
30225
30392
30459
30730
30908
30930
31177
31332
31400
31405
31663
31684
31814
31840
32002
32265
32479
32687
32788
32817
32846
32983
33130
33138
33222
33555
33629
33830
34256
34398
34452
35056
35329
35411
35545
35659
35691
35783
35787
35877
35882
36047
36222
36333
36635
36713
36859
37037
37566
37599
37811
37987
38019
38042
38526
38662
39190
39608
39660
39731
39866
39937
39993
40176
40527
40898
41171
41454
42013
42804
43132
43790
44729
