28
32
34
38
40
53
58
60
62
70
74
78
92
94
96
103
108
114
119
125
131
142
149
158
179
181
183
187
200
208
221
226
229
230
245
253
258
274
276
279
283
285
295
297
305
308
310
327
337
352
356
358
363
369
373
379
388
391
393
396
403
411
416
418
420
467
472
475
478
496
507
511
514
526
542
563
569
573
583
588
590
607
613
617
634
640
647
652
654
656
663
678
687
713
730
745
759
767
794
795
809
811
821
841
847
863
870
879
888
890
897
899
918
923
938
955
972
974
976
977
1003
1009
1034
1038
1046
1048
1052
1054
1055
1061
1065
1070
1077
1078
1103
1125
1140
1146
1152
1157
1159
1171
1172
1182
1200
1209
1214
1226
1228
1230
1248
1264
1274
1278
1284
1303
1349
1354
1359
1373
1400
1422
1443
1462
1504
1506
1512
1516
1522
1545
1547
1551
1560
1561
1566
1584
1600
1604
1609
1619
1621
1628
1630
1639
1666
1673
1677
1692
1694
1696
1698
1717
1735
1742
1747
1779
1820
1823
1832
1856
1864
1895
1922
1926
1931
1935
1940
1969
1971
1994
1998
2006
2007
2012
2018
2045
2048
2057
2066
2082
2084
2088
2091
2103
2108
2109
2120
2150
2169
2173
2177
2192
2212
2214
2218
2223
2228
2247
2248
2250
2257
2263
2271
2279
2287
2294
2302
2317
2322
2329
2339
2345
2360
2362
2368
2370
2379
2382
2386
2408
2419
2430
2434
2456
2471
2475
2477
2482
2505
2511
2513
2520
2524
2528
2529
2533
2535
2569
2573
2578
2579
2587
2597
2610
2614
2616
2631
2633
2635
2657
2664
2667
2675
2686
2727
2733
2735
2739
2742
2768
2781
2810
2822
2824
2826
2836
2840
2860
2874
2876
2879
2888
2901
2919
2924
2979
3002
3005
3010
3037
3042
3087
3089
3090
3098
3105
3107
3127
3134
3138
3172
3182
3192
3193
3242
3248
3250
3253
3268
3269
3273
3300
3315
3321
3323
3327
3331
3336
3349
3359
3363
3365
3369
3379
3382
3389
3397
3404
3430
3456
3482
3498
3503
3511
3524
3526
3528
3534
3561
3593
3595
3601
3603
3633
3673
3692
3694
3699
3708
3740
3758
3770
3777
3835
3850
3858
3865
3897
3900
3903
3908
3949
3954
3958
3961
3966
3969
3973
3987
3994
4004
4006
4016
4032
4035
4038
4052
4064
4076
4082
4083
4085
4091
4099
4103
4127
4144
4148
4168
4182
4185
4210
4243
4248
4263
4278
4292
4295
4306
4314
4330
4334
4336
4342
4384
4385
4399
4412
4435
4438
4463
4466
4491
4495
4508
4516
4549
4551
4554
4555
4558
4571
4576
4578
4614
4616
4624
4627
4630
4632
4634
4661
4709
4711
4715
4716
4734
4738
4747
4761
4765
4819
4830
4835
4851
4867
4880
4890
4909
4933
4945
4964
4968
4969
4977
4990
4999
5006
5024
5026
5032
5035
5040
5048
5073
5075
5093
5122
5161
5171
5189
5190
5211
5221
5225
5226
5230
5241
5259
5267
5281
5296
5338
5346
5354
5358
5398
5401
5459
5480
5492
5505
5514
5520
5521
5530
5531
5561
5578
5582
5597
5601
5610
5621
5633
5658
5665
5682
5695
5706
5711
5723
5726
5744
5762
5764
5776
5780
5831
5836
5854
5864
5881
5894
5908
5913
5958
5959
5967
5968
5991
6003
6004
6009
6012
6040
6050
6056
6057
6063
6078
6079
6094
6116
6118
6132
6135
6147
6153
6158
6170
6177
6187
6189
6190
6207
6224
6259
6269
6278
6306
6341
6342
6344
6357
6412
6418
6421
6439
6470
6480
6494
6512
6525
6526
6529
6545
6552
6576
6577
6600
6619
6638
6643
6650
6671
6694
6707
6708
6719
6752
6780
6805
6809
6830
6844
6860
6862
6872
6887
6908
6916
6946
6948
6964
6972
6975
6986
7012
7041
7044
7045
7047
7051
7058
7092
7098
7102
7116
7126
7130
7134
7167
7178
7207
7266
7294
7308
7326
7344
7349
7371
7401
7404
7422
7425
7438
7440
7461
7462
7467
7500
7511
7520
7521
7526
7573
7587
7611
7613
7615
7635
7641
7647
7649
7701
7712
7717
7722
7738
7752
7774
7778
7779
7782
7798
7800
7822
7867
7868
7871
7874
7881
7887
7900
7931
7932
7945
7965
8049
8052
8055
8058
8103
8118
8131
8148
8173
8179
8235
8253
8271
8300
8303
8320
8335
8342
8361
8390
8395
8398
8419
8427
8435
8450
8455
8495
8514
8521
8522
8533
8551
8563
8581
8592
8637
8651
8656
8670
8671
8672
8682
8712
8717
8722
8728
8735
8750
8765
8784
8789
8791
8793
8803
8812
8822
8825
8847
8856
8882
8913
8921
8935
8961
8962
8973
8984
8987
8990
9000
9018
9020
9025
9032
9044
9078
9093
9095
9131
9156
9178
9180
9192
9197
9204
9207
9227
9228
9246
9247
9257
9263
9294
9308
9318
9330
9345
9352
9373
9392
9422
9427
9436
9438
9453
9458
9459
9467
9469
9515
9519
9524
9526
9527
9542
9553
9565
9575
9592
9624
9636
9637
9665
9672
9688
9703
9775
9785
9789
9812
9814
9840
9844
9915
9917
9921
9933
9936
9957
9961
9969
9998
10012
10043
10048
10050
10055
10072
10103
10144
10158
10168
10170
10199
10206
10243
10251
10256
10265
10269
10288
10351
10367
10416
10458
10469
10473
10480
10527
10531
10533
10538
10577
10610
10631
10658
10699
10725
10752
10763
10765
10773
10789
10807
10822
10845
10856
10866
10874
10883
10896
10898
10918
10923
10924
10928
10950
10959
10968
10969
10976
10986
11000
11020
11041
11068
11069
11072
11086
11094
11107
11111
11152
11153
11154
11155
11170
11174
11191
11197
11203
11224
11239
11259
11262
11271
11303
11317
11350
11369
11371
11434
11461
11467
11472
11491
11507
11519
11538
11556
11568
11569
11573
11587
11593
11603
11607
11622
11626
11660
11662
11667
11670
11671
11682
11712
11722
11723
11736
11746
11752
11754
11770
11777
11795
11801
11821
11834
11851
11854
11886
11902
11919
11936
11938
11940
11952
11956
11966
12014
12015
12017
12021
12032
12045
12055
12080
12089
12111
12113
12131
12133
12188
12195
12208
12259
12269
12270
12281
12308
12310
12324
12353
12365
12368
12377
12402
12412
12433
12444
12477
12479
12484
12511
12532
12568
12575
12631
12660
12690
12703
12711
12730
12736
12772
12804
12807
12852
12864
12873
12893
12894
12898
12948
12951
12958
12960
12977
12989
13004
13016
13018
13030
13043
13069
13079
13126
13136
13145
13156
13174
13185
13198
13225
13242
13249
13250
13305
13319
13343
13356
13364
13407
13453
13459
13461
13474
13513
13518
13526
13553
13554
13561
13614
13618
13626
13661
13677
13690
13716
13728
13752
13784
13787
13828
13830
13853
13880
13928
13937
13939
14003
14005
14006
14028
14038
14040
14057
14063
14076
14087
14117
14135
14138
14146
14164
14167
14174
14185
14210
14257
14287
14315
14321
14367
14393
14395
14396
14428
14437
14439
14476
14504
14512
14526
14558
14577
14634
14694
14698
14720
14722
14739
14750
14767
14777
14779
14811
14859
14861
14932
14949
14966
14969
14985
15006
15008
15029
15039
15054
15055
15069
15070
15071
15081
15102
15127
15154
15157
15176
15197
15241
15270
15326
15357
15360
15375
15423
15446
15447
15451
15487
15493
15524
15615
15650
15667
15690
15699
15727
15753
15759
15762
15770
15774
15775
15789
15819
15851
15871
15891
15906
15915
15959
15971
16003
16055
16064
16078
16087
16127
16129
16178
16196
16234
16238
16246
16251
16252
16256
16287
16291
16299
16307
16310
16359
16369
16377
16399
16430
16440
16442
16451
16472
16485
16497
16500
16581
16594
16597
16599
16613
16623
16630
16653
16680
16691
16748
16750
16848
16864
16895
16896
16897
16901
16902
16909
16961
16968
16978
16999
17036
17060
17123
17171
17238
17251
17258
17265
17267
17281
17300
17322
17330
17351
17370
17383
17399
17475
17487
17489
17512
17519
17550
17563
17604
17610
17639
17640
17668
17691
17710
17725
17733
17748
17761
17780
17826
17828
17830
17871
17881
17893
17905
17912
17935
17942
17948
17960
17974
17976
17992
18006
18021
18079
18098
18118
18121
18136
18147
18149
18161
18163
18176
18192
18218
18230
18238
18272
18276
18291
18311
18321
18339
18355
18380
18417
18432
18434
18446
18464
18477
18500
18510
18517
18519
18534
18539
18571
18601
18604
18606
18616
18629
18654
18668
18689
18706
18748
18765
18787
18868
18899
18912
18926
18952
18970
18972
18973
18991
19021
19040
19041
19086
19108
19111
19132
19153
19162
19172
19212
19226
19241
19292
19340
19354
19383
19431
19447
19478
19484
19512
19515
19528
19541
19545
19567
19580
19592
19600
19602
19616
19625
19646
19647
19651
19663
19681
19714
19753
19756
19759
19789
19791
19800
19807
19809
19812
19822
19839
19840
19847
19878
19910
19917
19933
19938
19976
19994
19999
20019
20042
20047
20059
20065
20074
20080
20086
20127
20137
20170
20174
20211
20254
20303
20322
20324
20326
20331
20368
20383
20384
20393
20401
20458
20485
20490
20493
20504
20518
20579
20588
20594
20612
20661
20671
20703
20724
20767
20798
20803
20816
20846
20854
20866
20870
20903
20911
20932
20934
20965
21001
21004
21006
21038
21101
21163
21277
21306
21344
21347
21362
21380
21409
21428
21431
21455
21458
21466
21483
21536
21545
21560
21565
21586
21614
21633
21656
21705
21729
21760
21784
21786
21796
21801
21807
21833
21850
21913
21916
21951
21981
22030
22038
22057
22088
22130
22135
22183
22195
22197
22214
22236
22241
22256
22275
22278
22291
22292
22324
22392
22399
22416
22465
22479
22529
22546
22555
22565
22592
22598
22618
22620
22642
22662
22709
22728
22732
22750
22776
22785
22799
22808
22813
22817
22865
22898
22922
22942
22949
23024
23034
23057
23064
23076
23089
23094
23119
23139
23159
23160
23169
23175
23201
23209
23233
23260
23270
23280
23320
23329
23366
23466
23470
23472
23477
23484
23498
23501
23531
23605
23611
23614
23615
23617
23656
23671
23692
23693
23727
23755
23765
23768
23783
23809
23874
23894
23896
23931
23936
23964
24015
24019
24115
24147
24175
24201
24213
24215
24243
24264
24270
24276
24291
24344
24355
24358
24407
24411
24461
24469
24485
24510
24538
24567
24579
24588
24634
24636
24639
24650
24690
24704
24722
24725
24733
24782
24795
24797
24798
24838
24850
24855
24896
24907
24942
24978
24981
24982
25013
25138
25141
25153
25170
25190
25309
25332
25347
25373
25379
25391
25402
25436
25462
25481
25515
25530
25569
25573
25592
25598
25624
25639
25667
25689
25691
25697
25732
25748
25761
25773
25784
25792
25812
25824
25882
25884
25893
25909
25915
25936
25954
25980
25996
26014
26046
26054
26079
26080
26093
26126
26128
26181
26188
26235
26272
26273
26304
26322
26354
26361
26381
26422
26489
26517
26533
26540
26554
26569
26576
26609
26610
26612
26641
26673
26687
26744
26745
26758
26761
26767
26776
26780
26785
26807
26809
26821
26827
26831
26838
26843
26877
26878
26933
26936
26962
26979
26982
27016
27028
27029
27041
27084
27108
27166
27173
27184
27192
27200
27202
27214
27227
27229
27271
27294
27404
27408
27419
27423
27493
27511
27520
27607
27611
27646
27717
27747
27756
27819
27830
27843
27860
27866
27869
27871
27878
27900
27901
27912
27932
27938
27943
27968
27975
27991
28025
28034
28071
28100
28115
28129
28138
28163
28171
28198
28224
28235
28242
28283
28288
28340
28342
28360
28385
28421
28429
28438
28456
28459
28546
28552
28553
28580
28599
28632
28655
28671
28706
28743
28795
28812
28858
28870
28895
28904
28939
28947
29046
29064
29175
29312
29323
29357
29377
29409
29421
29471
29502
29539
29598
29606
29609
29613
29676
29706
29797
29798
29820
29838
29884
29898
29928
29983
29994
30000
30001
30027
30029
30031
30044
30075
30092
30095
30113
30194
30282
30342
30371
30389
30435
30436
30439
30442
30469
30483
30491
30536
30564
30566
30576
30652
30655
30667
30689
30699
30700
30703
30730
30732
30769
30779
30807
30854
30878
30893
30906
30914
30924
30948
30984
30991
31002
31037
31040
31045
31060
31124
31131
31132
31177
31200
31214
31230
31232
31242
31303
31311
31326
31355
31371
31376
31404
31437
31443
31463
31478
31504
31511
31530
31569
31576
31621
31632
31663
31666
31748
31781
31826
31847
31867
31874
31914
31968
31984
32047
32071
32112
32130
32140
32161
32174
32196
32213
32240
32250
32291
32314
32332
32452
32481
32493
32503
32515
32548
32586
32601
32677
32755
32757
32807
32810
32843
32865
32922
32944
32956
32990
33011
33013
33030
33045
33127
33130
33138
33162
33173
33202
33216
33250
33330
33366
33382
33383
33391
33411
33423
33557
33566
33625
33634
33638
33640
33657
33663
33690
33695
33733
33741
33766
33792
33847
33875
33883
33906
34011
34033
34111
34125
34126
34130
34155
34157
34253
34255
34259
34303
34309
34401
34408
34425
34437
34438
34449
34475
34499
34512
34518
34549
34582
34615
34695
34878
34901
34942
34952
35008
35049
35056
35062
35122
35145
35198
35268
35324
35329
35408
35411
35421
35501
35557
35563
35659
35688
35705
35717
35751
35932
35956
35959
35965
35978
36069
36073
36086
36094
36139
36162
36208
36382
36393
36404
36452
36480
36484
36546
36585
36618
36640
36723
36756
36765
36797
36798
36862
36915
36920
36954
36958
37043
37074
37104
37140
37160
37191
37197
37240
37283
37293
37413
37422
37438
37486
37490
37568
37572
37617
37675
37689
37787
37811
37876
37904
37939
37948
37979
38028
38125
38169
38281
38347
38377
38390
38514
38523
38603
38770
38818
38864
38915
38962
39002
39019
39032
39091
39144
39178
39201
39219
39286
39551
39554
39557
39630
39647
39651
39660
39727
39747
39788
39823
39872
39923
39937
39988
39993
40100
40137
40167
40232
40298
40332
40527
40629
40697
40706
40810
40842
40860
40866
40900
40904
40937
40999
41021
41106
41171
41180
41188
41199
41281
41372
41489
41610
41650
41688
41737
41908
41938
41997
42016
42029
42137
42175
42212
42216
42554
42569
42594
42718
42771
43105
43365
43384
43477
43709
43851
43973
44111
44473
44672
