1
36
40
51
125
129
184
195
216
253
256
262
393
562
567
569
573
583
589
612
651
678
704
724
761
839
842
859
890
973
976
979
981
1003
1105
1143
1147
1188
1195
1224
1400
1443
1558
1619
1805
1807
1876
1957
1990
1998
2059
2117
2150
2272
2381
2411
2450
2597
2778
2821
2938
3002
3034
3134
3164
3242
3295
3303
3341
3430
3534
3622
3678
3699
3710
3750
3778
3782
3871
3909
3997
4016
4071
4091
4121
4165
4239
4257
4429
4659
4789
4849
4946
4969
5007
5009
5020
5026
5071
5122
5180
5183
5259
5338
5442
5521
5597
5657
5764
5803
5959
5967
6036
6038
6040
6168
6231
6237
6342
6494
6512
6532
6750
6988
7012
7316
7401
7450
7459
7531
7579
7722
7874
7913
7932
8002
8052
8102
8169
8173
8192
8238
8488
8708
8712
8795
8847
8991
9187
9197
9219
9242
9272
9336
9637
9743
9840
10265
10308
10379
10390
10404
10473
10480
10496
10618
10683
10712
10774
11005
11145
11258
11371
11603
11634
11639
11650
11905
12081
12127
12268
12275
12286
12339
12453
12530
12540
12641
12672
12732
12736
12772
12784
12957
12976
13001
13018
13071
13198
13223
13225
13242
13370
13474
13482
13518
13784
13799
13806
13831
13853
13905
13963
14232
14262
14590
14669
14730
14734
14750
14752
14890
14964
15203
15227
15626
15714
15915
16000
16113
16127
16256
16287
16291
16442
16772
16897
17014
17043
17566
18029
18072
18121
18405
18422
18536
18748
18767
18895
18926
18937
19172
19187
19354
19383
19478
19646
19734
19756
19764
19781
19789
19809
19812
19839
19845
19938
20080
20108
20122
20142
20177
20303
20315
20459
20466
20476
20700
20704
20738
21135
21175
21177
21215
21226
21254
21286
21341
21374
21506
21838
21850
21875
21954
21997
22088
22093
22111
22180
22236
22256
22275
22441
22452
22728
22850
22974
23076
23081
23119
23344
23349
23470
23505
23576
23611
23617
23693
23754
23872
24098
24152
24407
24553
24599
24658
24660
24722
24839
24890
24975
25060
25092
25100
25215
25348
25428
25882
25949
25996
26066
26155
26244
26247
26317
26625
26724
26780
26827
27011
27122
27229
27413
27546
27612
27621
27869
28182
28235
28252
28363
28541
28553
28573
28582
28795
29170
29437
29465
29551
29606
29797
29872
29928
29978
30044
30234
30403
30504
30604
30608
31457
31521
31590
31632
31788
31915
32087
32124
32161
32211
32225
32240
32246
32462
32515
32714
32806
32818
32846
32987
33030
33192
33206
33293
33580
33634
33682
33710
34011
34270
34355
34386
34543
34855
34885
35014
35155
35771
35787
36021
36208
36297
36735
36830
36862
37070
37413
37449
37490
37921
37948
37987
38127
38553
38763
38770
38946
39096
39496
40193
41061
41199
42175
42283
42504
42709
42804
43132
44729
