2
11
15
18
24
28
32
40
44
49
62
68
70
83
87
101
109
111
114
116
126
133
135
140
142
149
158
164
195
200
203
216
236
241
245
250
258
264
267
268
274
308
312
321
327
332
339
344
349
352
365
367
369
378
379
382
392
393
395
399
409
411
415
420
425
436
440
443
454
462
466
467
475
478
488
511
518
520
526
527
537
542
552
555
557
563
573
578
580
601
610
614
619
624
633
642
654
671
680
682
717
745
750
760
767
777
788
798
809
811
817
828
835
837
841
845
847
860
865
890
891
903
925
926
927
929
933
938
945
958
959
962
965
973
974
984
986
996
1001
1027
1036
1052
1057
1066
1077
1080
1089
1102
1105
1123
1139
1140
1159
1200
1207
1224
1228
1246
1252
1253
1259
1292
1293
1303
1327
1332
1343
1349
1352
1380
1384
1419
1426
1443
1471
1499
1506
1510
1512
1540
1545
1571
1573
1603
1604
1613
1621
1628
1630
1633
1639
1653
1659
1669
1694
1696
1702
1715
1719
1720
1729
1733
1735
1737
1753
1757
1762
1779
1781
1786
1823
1824
1833
1854
1856
1857
1858
1861
1864
1873
1876
1888
1901
1909
1912
1917
1926
1929
1935
1937
1955
1960
1973
1980
1990
1994
1998
2006
2012
2024
2042
2048
2066
2084
2088
2101
2109
2114
2130
2188
2203
2225
2232
2248
2254
2257
2290
2293
2294
2309
2312
2315
2326
2344
2351
2360
2372
2375
2381
2382
2386
2392
2430
2432
2434
2436
2467
2471
2477
2496
2508
2509
2524
2526
2535
2555
2567
2573
2581
2587
2595
2601
2614
2631
2637
2650
2663
2682
2684
2686
2689
2697
2740
2759
2761
2771
2793
2797
2800
2822
2826
2841
2846
2859
2861
2864
2868
2871
2899
2908
2913
2924
2949
2958
2968
2974
3024
3042
3064
3079
3092
3105
3107
3116
3128
3130
3131
3161
3164
3185
3198
3201
3211
3242
3268
3269
3273
3281
3315
3331
3334
3336
3372
3387
3418
3432
3467
3482
3484
3511
3514
3524
3527
3528
3531
3555
3561
3565
3568
3576
3591
3650
3668
3670
3679
3692
3710
3719
3778
3785
3793
3803
3810
3812
3827
3850
3851
3862
3870
3871
3882
3888
3897
3913
3920
3922
3958
3966
3969
3973
3985
4011
4027
4032
4035
4036
4038
4052
4054
4061
4064
4127
4134
4139
4147
4170
4182
4221
4239
4248
4253
4314
4320
4330
4334
4342
4356
4364
4418
4447
4450
4459
4463
4478
4480
4484
4491
4495
4508
4517
4529
4551
4554
4555
4564
4571
4574
4576
4578
4582
4596
4626
4632
4639
4642
4657
4659
4664
4692
4714
4716
4733
4734
4742
4747
4789
4814
4823
4830
4835
4843
4849
4865
4867
4880
4883
4903
4927
4948
4951
4955
4959
4999
5024
5031
5035
5039
5042
5051
5059
5068
5079
5090
5100
5103
5159
5161
5171
5177
5180
5184
5189
5192
5200
5201
5202
5210
5215
5223
5230
5231
5235
5241
5278
5281
5283
5290
5306
5330
5338
5346
5369
5384
5396
5409
5418
5433
5436
5459
5469
5561
5564
5576
5578
5582
5604
5624
5642
5644
5682
5684
5692
5726
5729
5749
5762
5770
5778
5780
5786
5812
5836
5864
5876
5908
5922
5965
5983
5995
6002
6014
6022
6024
6030
6045
6050
6052
6056
6060
6061
6063
6078
6079
6080
6100
6115
6153
6158
6161
6168
6176
6178
6190
6228
6235
6243
6250
6265
6287
6304
6311
6322
6344
6362
6372
6412
6421
6442
6446
6447
6461
6485
6494
6520
6525
6552
6557
6563
6566
6611
6627
6632
6662
6682
6692
6697
6708
6713
6722
6723
6726
6734
6747
6756
6773
6786
6789
6805
6816
6830
6908
6934
6944
6964
6971
6986
7012
7026
7039
7044
7051
7057
7059
7074
7087
7116
7123
7126
7167
7207
7216
7227
7230
7246
7249
7258
7263
7280
7287
7302
7307
7308
7316
7323
7342
7344
7363
7385
7399
7401
7404
7413
7415
7420
7450
7472
7475
7476
7497
7499
7500
7501
7520
7523
7561
7576
7579
7588
7618
7625
7641
7655
7693
7757
7762
7763
7774
7778
7779
7805
7818
7825
7867
7874
7877
7878
7911
7916
7919
7932
7934
7938
8007
8014
8015
8023
8025
8031
8034
8045
8058
8060
8090
8102
8148
8153
8157
8165
8173
8235
8246
8250
8264
8279
8293
8303
8312
8335
8342
8348
8353
8376
8434
8455
8514
8521
8531
8541
8571
8621
8637
8646
8656
8680
8682
8684
8706
8708
8717
8722
8733
8747
8765
8771
8776
8784
8789
8791
8793
8800
8825
8827
8847
8861
8864
8871
8879
8884
8898
8903
8912
8913
8932
8935
8946
9001
9003
9010
9020
9022
9025
9049
9056
9064
9066
9069
9088
9131
9136
9160
9166
9167
9169
9200
9202
9233
9242
9257
9260
9262
9291
9300
9320
9324
9338
9370
9376
9380
9399
9427
9438
9451
9460
9469
9498
9507
9509
9519
9526
9537
9540
9543
9549
9553
9564
9589
9602
9622
9627
9631
9635
9637
9653
9661
9669
9679
9688
9693
9698
9703
9741
9757
9796
9797
9810
9813
9820
9852
9883
9917
9925
9926
9942
9944
9954
9957
9960
9977
10018
10024
10026
10029
10041
10050
10072
10151
10168
10181
10197
10243
10251
10267
10269
10290
10292
10347
10349
10358
10363
10367
10383
10390
10416
10440
10458
10474
10489
10496
10526
10527
10538
10540
10546
10577
10636
10652
10658
10683
10686
10694
10697
10712
10742
10744
10752
10763
10770
10778
10787
10789
10810
10845
10847
10874
10888
10924
10926
10928
10952
10964
10993
11000
11003
11034
11073
11079
11111
11124
11133
11152
11172
11191
11202
11207
11221
11224
11250
11270
11282
11303
11342
11368
11369
11434
11461
11464
11467
11468
11482
11490
11495
11505
11516
11568
11583
11595
11623
11657
11660
11687
11704
11722
11723
11736
11737
11748
11770
11773
11795
11809
11820
11835
11847
11852
11891
11894
11938
11945
11961
11966
11993
12014
12015
12016
12055
12065
12077
12080
12099
12127
12137
12175
12208
12234
12259
12262
12263
12288
12298
12308
12310
12315
12330
12339
12367
12371
12387
12404
12406
12426
12429
12445
12448
12465
12494
12532
12540
12577
12585
12639
12640
12644
12672
12682
12684
12709
12729
12732
12736
12739
12748
12761
12763
12770
12781
12784
12821
12831
12866
12867
12870
12872
12873
12882
12894
12904
12929
12935
12938
12951
12960
12966
12977
12982
12988
12989
13016
13041
13045
13079
13098
13126
13136
13145
13148
13169
13194
13198
13216
13218
13231
13232
13250
13256
13273
13311
13319
13338
13356
13407
13430
13459
13461
13474
13504
13518
13532
13553
13554
13555
13561
13565
13578
13649
13682
13710
13711
13724
13736
13737
13750
13801
13833
13871
13886
13892
13922
13923
13925
13949
13961
13962
14003
14084
14087
14121
14123
14125
14133
14157
14171
14183
14185
14207
14230
14232
14240
14257
14265
14283
14315
14329
14343
14353
14388
14393
14396
14427
14437
14476
14508
14526
14533
14547
14563
14586
14594
14658
14665
14677
14693
14711
14734
14739
14812
14851
14859
14861
14867
14872
14890
14922
14949
14956
14958
14969
15015
15039
15054
15081
15092
15106
15111
15113
15129
15149
15157
15201
15205
15207
15218
15293
15357
15360
15445
15457
15459
15493
15495
15499
15522
15524
15532
15576
15577
15578
15588
15607
15612
15634
15637
15681
15686
15727
15759
15763
15775
15782
15803
15804
15827
15837
15845
15853
15860
15870
15885
15890
15893
15901
15906
15915
15952
15954
16000
16014
16051
16099
16110
16114
16127
16129
16130
16131
16132
16170
16187
16196
16212
16213
16214
16249
16292
16299
16307
16345
16361
16362
16387
16395
16399
16440
16472
16485
16492
16500
16545
16579
16583
16585
16594
16624
16631
16656
16682
16685
16691
16699
16733
16784
16860
16861
16875
16888
16901
16902
16912
16949
16986
16993
17015
17036
17039
17054
17060
17089
17123
17216
17251
17267
17300
17308
17321
17391
17424
17481
17489
17519
17543
17550
17559
17566
17604
17613
17627
17640
17691
17725
17733
17761
17778
17784
17804
17828
17841
17844
17863
17871
17872
17878
17896
17935
17942
17952
17982
17987
18047
18072
18086
18098
18108
18121
18123
18129
18132
18147
18166
18170
18180
18190
18194
18204
18230
18307
18311
18314
18339
18354
18422
18432
18445
18465
18473
18500
18525
18529
18544
18553
18571
18583
18601
18616
18630
18654
18687
18693
18699
18743
18744
18757
18767
18783
18790
18827
18882
18895
18899
18901
18937
18952
19020
19040
19049
19086
19088
19105
19108
19117
19122
19128
19157
19161
19162
19190
19204
19319
19384
19385
19410
19433
19479
19497
19553
19567
19600
19616
19639
19728
19744
19759
19765
19781
19784
19789
19800
19807
19809
19890
19966
19976
19988
19994
20021
20031
20047
20065
20094
20107
20122
20129
20148
20180
20211
20218
20226
20240
20252
20268
20281
20326
20335
20367
20376
20386
20430
20451
20453
20495
20500
20524
20536
20579
20594
20598
20612
20654
20672
20676
20682
20700
20704
20740
20794
20798
20816
20854
20868
20870
20883
20900
20925
20965
20970
21001
21038
21055
21116
21141
21148
21176
21177
21194
21248
21277
21286
21336
21347
21362
21422
21428
21481
21551
21579
21611
21632
21716
21729
21733
21771
21776
21778
21782
21797
21801
21812
21837
21850
21871
21875
21904
21913
21929
21997
21998
21999
22019
22033
22064
22069
22093
22123
22130
22135
22137
22180
22197
22214
22236
22237
22292
22337
22399
22404
22422
22429
22469
22471
22519
22528
22546
22549
22551
22602
22618
22634
22642
22656
22661
22732
22746
22787
22789
22817
22825
22865
22869
22880
22898
22949
22957
23027
23055
23057
23074
23089
23097
23119
23139
23172
23186
23212
23223
23233
23244
23320
23325
23347
23365
23379
23387
23396
23451
23459
23477
23485
23496
23503
23531
23601
23617
23666
23747
23755
23763
23772
23774
23780
23804
23806
23809
23863
23872
23874
23877
23899
23915
23936
23941
23943
23944
23957
23964
24019
24098
24101
24119
24131
24143
24152
24183
24233
24234
24252
24291
24311
24314
24315
24326
24329
24372
24373
24426
24469
24478
24533
24538
24548
24571
24574
24599
24604
24609
24636
24638
24658
24678
24704
24710
24723
24725
24755
24766
24798
24825
24838
24839
24850
24880
24894
24905
24915
24943
24949
24957
24972
24974
24975
24981
24983
24997
25006
25013
25102
25104
25235
25291
25302
25313
25333
25337
25384
25426
25436
25439
25446
25515
25544
25551
25565
25569
25572
25592
25599
25618
25646
25689
25692
25812
25822
25830
25853
25877
25884
25893
25896
25936
25941
25949
25980
25986
25996
26046
26054
26062
26064
26066
26079
26080
26094
26128
26140
26197
26220
26230
26247
26316
26319
26330
26336
26356
26363
26364
26370
26377
26381
26387
26416
26435
26444
26521
26533
26569
26576
26597
26610
26646
26687
26688
26691
26719
26780
26815
26821
26831
26840
26843
26923
26955
26979
26982
26996
26998
27028
27065
27073
27080
27092
27108
27123
27192
27355
27396
27403
27408
27493
27542
27600
27611
27633
27644
27658
27687
27723
27730
27739
27775
27784
27948
27950
27951
27960
27975
27993
27995
28027
28035
28071
28138
28150
28161
28163
28182
28195
28198
28226
28232
28235
28238
28242
28249
28250
28253
28272
28284
28291
28318
28320
28335
28363
28379
28396
28434
28438
28458
28459
28479
28506
28516
28541
28546
28549
28552
28573
28582
28584
28593
28632
28644
28699
28706
28717
28734
28797
28855
28894
28895
28962
28970
28992
29000
29005
29021
29041
29047
29093
29113
29170
29172
29228
29278
29304
29321
29329
29373
29421
29446
29465
29470
29490
29573
29582
29622
29652
29670
29672
29674
29676
29721
29728
29741
29779
29798
29805
29807
29814
29820
29837
29882
29898
29910
29940
29979
29983
29985
30035
30095
30105
30111
30148
30153
30194
30260
30288
30342
30349
30356
30361
30392
30403
30405
30409
30434
30435
30436
30443
30445
30504
30576
30594
30608
30615
30655
30676
30703
30730
30742
30807
30852
30864
30906
30908
30914
30930
30933
30948
30956
30982
30991
30995
31002
31007
31012
31037
31040
31084
31116
31131
31133
31172
31177
31200
31214
31311
31371
31376
31405
31409
31415
31447
31512
31530
31554
31579
31636
31651
31693
31788
31792
31825
31835
31847
31919
32047
32071
32110
32130
32161
32174
32211
32214
32240
32242
32265
32287
32476
32481
32585
32687
32746
32758
32786
32788
32801
32806
32807
32812
32825
32843
32845
32875
32883
32927
32944
32975
33010
33066
33130
33155
33213
33228
33240
33276
33281
33288
33352
33353
33366
33406
33411
33498
33555
33557
33580
33640
33682
33690
33695
33735
33741
33766
33792
33806
33826
33853
33900
33906
33969
33976
33978
34008
34033
34111
34125
34155
34256
34259
34270
34303
34310
34355
34361
34398
34408
34438
34460
34489
34543
34565
34574
34577
34604
34615
34660
34760
34765
34870
34885
34912
34946
34952
35019
35049
35058
35062
35101
35138
35145
35193
35251
35324
35397
35408
35411
35421
35614
35660
35688
35751
35787
35877
35890
35937
35952
35959
35977
36073
36082
36167
36174
36204
36208
36278
36297
36352
36450
36501
36547
36599
36611
36621
36689
36713
36723
36735
36798
36811
36828
36859
36915
36969
37034
37037
37069
37070
37140
37321
37323
37338
37356
37399
37533
37566
37572
37611
37622
37844
37876
37912
37916
37978
38019
38090
38104
38125
38281
38307
38361
38426
38447
38472
38553
38662
38770
38818
38828
38837
38928
38946
38962
38993
39002
39071
39096
39132
39133
39294
39372
39387
39417
39496
39557
39594
39608
39727
39741
39843
39871
39893
39984
39988
40193
40259
40292
40501
40573
40611
40629
40666
40680
40699
40763
40811
40853
40943
40982
41003
41021
41061
41083
41106
41130
41234
41281
41400
41512
41580
41610
41710
41715
41737
41755
41811
41863
41938
41975
42016
42052
42067
42093
42137
42212
42550
42555
42608
42718
42752
42893
42904
43068
43105
43173
43384
43428
43935
43963
43973
43975
44111
44597
44949
