22
30
90
116
140
149
156
425
457
464
472
520
526
628
676
717
730
958
962
985
1137
1174
1200
1205
1278
1354
1495
1543
1566
1573
1639
1704
1715
1829
1832
1837
1884
1888
1904
1934
2059
2062
2164
2194
2347
2386
2505
2635
2675
2740
2815
2855
3135
3158
3164
3215
3242
3292
3382
3387
3393
3494
3598
3613
3642
3655
3661
3694
3799
3925
3994
3995
4006
4009
4038
4079
4227
4257
4264
4307
4308
4374
4438
4495
4532
4554
4630
4696
4709
4826
4849
4937
5028
5062
5065
5100
5124
5210
5239
5283
5396
5398
5418
5505
5530
5531
5778
5836
5854
5933
6042
6057
6115
6178
6285
6318
6401
6421
6446
6581
6600
6692
6694
6752
6911
6952
6980
7108
7266
7280
7282
7308
7404
7472
7480
7483
7625
7748
7774
7782
7807
8021
8157
8193
8271
8300
8334
8342
8424
8488
8616
8670
8684
8758
8822
8967
8990
9022
9044
9228
9314
9338
9458
9459
9637
9662
9668
9779
9964
10103
10107
10160
10215
10390
10402
10503
10661
10662
10797
10845
10923
10959
10986
10993
11068
11156
11340
11368
11412
11630
11712
11963
11966
12043
12045
12099
12113
12219
12268
12321
12532
12703
12784
12941
12960
12962
13027
13232
13420
13905
13907
14011
14026
14049
14081
14123
14138
14174
14329
14388
14407
14563
14590
14799
14811
15006
15102
15113
15127
15178
15218
15255
15373
15431
15585
15589
15707
15876
15934
16113
16187
16190
16517
16529
16646
16810
16848
16860
16875
16901
16968
16986
16993
17015
17322
17410
17461
17581
17595
17610
17759
17875
18086
18147
18161
18163
18172
18175
18544
18616
18693
18722
18743
18818
18880
18959
19020
19111
19204
19275
19523
19647
19765
19924
20014
20181
20364
20504
20569
20588
20738
20794
20803
20989
21060
21266
21453
21583
21594
21729
22076
22130
22233
22256
22292
22346
22352
22395
22573
22618
22794
22949
22967
23357
23396
23410
23466
23524
23614
23743
23806
23843
23863
24082
24126
24364
24454
24574
24782
24818
24890
25100
25117
25309
25515
25562
25575
25598
25688
25722
25761
25815
26054
26062
26164
26244
26370
26381
26569
26570
26680
26688
26761
26821
27068
27123
27200
27294
27423
27481
27496
27607
27644
28342
28421
28458
28553
28632
28797
28970
29228
29291
29323
29582
29797
29872
29926
29961
29991
29994
30138
30280
30376
30419
30459
30469
30566
30593
31002
31554
31658
31666
31869
32027
32130
32234
32347
32477
32505
32752
32997
33640
33663
33735
34008
34088
34506
34846
35302
35324
35354
35574
35654
35717
35807
36082
36327
36485
36583
36715
36723
36798
36862
36920
36930
37388
37460
37497
38307
38426
38528
38567
38810
38828
39154
39178
39387
39727
39855
40307
40573
41180
41417
41657
42060
42633
42648
43173
43935
44636
