18
162
185
219
240
309
319
356
426
436
546
567
612
616
789
857
916
926
936
939
944
1023
1040
1042
1089
1108
1138
1195
1209
1244
1321
1367
1374
1460
1490
1510
1535
1540
1675
1678
1770
1786
1864
1882
1966
1967
2064
2111
2125
2190
2197
2229
2233
2293
2314
2321
2426
2439
2440
2484
2614
2617
2618
2639
2661
2699
2709
2735
2794
2952
3052
3061
3069
3154
3197
3214
3379
3411
3479
3563
3626
3683
3689
3741
3765
3792
3845
3878
3913
3943
3979
4058
4063
4082
4097
4114
4123
4129
4179
4190
4225
4264
4300
4332
4348
4373
4439
4488
4531
4565
4581
4599
4617
4664
4712
4721
4737
4764
4844
4852
4893
4896
4936
4942
5061
5090
5174
5178
5182
5203
5212
5270
5305
5306
5326
5346
5370
5377
5443
5541
5546
5555
5581
5659
5697
5792
5834
5888
5908
5928
5931
5936
6037
6094
6132
6138
6141
6169
6171
6183
6189
6260
6266
6276
6390
6542
6545
6553
6626
6634
6701
6714
6760
6788
6815
6829
6887
6965
7040
7133
7146
7215
7326
7358
7367
7457
7498
7506
7508
7520
7533
7591
7603
7682
7723
7788
7830
7871
7912
7933
7937
7972
8037
8056
8142
8206
8209
8219
8231
8266
8272
8316
8327
8396
8397
8415
8423
8443
8504
8515
8529
8606
8715
8729
8845
8989
8996
9056
9060
9075
9093
9143
9153
9168
9242
9250
9292
9293
9345
9366
9391
9451
9576
9580
9603
9624
9652
9704
9716
9742
9794
9898
9911
9945
9983
10090
10106
10136
10144
10191
10216
10341
10403
10406
10437
10483
10545
10624
10816
10847
10865
10886
10892
10931
11000
11019
11057
11093
11099
11184
11193
11240
11325
11356
11393
11447
11464
11543
11604
11637
11720
11769
11832
11905
11933
12035
12057
12079
12101
12114
12133
12140
12142
12226
12239
12247
12292
12318
12405
12437
12461
12481
12509
12529
12591
12613
12634
12724
12985
13039
13069
13166
13191
13252
13293
13298
13304
13380
13422
13456
13511
13528
13536
13553
13668
13792
13847
13885
13886
14038
14068
14123
14195
14202
14203
14214
14233
14265
14374
14400
14406
14532
14549
14645
14740
14743
14767
14793
14794
14799
14811
14824
14884
14944
14958
15008
15075
15122
15170
15179
15203
15214
15254
15316
15362
15402
15427
15457
15461
15498
15571
15657
15677
15702
15703
15753
15774
15777
15794
15841
15927
15948
15979
16014
16037
16049
16080
16090
16121
16180
16227
16229
16239
16272
16283
16321
16347
16362
16432
16481
16492
16547
16595
16619
16703
16704
16705
16757
16763
16788
16802
16909
16935
16936
16968
17004
17060
17061
17065
17066
17069
17188
17292
17350
17400
17413
17419
17420
17426
17432
17436
17514
17564
17641
17736
17747
17763
17773
17816
17862
17883
17896
17912
17978
17982
17988
18043
18087
18089
18134
18163
18172
18208
18211
18251
18298
18348
18363
18425
18457
18548
18567
18579
18606
18617
18657
18690
18694
18695
18726
18804
18867
18876
18894
18930
18952
19017
19093
19178
19179
19216
19315
19374
19403
19462
19497
19531
19532
19561
19584
19590
19635
19662
19669
19686
19709
19732
19764
19798
19841
19844
19850
19930
19984
20013
20072
20323
20360
20392
20422
20494
20515
20568
20597
20604
20655
20761
20788
20829
20830
20864
20893
20900
20966
20989
21048
21059
21152
21158
21169
21180
21187
21213
21369
21376
21400
21446
21453
21503
21550
21560
21744
21773
21980
21999
22043
22055
22059
22088
22130
22197
22201
22288
22335
22393
22395
22432
22444
22446
22561
22619
22636
22649
22827
22841
22885
22886
22989
23058
23099
23134
23165
23169
23184
23225
23255
23311
23327
23430
23487
23526
23529
23546
23568
23574
23579
23580
23589
23594
23602
23606
23621
23658
23672
23715
23737
23748
23784
23840
23850
23876
23935
23973
24040
24102
24141
24212
24233
24250
24313
24340
24353
24363
24395
24455
24461
24506
24625
24633
24644
24678
24806
24847
24879
24940
25093
25108
25188
25193
25311
25381
25444
25515
25542
25667
25719
25727
25754
25770
25870
26100
26146
26156
26185
26198
26243
26364
26407
26430
26457
26637
26701
26707
26718
26791
26816
26820
26836
26850
26880
26885
26930
26931
26933
26936
26950
27023
27197
27244
27258
27266
27273
27389
27408
27487
27538
27539
27543
27544
27554
27577
27704
27726
27729
27774
27814
27836
27867
27875
27920
28048
28070
28072
28090
28154
28181
28205
28252
28260
28351
28380
28397
28406
28443
28448
28499
28551
28618
28807
28817
28851
28854
28873
28964
28998
29006
29048
29059
29088
29114
29121
29162
29166
29223
29252
29436
29444
29518
29523
29550
29574
29602
29610
29625
29650
29780
29906
29958
30055
30090
30165
30187
30222
30302
30352
30373
30378
30415
30445
30481
30549
30566
30612
30674
30678
30703
30857
30864
30912
30931
30941
30955
30960
31010
31023
31048
31160
31222
31241
31255
31282
31287
31292
31332
31559
31598
31635
31653
31718
31867
31875
31998
32031
32043
32155
32175
32216
32272
32303
32395
32482
32615
32637
32646
32679
32696
32711
32774
32904
32938
32962
33000
33048
33068
33072
33080
33097
33119
33131
33187
33214
33224
33298
33346
33411
33424
33449
33542
33546
33578
33593
33616
33658
33665
33673
33698
33779
33793
33831
33835
33845
33894
33913
33916
33923
33966
34023
34113
34118
34153
34219
34247
34325
34353
34366
34459
34466
34478
34517
34542
34587
34595
34606
34686
34699
34700
34712
34760
34769
34773
34809
34811
34826
34874
34905
34911
34931
34990
35013
35021
35055
35081
35083
35115
35273
35372
35382
35400
35404
35408
35551
35596
35619
35624
35669
35687
35780
35792
35821
35848
35897
35909
35946
35974
36020
36027
36039
36041
36060
36064
36210
36219
36267
36291
36294
36342
36418
36424
36445
36462
36477
36849
36856
36920
37000
37014
37028
37069
37075
37084
37103
37178
37264
37273
37405
37458
37513
37639
37652
37685
37708
37711
37724
37730
37731
37758
37825
37845
37851
37962
37987
38032
38191
38192
38254
38278
38317
38324
38392
38451
38484
38497
38538
38588
38590
38679
38796
38825
38927
38967
39016
39029
39050
39106
39150
39239
39259
39311
39344
39418
39493
39568
39569
39602
39641
39658
39684
39695
39746
39849
39862
39959
39972
39987
40003
40109
40112
40142
40159
40189
40294
40321
40460
40505
40553
40560
40570
40591
40604
40640
40651
40675
40699
40712
40746
40755
40834
40939
40954
41012
41241
41284
41320
41321
41387
41389
41454
41466
41467
41532
41541
41542
41574
41650
41728
41937
41966
42012
42034
42101
42143
42205
42207
42232
42243
42246
42319
42545
42635
42690
42739
42759
42805
42809
42884
42921
42932
42985
43070
43110
43137
43156
43159
43188
43272
43379
43457
43471
43488
43520
43531
43549
43573
43581
43589
43625
43629
43812
43831
43880
43883
43887
43907
43939
44047
44066
44070
44150
44206
44226
44246
44276
44329
44337
44409
44421
44425
44458
44575
44630
44643
44705
44758
44829
44884
44929
44976
44977
45085
45138
45153
45224
45259
45419
45466
45470
45484
45556
45566
45624
45632
45652
45730
45780
45781
45918
45985
46001
46011
46012
46023
46059
46060
46086
46112
46126
46131
46199
46216
46223
46254
46304
46313
46318
46329
46353
46383
46515
46567
46602
46758
46765
46786
46820
46868
46978
47071
47075
47088
47143
47165
47208
47218
47292
47379
47410
47411
47412
47487
47488
47497
47505
47509
47528
47533
47595
47621
47666
47900
47916
47930
47937
48019
48047
48109
48129
48135
48188
48197
48205
48235
48298
48339
48370
48371
48460
48466
48522
48588
48646
48701
48731
48837
48895
49005
49006
49074
49133
49180
49194
49197
49267
49273
49343
49350
49417
49456
49505
49551
49565
49594
49628
49644
49724
49728
49806
49864
49875
49930
49954
49973
49985
50006
50053
50055
50125
50131
50146
50278
50473
50478
50505
50508
50523
50615
50649
50687
50703
50737
50751
50765
50847
50954
50975
50991
51009
51027
51052
51137
51172
51196
51262
51308
51341
51382
51391
51427
51436
51458
51502
51602
51629
51640
51662
51731
51831
51835
51860
51911
51984
52016
52087
52167
52180
52193
52208
52277
52323
52340
52490
52509
52595
52624
52625
52667
52728
52779
52812
52882
52896
52954
53035
53043
53046
53058
53088
53112
53121
53144
53165
53251
53308
53399
53401
53458
53568
53572
53592
53657
53664
53698
53804
53812
53813
53856
53889
53990
54000
54021
54100
54185
54189
54227
54231
54265
54345
54457
54535
54554
54609
54698
54710
54762
54777
54862
54938
54948
54972
54991
55014
55021
55078
55081
55103
55185
55200
55237
55240
55275
55337
55353
55359
55363
55544
55587
55646
55658
55698
55896
56051
56059
56103
56116
56190
56194
56218
56225
56359
56362
56365
56366
56421
56509
56519
56523
56528
56547
56700
56724
56780
56848
56920
56925
56956
56973
56976
57005
57019
57067
57121
57190
57239
57272
57321
57395
57420
57484
57491
57593
57647
57679
57680
57694
57705
57729
57739
57758
57761
57831
57839
57911
57962
58009
58024
58164
58245
58277
58345
58409
58471
58505
58538
58579
58602
58731
58808
58893
58925
58944
58950
58983
59210
59353
59442
59474
59530
59560
59600
59663
59677
59684
59723
59877
60041
60079
60116
60152
60157
60187
60200
60208
60257
60355
60383
60414
60475
60548
60636
60637
60639
60679
60769
60780
60794
60809
60870
60880
60992
61013
61111
61257
61308
61436
61461
61576
61580
61594
61595
61656
61675
61708
61736
61760
61773
61802
61841
61947
62145
62167
62176
62195
62220
62250
62295
62358
62363
62385
62410
62440
62499
62542
62559
62588
62603
62671
62731
62793
62914
62981
62997
63021
63031
63054
63056
63065
63083
63098
63099
63139
63145
63224
63252
63321
63328
63435
63509
63582
63642
63673
63690
63827
63829
63897
63961
63974
64151
64191
64304
64327
64350
64387
64458
64498
64579
64669
64750
64773
64819
64973
64984
65004
65026
65081
65121
65184
65214
65394
65446
65462
65560
65600
65678
65688
65749
65928
65936
65962
65967
65969
66109
66118
66119
66135
66157
66324
66325
66345
66369
66375
66407
66460
66637
66657
66659
66685
66689
66691
66706
66745
66766
66797
66803
66836
67030
67043
67058
67148
67220
67276
67323
67341
67364
67423
67612
67675
67729
67739
67920
67940
67958
67966
67980
67990
68213
68257
68322
68324
68326
68360
68404
68443
68453
68505
68516
68545
68633
68653
68665
68719
68735
68792
68859
68862
68893
68996
69066
69072
69074
69101
69156
69185
69354
69403
69452
69461
69463
69583
69593
69648
69808
69823
69831
69910
69948
69957
69975
70017
70139
70144
70156
70195
70257
70303
70326
70381
70389
70461
70536
70586
70632
70637
70643
70667
70673
70687
70710
70735
70748
70914
70928
71113
71148
71193
71262
71460
71483
71566
71628
71638
71743
71783
71849
71919
71963
72003
72029
72069
72089
72114
72145
72162
72214
72255
72261
72324
72396
72429
72651
72665
72708
72748
72855
72897
72986
73085
73102
73237
73252
73273
73274
73451
73516
73576
73590
73638
73687
73702
73752
73753
73815
74035
74041
74077
74087
74256
74436
74451
74473
74533
74642
74660
74661
74784
74811
74813
74852
74882
74952
74959
74996
75045
75052
75088
75094
75185
75279
75345
75362
75392
75397
75444
75469
75488
75545
75588
75639
75712
75721
75756
75802
75874
75911
75941
75968
76073
76078
76128
76189
76213
76300
76340
76562
76611
76648
76711
76728
76749
76800
76854
76912
76950
76955
76964
76965
77066
77175
77177
77178
77207
77258
77323
77504
77562
77591
77674
77772
77790
77827
77883
77937
77954
77961
77962
78016
78027
78040
78045
78050
78051
78068
78153
78221
78337
78449
78576
78591
78640
78739
78952
78997
79028
79061
79067
79248
79263
79271
79322
79391
79396
79403
79532
79594
79619
79631
79658
79702
79730
79746
79774
79801
79820
79825
79841
79873
79892
80009
80010
80108
80115
80172
80243
80245
80306
80352
80381
80422
80490
80557
80562
80564
80625
80640
80650
80666
80667
80702
80703
80723
80762
80814
80844
80854
80884
81060
81238
81265
81291
81313
81320
81372
81418
81481
81547
81581
81626
81648
81668
81831
81833
81869
81906
82021
82076
82159
82240
82248
82461
82548
82646
82647
82842
82852
82915
82919
82937
82990
83012
83100
83101
83286
83324
83351
83445
83522
83549
83594
83674
83708
83732
83774
83799
83825
83900
83966
83991
84008
84077
84255
84293
84333
84390
84457
84477
84496
84571
84616
84650
84665
84733
84829
84844
84931
84947
85037
85082
85086
85109
85256
85309
85359
85406
85664
85734
85743
85767
85773
85785
85802
85872
85935
86095
86168
86219
86257
86391
86419
86482
86496
86650
86669
86766
86768
86958
87044
87131
87145
87160
87180
87250
87281
87303
87317
87321
87392
87416
87474
87502
87563
87629
87806
87850
87953
87996
88057
88106
88163
88208
88209
88250
88256
88305
88321
88326
88341
88415
88475
88497
88646
88686
88722
88742
88765
88771
88831
88892
88905
88920
88978
88990
89042
89069
89089
89121
89194
89556
89613
89619
89813
89827
89843
90053
90151
90198
90199
90309
90314
90381
90490
90544
90637
90642
90720
90731
90782
91138
91172
91257
91258
91352
91368
91413
91454
91770
91806
91875
91876
91878
91971
92113
92181
92319
92321
92505
92661
92674
92723
92735
92859
92984
93160
93235
93277
93341
93376
93387
93407
93469
93493
93517
93538
93626
93634
93639
93682
93689
93725
93836
93905
93953
93982
94181
94222
94294
94372
94383
94400
94404
94406
94420
94501
94518
94537
94543
94602
94667
94711
94746
94849
94858
94874
94879
94974
95273
95439
95508
95550
95561
95618
95649
95708
95732
95768
95813
95936
95940
95985
96002
96040
96050
96072
96138
96209
96216
96371
96394
96488
96637
96862
96871
96931
97143
97161
97194
97200
97397
97508
97513
97584
98036
98139
98146
98209
98213
98217
98241
98346
98387
98509
98543
98694
98754
98839
98847
98848
99008
99014
99038
99058
99246
99250
99254
99279
99282
99297
99326
99354
99445
99461
99490
99571
99600
99670
99671
99713
99879
99884
99906
99909
99991
100070
100150
100188
100201
100217
100229
100385
100448
100546
100673
100691
100733
100910
101107
101171
101195
101321
101325
101365
101449
101541
101543
101546
101548
101639
101655
101729
101896
101959
101981
102034
102077
102088
102138
102150
102178
102210
102232
102318
102364
102466
102516
102537
102553
102721
102746
102748
102759
102775
102801
102805
102806
102876
102921
102952
103182
103207
103224
103286
103353
103384
103397
103406
103417
103483
103524
103712
103727
103770
103816
103825
103850
104012
104028
104047
104246
104314
104422
104504
104551
104639
104663
104725
104773
104798
104805
104844
104996
105015
105021
105170
105432
105484
105502
105521
105543
105557
105568
105577
105618
105652
105672
105709
105795
105999
106032
106033
106078
106172
106386
106410
106415
106423
106451
106495
106564
106578
106658
106667
106710
106729
106747
106775
106818
106826
106859
106919
106940
106985
107017
107095
107145
107269
107272
107363
107401
107569
107571
107574
107645
107669
107847
107857
107893
107954
108038
108078
108079
108123
108198
108325
108331
108381
108536
108604
108741
108762
108827
108932
108940
108963
109016
109020
109024
109051
109235
109309
109387
109397
109451
109548
109589
109590
109693
109758
109761
109763
109932
109936
109984
110029
110063
110132
110145
110235
110360
110370
110396
110489
110506
110537
110659
110700
110702
110770
110816
110862
110932
110950
110969
111062
111109
111165
111196
111197
111204
111252
111254
111265
111335
111380
111458
111483
111564
111565
111585
111701
111762
111812
111935
111973
112055
112092
112093
112113
112141
112154
112258
112267
112270
112278
112298
112307
112322
112340
112348
112350
112380
112503
112555
112657
112742
112754
112811
112881
112893
113003
113004
113036
113087
113103
113109
113272
113313
113364
113457
113459
113460
113606
113672
113735
113741
113767
113911
113928
113975
113989
114001
114019
114032
114133
114248
114290
114345
114542
114577
114629
114763
114908
115033
115055
115064
115183
115229
115255
115347
115367
115368
115403
115453
115480
115511
115518
115527
115564
115754
115790
115815
115843
115863
115926
116017
116075
116090
116117
116163
116196
116222
116258
116346
116373
116476
116561
116643
116715
116717
116842
116905
116932
116996
117116
117270
117370
117446
117484
117509
117618
117658
117672
117792
117870
117913
117921
118021
118062
118153
118290
118438
118446
118568
118639
118718
118822
118978
119156
119253
119339
119480
119569
119667
119739
119901
119950
120054
120118
120262
120297
120421
120430
120434
120571
120592
120617
120646
120675
120743
121280
121607
121637
121703
121754
121798
121807
121933
122116
122175
122188
122239
122240
122259
122317
122347
122407
122459
122488
122496
122542
122624
122632
122781
122813
122817
122901
122912
122939
122940
123033
123160
123193
123383
123394
123414
123469
123494
123502
123514
123545
123561
123579
123668
123770
123782
123937
124087
124148
124161
124248
124266
124281
124333
124543
124614
124641
124956
124986
124997
125023
125043
125195
125225
125283
125345
125459
125487
125530
125550
125660
125869
125901
125971
125981
126000
126012
126122
126126
126168
126233
126365
126433
126543
126554
126575
126616
126739
126809
126999
127005
127113
127128
127130
127147
127178
127356
127368
127494
127519
127531
127576
127632
127721
127730
127732
127745
127768
127780
127994
128157
128217
128224
128406
128412
128582
128641
128824
128832
128943
129043
129055
129182
129202
129222
129504
129528
129542
129561
129611
129622
129628
129679
129706
129903
129934
130011
130013
130103
130170
130177
130317
130450
130500
130708
130718
130745
130757
130802
130812
130834
130936
130949
130953
131101
131138
131160
131172
131275
131364
131431
131434
131561
131565
131632
131671
131783
131800
131874
131933
131963
131968
132019
132132
132184
132410
132494
132498
132529
132600
132767
132811
132816
133067
133120
133325
133358
133377
133456
133458
133485
133533
133598
133719
133723
133784
133801
133889
133943
134110
134126
134188
134231
134279
134281
134293
134319
134398
134596
134608
134630
134786
134828
134855
134881
134941
134953
135016
135019
135055
135108
135299
135330
135360
135380
135404
135445
135468
135729
135768
135807
135898
136036
136041
136055
136127
136139
136152
136181
136211
136333
136408
136457
136474
136617
136625
136645
136686
136796
137056
137138
137298
137337
137343
137437
137472
137479
137529
137657
137758
137869
137896
138034
138094
138133
138358
138375
138403
138432
138452
138485
138555
138616
138658
138659
138707
138724
138757
138791
138825
139330
139483
139868
139899
139974
139982
140002
140048
140109
140289
140455
140509
140545
140563
140641
140672
140700
140855
141017
141217
141281
141343
141518
141661
141829
141911
141988
142051
142132
142188
142223
142806
142826
142839
142921
142981
143099
143204
143244
143303
143314
143435
143474
143476
143480
143554
143602
143721
143952
144007
144026
144066
144093
144118
144253
144705
144842
144921
144961
144964
144989
145007
145026
145148
145154
145213
145218
145319
145339
145353
145527
145533
145537
145538
145569
145636
145641
145687
145703
145705
145711
145812
145815
145818
145941
145988
146092
146096
146104
146151
146155
146174
146182
146241
146385
146445
146540
146666
146721
146727
146742
146823
146842
146905
146911
146918
147004
147010
147063
147157
147209
147231
147334
147455
147616
147809
147917
147971
147973
148189
148273
148344
148359
148385
148569
148656
148679
148735
148808
149044
149083
149127
149143
149175
149257
149332
149367
149375
149391
149463
149512
149515
149596
149782
149942
149952
150081
150216
150361
150401
150559
150667
150683
150759
150760
150838
150889
150900
150917
151096
151119
151171
151208
151278
151379
151449
151477
151624
151731
151739
151854
151867
152012
152095
152225
152422
152438
152622
152704
152713
152748
152905
152913
152953
152969
153168
153385
153460
153552
153585
153676
153771
153999
154041
154083
154092
154128
154195
154245
154356
154418
154459
154504
154620
154648
154760
154795
154849
154999
155083
155098
155172
155226
155236
155337
155561
155661
155692
155778
155783
155791
155857
155869
155905
156126
156227
156257
156283
156284
156357
156366
156418
156452
156521
156619
156880
156931
157189
157313
157336
157387
157621
157698
157739
157926
157991
158098
158101
158146
158295
158317
158450
158509
158528
158537
158735
159035
159258
159337
159441
159466
159514
159538
159651
159767
159823
159847
159986
160057
160129
160212
160290
160309
160342
160383
160606
160625
160639
160697
160716
160728
160872
160896
161077
161093
161189
161240
161263
161277
161549
161596
161711
161766
161846
162069
162305
162450
162543
162600
162631
162680
162694
162708
162997
163049
163196
163282
163311
163648
163695
163702
163839
163865
163946
164021
164101
164190
164265
164275
164554
164614
164715
164718
164828
164961
164964
165013
165037
165113
165163
165165
165351
165367
165449
165538
165598
165615
165734
165835
165875
165915
165994
166021
166061
166087
166331
166374
166453
166469
166482
166534
166562
166836
166893
166910
166999
167137
167256
167432
167468
167477
167516
167519
167548
167563
167577
167896
167944
167949
168040
168074
168190
168229
168336
168345
168362
168403
168418
168496
168518
168538
168880
168916
169006
169022
169081
169102
169206
169232
169253
169303
169437
169749
169824
169825
169858
169923
170086
170156
170254
170266
170284
170609
170622
170659
170674
170691
170695
170848
170916
171203
171231
171252
171275
171276
171291
171389
171440
171477
171494
171536
171697
171776
171800
171922
172000
172013
172118
172216
172522
172533
172577
172608
172686
172804
172863
172900
172960
172966
173011
173062
173108
173211
173389
173411
173467
173469
173490
173601
173632
173664
173698
173742
173831
173849
173871
173899
173958
174036
174038
174146
174172
174240
174262
174313
174317
174321
174392
174423
174446
174530
174561
174562
174829
174876
174892
174932
174982
175057
175210
175270
175291
175302
175401
175654
175674
175753
175878
175931
176098
176133
176227
176396
176456
176720
176852
176891
176986
177002
177006
177020
177038
177054
177109
177155
177335
177444
177477
177484
177567
177673
177737
177765
177770
178011
178216
178262
178266
178341
178703
178706
178805
178844
178871
179061
179081
179124
179182
179189
179276
179315
179455
179491
179520
179538
179716
179726
179731
179869
179901
179925
179933
180313
180398
180421
180436
180469
180481
180501
180505
180536
180627
180633
180673
180727
180888
180920
181080
181083
181143
181223
181351
181398
181517
181520
181634
181648
181685
181735
181757
181783
181810
181837
181873
182007
182030
182172
182176
182335
182367
182411
182476
182477
182482
182585
182692
182786
182953
183022
183406
183467
183477
183479
183749
183765
183780
183836
183918
183937
183995
184072
184076
184087
184136
184163
184226
184266
184362
184559
184587
184645
184744
184749
185113
185128
185173
185349
185357
185488
185542
185955
186026
186108
186167
186173
186221
186276
186294
186296
186419
186458
186504
186538
186780
186885
186957
186999
187023
187091
187149
187174
187210
187218
187228
187239
187245
187260
187280
187364
187546
187610
187757
187775
187879
188034
188120
188193
188226
188264
188304
188367
188510
188516
188570
188618
188972
189125
189225
189267
189353
189561
189586
189635
189704
189836
189885
189915
189919
190130
190177
190429
190437
190448
190582
190653
190760
190862
190875
190900
190920
190934
190988
191009
191107
191176
191185
191289
191318
191335
191722
191780
191841
191879
192026
192056
192269
192294
192295
192367
192462
192557
192674
192991
193402
193406
193872
194015
194052
194096
194222
194239
194319
194372
194541
194579
194595
194754
194831
194849
194891
195074
195145
195164
195337
195355
195418
195484
195550
195606
195827
195870
195898
195964
196001
196149
196188
196276
196339
196344
196359
196385
196490
196495
196686
196724
196728
196842
196933
196945
197055
197126
197235
197304
197318
197324
197430
197617
197623
197910
198189
198235
198325
198585
198678
198720
198816
198979
199003
199009
199095
199133
199202
199232
199380
199444
199481
199718
199777
199818
199873
199905
199979
200019
200052
200112
200149
200196
200227
200310
200329
200368
200451
200459
200597
200675
200729
200751
200860
200911
200948
201166
201410
201463
201486
201499
201634
201682
201716
202186
202221
202322
202401
202443
202837
203043
203050
203121
203152
203167
203243
203283
203292
203396
203493
203608
203645
203773
203996
204228
204257
204415
204576
204632
204661
204667
204732
204762
204771
204823
204925
205039
205293
205379
205383
205499
205525
205658
205680
205820
206012
206103
206124
206193
206249
206320
206355
206539
206540
206544
206578
206695
206773
206802
206859
207069
207167
207183
207322
207451
207773
207827
207893
208019
208046
208079
208107
208200
208202
208354
208419
208765
208818
208853
208990
209002
209076
209267
209327
209440
209444
209472
209560
209621
209903
209972
210067
210212
210239
210329
210385
210408
210423
210501
210547
210766
210812
210847
210880
211097
211197
211296
211332
211385
211426
211432
211527
211556
211560
211695
211707
211836
211933
211940
212049
212133
212178
212273
212314
212396
212426
212439
212492
212494
212506
212587
212641
212752
212768
212830
212865
212906
213166
213235
213375
213462
213640
213719
213908
213964
214233
214305
214438
214528
214529
214730
214937
215046
215175
215244
215356
215553
215564
215712
215718
215719
215791
215934
216040
216204
216386
216391
216477
216528
216854
216915
217006
217068
217086
217286
217297
217472
217610
217728
217746
217905
218171
218176
218212
218248
218413
218424
218651
218694
218711
218845
219043
219064
219198
219255
219456
219537
219753
219781
219804
219879
220029
220172
220258
220306
220332
220376
220440
220611
220655
220694
220736
220755
220852
221005
221013
221043
221086
221125
221172
221267
221323
221326
221592
221863
221898
221921
221993
222011
222024
222044
222154
222346
222420
222749
222782
222824
223000
223019
223213
223258
223283
223349
223358
223463
223544
223722
223808
223947
224068
224161
224237
224435
224596
224639
224685
224713
224717
224746
224782
224830
224870
224905
224912
225099
225149
225153
225208
225211
225317
225359
225415
225428
225489
225687
225692
225819
225921
225945
225974
225999
226004
226111
226163
226417
226432
226469
226574
226701
226984
227049
227063
227194
227218
227253
227529
227699
227814
227835
227880
227922
227937
227972
228094
228204
228205
228208
228220
228273
228316
228514
228642
228692
228990
229120
229122
229223
229272
229346
229363
229371
229388
229627
229751
229829
229885
230031
230141
230331
230656
230679
230720
230774
230795
230879
230995
230998
231106
231149
231282
231424
231473
231547
231570
231590
231596
231626
231649
231807
231974
231999
232050
232083
232092
232096
232153
232192
232296
232612
232712
232813
233224
233516
233542
233563
233733
233939
233951
234081
234662
234729
234835
234902
234968
235144
235281
235414
235458
235565
235713
235839
235884
235885
235921
235931
236182
236214
236266
236309
236533
236547
236563
236810
236860
236988
237004
237063
237103
237287
237294
237397
237501
237614
237653
237663
237677
237702
237746
237818
237953
238008
238010
238039
238066
238141
238242
238400
238402
238495
238530
238864
238870
238905
238931
239391
239572
239743
239786
239916
240001
240086
240192
240272
240366
240590
240697
240698
240749
240767
240964
241273
241283
241375
241387
241448
241482
241615
241669
241682
241758
242232
242446
242529
242561
242631
243011
243060
243537
243543
243551
243566
243648
243751
243947
243992
244007
244064
244237
244262
244394
244489
244585
244662
244740
244749
244813
244906
244949
244953
244985
245032
245287
245302
245333
245447
245450
245570
245690
245699
245719
245969
246359
246624
246642
246937
246994
247175
247185
247309
247407
247413
247444
247860
247953
247980
248067
248150
248170
248268
248422
248453
248482
248484
248547
248628
248788
248833
248993
249045
249374
249381
249386
249595
249721
249725
249730
249779
249829
249979
249981
250008
250247
250306
250328
250628
250705
250965
250990
251041
251269
251665
251668
251822
251902
251914
252098
252138
252149
252201
252565
252742
252753
253095
253173
253183
253244
253441
253652
253724
253744
253913
253979
254048
254064
254107
254185
254250
254636
254678
254753
254761
254807
255139
255325
255397
255419
255489
255505
255506
255507
255592
255669
255870
255903
255930
255954
256055
256071
256099
256154
256168
256176
256197
256219
256281
256283
256377
256436
256450
256473
256480
256503
256510
256545
256609
256625
256671
256685
256737
256739
257014
257017
257183
257455
257496
257573
257581
257767
257835
257923
258106
258256
258381
258588
258613
259157
259180
259267
259361
259404
259492
259850
259886
260106
260452
260482
260496
260512
260698
260708
260726
260892
261073
261260
261315
261320
261427
261635
261690
261756
262009
262063
262095
262132
262159
262251
262332
262446
262583
262876
262902
263053
263099
263239
263293
263435
263518
263721
263853
263856
264072
264301
264310
264332
264419
264546
264576
264612
264711
264764
264770
264825
265076
265138
265440
265534
265604
265819
265915
266166
266346
266679
266742
266920
267050
267112
267189
267238
267488
267489
267508
267510
267527
267695
267734
267812
267828
267993
268034
268061
268104
268112
268138
268478
268485
268489
268490
268741
268871
268877
268882
269048
269118
269158
269159
269178
269210
269375
269497
269508
269515
269542
269791
269979
270001
270115
270175
270199
270207
270339
270724
270740
270975
270986
271066
271118
271215
271245
271344
271575
271612
271683
271872
271886
272003
272010
272052
272093
272399
272414
272521
272540
272786
272887
272931
273056
273291
273446
273611
273680
273743
273763
274078
274102
274198
274205
274317
274321
274461
274463
274465
274713
274758
274785
274803
275003
275024
275152
275222
275361
275871
275872
275924
275925
276238
276241
276264
276269
276282
276404
276481
276633
276652
276747
276790
276794
276813
276824
276859
277178
277258
277277
277325
277403
277416
277702
277723
277803
277996
278126
278239
278333
278706
278739
278848
278905
278935
278963
279127
279140
279842
279845
279877
279879
280057
280149
280187
280222
280564
280603
280615
280631
280745
280870
280908
280963
281276
281498
281553
281594
281705
281886
281930
282081
282119
282158
282206
282324
282446
282611
282669
282786
282866
282928
283013
283274
283357
283380
283384
283463
283526
283532
283567
283651
283668
283939
284022
284319
284383
284467
284487
284552
284588
284689
284749
284858
284865
285090
285267
285272
285535
285601
285612
285723
285853
285929
285951
286021
286042
286106
286119
286233
286427
286436
286474
286642
286645
286669
286845
286949
287178
287207
287533
287564
287744
287767
288571
288773
288857
288924
288954
289187
289264
289602
289991
290079
290218
290355
290434
290510
291019
291079
291094
291175
291177
291257
291294
291379
291736
291974
291988
292189
292322
292574
292621
292767
292832
293215
293226
293277
293316
293326
293439
293531
293532
293565
293604
293637
293818
293847
293932
293949
294031
294251
294318
294480
294576
294604
294901
295008
295170
295323
295535
295723
295851
295896
295964
296064
296282
296487
296822
296916
296964
297066
297238
297297
297383
297418
297436
297437
297506
297549
297621
297635
297710
297816
298007
298083
298242
298516
298632
298742
298903
298962
299282
299441
299589
299646
299774
299851
300206
300231
300337
300484
300513
300588
300767
300797
300936
301054
301069
301127
301168
301186
301570
301734
301933
302023
302380
302461
302546
302585
302693
302809
302834
303094
303238
303483
303513
303540
303711
303735
303765
303876
303902
303919
304159
304317
304578
304599
304667
304721
304786
304812
304825
304859
305034
305131
305173
305253
305255
305511
305770
305889
305891
306016
306126
306328
306330
306548
306574
306625
306704
306833
306916
307075
307165
307335
307787
308065
308108
308253
308301
308384
308456
308988
309017
309262
309369
309399
309502
309615
309751
309770
309818
309913
309942
309999
310091
310275
310392
310408
310517
310520
310555
310566
310572
310792
310814
310851
310982
310998
311007
311412
311520
311691
311710
311867
311900
312403
312436
312442
312498
312604
313123
313221
313226
313265
313384
313464
313472
313518
313586
313616
313654
313729
313740
313826
313963
314008
314087
314171
314244
314392
314573
314647
314749
314830
314887
314968
315018
315213
315262
315285
315399
315423
315529
315869
315905
315985
316094
316188
316290
316546
316660
316702
316747
316949
317027
317082
317163
317210
317261
317311
317342
317420
317442
317465
317568
317588
317672
317848
317868
317989
318490
318602
318661
318739
318882
318943
318966
319100
319179
319272
319287
319397
319510
319513
319567
319676
319698
319787
319837
319909
320022
320120
320211
320349
320439
320603
320728
320835
320908
321005
321037
321316
321562
321729
321809
321940
322016
322039
322099
322377
322444
322545
322546
322657
322702
322742
322816
322867
322930
322962
323151
323263
323445
323453
323478
323539
323576
323726
323770
323838
324270
324321
324409
324549
324632
325015
325365
325491
325627
325853
326057
326624
326827
326897
326951
326952
327131
327189
327312
327357
327422
327513
327621
327962
327975
328035
328532
328583
329482
329657
329738
329954
330213
330324
330384
330388
330625
330688
330765
330986
331123
331295
331390
331713
332696
332704
332727
333077
333098
333134
333182
333368
333698
333791
333975
334345
334477
334504
334538
335548
335630
335636
335640
335644
335652
335785
336051
336066
336083
336149
336268
336632
336652
336657
336847
336857
336884
336921
336959
336989
337548
337549
337736
337790
338023
338052
338084
338137
338178
338546
338659
338904
338969
339027
339055
339125
339160
339220
339257
339462
339558
339921
339933
340025
340082
340171
340184
340251
340607
340644
340890
341130
341350
341534
341770
341809
341843
342035
342057
342169
342416
342472
342487
342643
342800
342961
343132
343169
343453
343577
343599
343651
343743
343800
344058
344264
344448
344462
344840
344878
344899
344986
345049
345285
345411
345596
345639
345812
345868
346095
346103
346292
346345
346348
346375
346636
346645
346817
346844
346878
347047
347137
347198
347373
347574
347666
347855
347895
347953
348003
348960
349018
349036
349049
349070
349130
349544
349554
349685
349888
349906
349947
350157
350657
350799
351394
351497
351521
351720
351727
351809
352110
352177
352193
352475
352665
352819
353022
353079
353211
353310
353363
353918
354107
354138
354243
354359
354648
354668
354918
354965
355084
355102
355109
355252
355253
355288
355550
355572
356376
356537
356688
356707
357233
357262
357275
357356
357458
357560
357659
357767
357926
358287
358545
358753
358765
358807
359024
359445
359550
360036
360089
360316
360325
360401
360427
360875
361439
361456
361607
361639
361705
361968
362152
362213
362221
362337
362424
362760
362953
363038
363163
363222
363310
363537
363616
363618
363740
363947
364089
364103
364145
364298
364443
364613
364636
364774
364883
365342
365345
365408
365553
365573
365639
366115
366309
366356
366517
366746
366759
367337
367675
368079
368101
368437
368663
368726
368798
368852
368980
369065
369110
369407
369521
369587
369750
370050
370096
370101
370314
370495
371101
371363
371387
371477
371508
371530
371911
371971
372102
372477
372520
372726
372821
372934
372991
373108
373297
373463
373675
373812
374263
374278
374403
374718
375243
375471
375619
375857
375948
376362
376380
376412
376446
376946
377230
377532
377617
377663
377823
378113
378117
378189
378246
378408
378460
378463
378933
379023
379310
379919
379942
379988
380166
381087
381139
381798
381840
381938
382348
382551
382594
382741
382799
383139
383145
383221
384008
384046
384151
384472
384612
384662
384744
384832
384845
384915
385316
385383
385409
385428
385746
385796
386093
386178
386293
386404
386733
386748
386817
386871
386876
386947
386967
386976
387275
387398
387427
387445
387656
387936
388282
388377
388466
388501
388619
388665
389136
389322
389468
389508
389518
389652
390229
390250
390278
390322
390358
390374
390798
391063
391216
391269
391803
392339
392649
392662
392693
392863
392888
393217
393388
393481
393581
393688
393699
393873
393891
393970
394086
394244
394437
394459
394483
394554
394730
394755
394895
395035
395090
395493
395513
395664
395735
396027
396036
396366
396704
396948
397261
398022
398123
398127
398245
398343
398425
398433
398507
398577
398821
398955
399313
399399
399519
399529
399693
399712
400170
400411
400438
400475
400862
401170
401419
401632
401789
402145
402420
403170
403735
403755
403778
403783
404374
404416
404491
404656
405148
405470
405763
406306
406464
406518
406542
406621
407200
407285
407496
407647
407726
407871
408002
408096
408462
408533
408719
408945
409080
409117
409406
409566
409593
409696
409762
409833
409935
409941
410019
410034
410600
411110
411147
411258
411435
411468
411502
411601
411830
412192
412421
412450
412567
412811
412912
413078
414002
414123
414262
414354
414786
415437
415465
415701
415835
415953
416098
416646
416719
416878
416883
417154
417601
417685
417883
418037
418119
418710
418717
418947
419064
419139
419249
419325
419438
419544
419686
419711
420222
420540
420681
420682
420744
420967
421125
421150
421436
421559
421638
421930
422169
422380
422708
423000
423398
423411
423416
423561
424293
424465
424472
424474
424689
424863
425016
425161
425178
425319
425572
425950
426040
426369
426965
426991
427140
427157
427589
427616
427652
427730
427807
428582
428702
428835
428876
429111
429379
429981
430124
430168
430408
430654
431108
431237
431581
431600
431821
432278
432336
432367
432375
432439
432893
433246
433310
433624
434567
434620
434756
434784
435000
435311
435591
435658
435681
436022
436493
436786
438225
438419
439035
439285
439542
439840
440080
440087
440097
440198
440222
440396
440593
440716
440821
441006
441021
441088
441324
441328
441622
441722
442079
442248
442276
442361
442616
442977
443090
443161
443783
444305
444483
444966
445950
446066
446235
446490
447100
447476
447562
448562
448970
449091
449436
450254
450413
451018
451025
451133
451145
451222
451406
451649
451678
451989
452051
452358
452550
453035
453117
454126
454160
454210
454393
454441
454624
454879
454990
455130
455183
455790
456521
456666
456751
456761
457104
457226
457419
457554
457719
457857
457899
457924
458002
458083
458313
458324
458600
458607
458710
458834
459319
460188
460826
460927
461105
461298
461676
461920
462151
462333
462418
462713
462858
463692
464535
464939
465114
465145
465257
465419
466211
466303
466576
466766
466946
466950
467922
467975
468118
468241
468403
468410
469873
470332
470372
470380
470455
470458
470551
470605
470864
471184
471242
471574
471819
472217
472536
472595
472802
473142
473736
473763
473901
473934
474295
474820
476205
476556
476557
476598
477364
478207
478412
478691
478728
478846
479213
479933
480285
480674
481426
481723
481810
482353
482594
482870
483458
484078
484100
484752
485351
485547
486109
486133
486164
486219
488266
488309
488902
488994
489756
490068
490478
490806
491631
491788
491947
492386
493010
493841
494195
494354
494382
495777
496722
497160
497353
498480
499143
499896
500934
502622
504217
504336
504568
506017
506679
506821
507087
507329
507529
507837
507863
508800
509511
509926
510912
511664
514392
514420
515757
517123
518860
519514
520762
520843
522407
523020
523704
524405
524891
525491
525773
527840
528525
529462
531326
533556
538161
542003
542953
544111
544699
547459
553207
557056
558468
