5
84
88
122
123
141
166
178
228
232
282
356
372
430
454
528
545
546
559
568
572
573
575
592
593
595
694
697
704
719
821
840
939
1058
1100
1116
1128
1210
1224
1318
1319
1351
1374
1420
1483
1485
1510
1535
1573
1575
1631
1717
1731
1758
1845
1882
1914
1918
1948
2004
2009
2064
2151
2187
2199
2337
2399
2415
2420
2434
2614
2622
2680
2779
2806
2811
2844
2952
3165
3167
3196
3214
3225
3237
3258
3296
3413
3424
3517
3522
3591
3688
3786
3913
3930
3948
4001
4041
4063
4069
4070
4090
4119
4162
4168
4225
4263
4296
4347
4352
4373
4413
4429
4445
4453
4497
4530
4572
4599
4600
4648
4665
4672
4780
4914
4921
4936
4994
5005
5011
5039
5060
5079
5133
5154
5178
5208
5218
5232
5236
5258
5302
5315
5401
5427
5507
5548
5560
5607
5645
5697
5732
5836
5908
5928
6014
6133
6176
6193
6204
6206
6289
6316
6361
6373
6388
6440
6455
6458
6551
6611
6615
6625
6633
6704
6706
6761
6844
6856
6863
6873
6910
6944
6955
6970
6971
7023
7038
7117
7221
7384
7395
7403
7435
7520
7534
7553
7603
7617
7621
7653
7666
7670
7693
7698
7740
7741
7830
7838
7846
7874
8009
8142
8146
8167
8199
8231
8245
8315
8369
8455
8457
8501
8669
8694
8750
8778
8929
8958
8970
8986
8991
8998
9037
9108
9134
9144
9153
9189
9218
9252
9270
9366
9410
9420
9469
9496
9685
9700
9709
9773
9785
9788
9794
9802
9834
9849
9922
9945
9949
9987
10066
10092
10183
10280
10281
10387
10407
10409
10463
10567
10571
10582
10584
10629
10651
10666
10724
10728
10797
10836
10891
10922
10951
11087
11121
11189
11225
11251
11381
11397
11419
11447
11464
11470
11517
11559
11638
11675
11682
11709
11730
11770
11805
12057
12075
12114
12134
12140
12164
12207
12224
12239
12246
12248
12256
12279
12314
12424
12461
12470
12616
12625
12640
12644
12655
12682
12700
12701
12707
12985
13004
13038
13135
13154
13162
13166
13191
13193
13272
13380
13412
13481
13553
13588
13590
13623
13684
13705
13743
13795
13847
13853
13858
13889
13904
13929
13950
14055
14293
14369
14406
14570
14577
14612
14679
14741
14759
14760
14823
14860
14935
14958
15127
15144
15161
15179
15183
15221
15247
15269
15293
15303
15362
15370
15435
15461
15500
15521
15623
15630
15636
15648
15654
15656
15663
15677
15726
15775
15783
15860
15942
15964
15985
16029
16057
16077
16082
16158
16180
16194
16227
16231
16233
16268
16308
16378
16381
16488
16503
16547
16589
16612
16615
16665
16701
16755
16757
16786
16813
16841
16893
16935
16973
17002
17040
17050
17069
17156
17215
17237
17255
17319
17333
17339
17363
17414
17419
17503
17646
17673
17747
17763
17838
17856
17862
17912
17932
17947
17959
17982
18013
18023
18069
18087
18093
18137
18172
18225
18298
18451
18453
18528
18579
18586
18606
18612
18690
18700
18780
18853
18867
18883
18892
18912
18930
18954
18966
18991
19003
19017
19035
19058
19097
19105
19178
19206
19247
19315
19350
19373
19374
19379
19382
19421
19472
19486
19515
19524
19561
19590
19604
19657
19662
19718
19720
19726
19729
19831
19848
19850
19875
19928
19929
19930
20084
20100
20101
20103
20127
20131
20154
20217
20218
20223
20349
20368
20394
20395
20408
20441
20498
20515
20552
20555
20623
20647
20715
20801
20843
20855
20864
20916
20969
20976
20990
21000
21059
21073
21158
21161
21183
21224
21301
21480
21518
21525
21540
21638
21701
21712
21714
21717
21749
21802
21859
21983
22027
22088
22105
22134
22196
22202
22240
22242
22293
22508
22571
22583
22587
22638
22659
22660
22696
22757
22765
22815
22857
22897
22941
22967
22973
22977
23055
23056
23099
23117
23134
23169
23212
23225
23259
23266
23284
23312
23326
23366
23376
23386
23430
23435
23526
23555
23579
23631
23668
23748
23754
23848
23849
23851
23876
23878
23888
23898
23926
23963
24005
24073
24129
24168
24199
24254
24278
24341
24362
24407
24446
24460
24468
24506
24523
24565
24599
24640
24644
24678
24685
24706
24763
24782
24794
24827
24857
24905
24930
24946
24949
25108
25117
25141
25179
25188
25210
25251
25399
25440
25449
25511
25549
25575
25637
25679
25719
25727
25796
25878
25909
25934
25942
25960
25971
26045
26054
26092
26175
26223
26225
26258
26301
26442
26615
26618
26628
26701
26719
26757
26785
26850
26983
27083
27103
27166
27256
27258
27272
27301
27354
27397
27463
27464
27465
27480
27500
27538
27554
27599
27630
27679
27719
27749
27785
27811
27861
27875
27945
27946
28043
28066
28070
28110
28148
28150
28187
28219
28238
28348
28354
28371
28396
28411
28463
28488
28498
28510
28579
28645
28741
28754
28760
28806
28854
28883
28943
29007
29048
29066
29077
29126
29142
29223
29244
29264
29353
29436
29548
29633
29638
29649
29662
29699
29717
29731
29818
29858
29901
29980
30012
30087
30102
30110
30112
30116
30187
30188
30222
30239
30313
30345
30352
30370
30404
30438
30445
30454
30549
30566
30594
30600
30612
30744
30767
30804
30830
30847
30867
30891
30942
30944
31022
31024
31036
31079
31105
31124
31184
31235
31241
31252
31264
31282
31317
31327
31332
31343
31379
31417
31445
31509
31534
31568
31621
31635
31659
31665
31712
31732
31797
31850
31865
31867
31909
31955
31956
31961
32065
32069
32083
32085
32106
32123
32197
32211
32237
32262
32273
32368
32370
32371
32381
32391
32417
32482
32500
32523
32539
32568
32637
32646
32689
32690
32774
32781
32904
32910
32938
32945
33033
33053
33068
33236
33242
33320
33395
33429
33436
33547
33562
33578
33593
33665
33677
33753
33769
33773
33777
33793
33828
33865
33894
33913
33930
33952
33958
33970
33993
34000
34088
34113
34114
34176
34247
34252
34307
34320
34325
34380
34459
34480
34517
34699
34750
34809
34859
34883
34905
34917
34931
34937
34950
35013
35054
35153
35200
35280
35501
35534
35567
35577
35588
35622
35765
35857
35931
35952
36027
36060
36069
36176
36215
36220
36237
36241
36291
36462
36493
36538
36656
36661
36713
36749
36780
36837
36858
36947
36953
37125
37126
37162
37178
37193
37208
37228
37381
37400
37427
37533
37544
37551
37662
37685
37725
37854
37871
37885
37900
37947
37981
37987
38020
38028
38074
38108
38120
38125
38128
38170
38190
38191
38215
38220
38232
38236
38254
38265
38285
38340
38359
38386
38392
38404
38459
38477
38520
38633
38748
38877
38986
39002
39050
39106
39138
39242
39298
39306
39313
39501
39540
39574
39588
39623
39745
39747
39837
39849
39881
39929
39993
40003
40010
40031
40061
40063
40070
40187
40189
40287
40328
40332
40338
40352
40356
40422
40436
40447
40505
40604
40606
40669
40713
40815
41012
41058
41137
41155
41169
41171
41268
41280
41284
41285
41300
41325
41387
41389
41405
41484
41502
41542
41695
41755
41824
41929
41937
41946
41978
42050
42057
42400
42435
42524
42558
42726
42727
42785
42852
42899
42921
42955
43081
43119
43153
43200
43201
43313
43327
43336
43379
43488
43546
43570
43573
43589
43625
43629
43705
43719
43797
43824
43901
43943
43982
44064
44071
44206
44246
44308
44393
44397
44407
44436
44466
44493
44530
44575
44586
44747
44754
44763
44853
44868
44926
45028
45078
45085
45088
45138
45147
45160
45183
45212
45377
45392
45413
45453
45470
45473
45621
45624
45681
45728
45761
45798
45815
45830
45924
45964
46005
46012
46064
46102
46114
46156
46202
46204
46485
46514
46567
46627
46632
46748
46781
46786
46868
46871
46932
46967
46984
47012
47175
47189
47226
47241
47245
47278
47372
47376
47379
47410
47533
47534
47649
47732
47915
48016
48047
48070
48138
48149
48212
48256
48260
48291
48316
48326
48342
48345
48370
48401
48417
48457
48521
48536
48545
48633
48634
48648
48674
48690
48703
48748
48856
48859
48880
48905
48951
48997
49057
49069
49132
49189
49194
49197
49212
49273
49282
49308
49369
49377
49457
49505
49513
49551
49604
49629
49664
49814
49833
49856
49864
49873
49883
49899
49923
49973
50052
50125
50141
50161
50396
50410
50471
50472
50473
50475
50496
50512
50614
50658
50732
50783
50857
50922
50954
51027
51056
51120
51156
51176
51310
51316
51343
51359
51379
51421
51449
51569
51578
51597
51602
51619
51640
51651
51721
51831
51868
51893
51919
51988
51997
51999
52098
52212
52258
52263
52269
52324
52356
52397
52431
52472
52589
52624
52632
52667
52681
52779
52855
52885
52891
52896
52954
53015
53020
53021
53058
53165
53187
53197
53227
53242
53259
53314
53322
53353
53391
53443
53464
53527
53571
53576
53677
53747
53751
53788
53812
53885
53946
53969
54005
54015
54067
54075
54125
54169
54227
54345
54368
54442
54554
54572
54594
54631
54710
54862
54870
54905
54924
54971
54993
55016
55023
55050
55081
55103
55156
55188
55224
55237
55245
55330
55407
55518
55522
55527
55540
55541
55598
55847
55879
55949
55992
56015
56024
56061
56062
56065
56090
56124
56143
56190
56269
56359
56362
56502
56515
56529
56537
56543
56544
56596
56681
56700
56751
56834
56895
56932
56973
56995
57000
57019
57032
57034
57049
57061
57068
57134
57136
57144
57224
57238
57322
57395
57421
57441
57530
57557
57565
57607
57654
57679
57758
57831
57849
57865
57890
57938
57944
57957
57978
58016
58105
58137
58140
58245
58277
58345
58431
58451
58509
58583
58590
58739
58746
58753
58759
58792
58809
58819
58893
58913
58966
59083
59144
59147
59151
59177
59190
59251
59267
59303
59385
59403
59446
59557
59560
59568
59638
59681
59711
59727
59756
59765
59836
59964
60016
60056
60099
60146
60167
60183
60376
60382
60527
60544
60548
60610
60656
60756
60792
60824
60852
60936
60997
61006
61017
61155
61213
61268
61300
61306
61368
61437
61560
61565
61773
61802
61821
61848
61872
61916
61962
61977
62006
62041
62127
62166
62177
62220
62278
62318
62344
62445
62535
62542
62547
62594
62649
62745
62779
62886
62900
63021
63033
63083
63101
63162
63191
63249
63287
63416
63467
63532
63582
63613
63642
63690
63807
63827
63829
63845
63925
63963
64054
64079
64088
64177
64215
64275
64327
64365
64428
64487
64498
64517
64529
64612
64628
64693
64717
64720
64767
64774
64823
64828
64842
64844
64875
64973
65081
65114
65150
65161
65226
65240
65314
65337
65377
65379
65560
65661
65673
65724
65794
65883
65900
65984
66030
66111
66196
66199
66205
66368
66375
66385
66388
66413
66439
66479
66565
66614
66616
66657
66745
66797
66800
66803
66909
67022
67058
67169
67170
67177
67204
67259
67267
67326
67367
67391
67445
67566
67570
67584
67597
67694
67775
67788
67880
67890
67931
67940
67943
67972
68089
68194
68321
68343
68401
68428
68516
68569
68575
68579
68600
68633
68653
68674
68681
68727
68735
68751
68807
69106
69156
69184
69227
69312
69355
69408
69430
69463
69487
69545
69556
69694
69751
69781
69821
69831
69919
69990
70017
70081
70172
70238
70268
70287
70326
70421
70551
70602
70636
70753
70763
70819
70867
70888
70928
70940
70985
71062
71113
71224
71233
71408
71417
71552
71585
71655
71665
71776
71847
72019
72021
72029
72220
72285
72304
72324
72333
72344
72533
72555
72568
72600
72605
72631
72651
72701
72702
72720
72748
72765
72785
72805
72897
72899
72921
73004
73097
73162
73182
73233
73373
73429
73487
73526
73554
73574
73576
73585
73614
73648
73687
73692
73702
73752
73814
73853
73863
73880
73881
73925
73943
73944
73991
74018
74024
74035
74036
74062
74078
74103
74144
74217
74242
74246
74274
74288
74436
74587
74642
74739
74742
74757
74788
74877
74889
74892
74895
75045
75103
75115
75193
75323
75392
75396
75407
75523
75536
75712
75719
75726
75860
75910
75968
75983
76121
76128
76168
76206
76300
76310
76340
76402
76412
76415
76436
76440
76515
76516
76517
76599
76631
76719
76743
76802
76877
76892
76950
77008
77071
77084
77093
77139
77192
77208
77225
77270
77295
77345
77367
77382
77390
77484
77486
77508
77527
77554
77591
77632
77740
77811
77898
77901
77919
77962
78023
78051
78058
78085
78200
78285
78381
78424
78445
78505
78553
78579
78592
78687
78696
78773
78864
78912
78944
78952
78984
78987
79004
79014
79017
79028
79271
79326
79396
79397
79464
79518
79556
79582
79594
79645
79658
79670
79715
79728
79743
79774
79884
79889
79986
80017
80117
80149
80186
80204
80421
80436
80467
80556
80557
80562
80563
80604
80666
80708
80736
80816
80858
81060
81163
81238
81261
81344
81422
81434
81482
81510
81573
81696
81831
81952
82055
82114
82246
82248
82270
82326
82430
82433
82461
82486
82549
82580
82649
82727
82752
82852
82876
82990
83014
83086
83144
83287
83290
83359
83443
83516
83540
83614
83628
83729
83774
83816
83823
83849
83895
83900
83940
83986
84028
84050
84095
84108
84120
84198
84239
84372
84445
84519
84672
84678
84727
84834
85020
85046
85109
85171
85238
85241
85295
85309
85310
85599
85635
85664
85700
85725
85830
85937
85940
85972
86021
86368
86372
86412
86566
86584
86589
86623
86652
86685
86739
86768
86811
86864
86888
87131
87145
87190
87215
87281
87416
87423
87519
87585
87728
87772
87775
87809
87983
88037
88054
88057
88208
88255
88277
88294
88297
88305
88313
88372
88521
88716
88721
88722
88844
88920
88971
89018
89020
89042
89054
89069
89096
89130
89142
89143
89152
89168
89200
89454
89475
89525
89564
89593
89619
89813
89833
89841
89868
89884
89997
90082
90091
90101
90147
90201
90243
90282
90309
90323
90624
90807
90811
90881
90997
91136
91163
91245
91255
91276
91286
91303
91454
91550
91615
91620
91646
91666
91677
91679
91680
91697
91751
91763
91773
91796
91862
92107
92181
92361
92370
92433
92434
92458
92491
92563
92591
92593
92651
92657
92784
92791
92865
93054
93087
93124
93270
93283
93332
93338
93360
93410
93584
93634
93763
93961
93982
94003
94041
94044
94267
94275
94348
94402
94463
94510
94564
94578
94602
94675
94687
94711
94773
94841
94879
94960
95172
95176
95273
95296
95303
95335
95385
95508
95538
95652
95692
95816
95992
96002
96042
96088
96182
96219
96282
96306
96322
96390
96394
96403
96488
96744
96879
96928
97153
97200
97201
97259
97263
97300
97325
97473
97584
97790
97847
97891
97901
97930
98006
98077
98138
98146
98287
98319
98369
98482
98497
98501
98641
98777
98839
99008
99014
99058
99184
99248
99286
99325
99375
99454
99656
99713
99810
99840
99883
99895
99996
100051
100070
100080
100150
100188
100206
100209
100243
100284
100311
100365
100402
100546
100645
100659
100673
100718
100720
100732
100733
100859
100980
101052
101072
101171
101181
101289
101352
101445
101455
101465
101538
101639
101640
101700
101733
101738
101810
101823
101894
101936
101959
101981
102070
102110
102135
102182
102186
102274
102289
102483
102509
102537
102670
102749
102836
102986
102991
103078
103197
103289
103306
103369
103386
103436
103509
103513
103567
103576
103600
103667
103750
103753
103809
103889
103928
104028
104125
104187
104208
104350
104388
104440
104463
104491
104561
104576
104599
104639
104718
104720
104725
104772
104841
104974
105021
105121
105170
105347
105423
105432
105449
105467
105484
105502
105507
105538
105544
105579
105622
105652
105672
105694
105762
105781
105999
106033
106099
106153
106171
106288
106380
106417
106558
106574
106578
106587
106687
106728
106856
106864
106919
107035
107046
107154
107191
107219
107303
107458
107828
107893
107897
107976
107979
108038
108063
108078
108160
108323
108453
108465
108472
108536
108618
108743
108796
108880
108910
108945
109084
109145
109160
109210
109224
109229
109446
109462
109506
109512
109589
109646
109693
109763
109866
110065
110105
110297
110308
110396
110406
110690
110700
110755
110787
110869
110924
110995
111062
111113
111133
111170
111197
111204
111217
111235
111265
111361
111377
111384
111387
111458
111469
111541
111550
111585
111777
111881
111888
112055
112219
112276
112318
112367
112381
112412
112494
112510
112555
112569
112594
112662
112801
112814
112867
112885
112893
113028
113035
113045
113064
113109
113127
113150
113385
113391
113457
113473
113479
113487
113489
113567
113582
113606
113656
113741
113751
113752
113804
113908
114000
114282
114297
114343
114374
114377
114475
114524
114676
114919
114931
115055
115114
115252
115263
115334
115347
115350
115368
115480
115520
115648
115712
115787
115902
116075
116085
116319
116506
116523
116561
116646
116741
116772
116826
116845
116862
117010
117080
117106
117220
117446
117477
117496
117548
117557
117618
117774
117907
117909
117998
118023
118030
118033
118062
118195
118452
118660
118702
118968
118992
119081
119098
119123
119172
119193
119202
119253
119267
119476
119491
119569
119680
119712
119739
119767
119793
119914
120051
120114
120141
120212
120254
120288
120311
120367
120423
120471
120675
120724
120783
120788
120839
120903
120995
121199
121316
121422
121478
121610
121716
121792
121996
122116
122165
122175
122240
122244
122271
122317
122439
122490
122529
122530
122567
122654
122703
122741
122762
122939
123178
123194
123232
123253
123275
123408
123411
123502
123509
123545
123570
123579
123589
123734
123743
123833
123957
124072
124117
124128
124223
124236
124248
124271
124277
124281
124402
124555
124569
124614
124781
124870
124901
124997
125086
125149
125160
125179
125296
125348
125610
125634
125824
125832
125863
125876
125930
126173
126233
126259
126433
126624
126653
126698
126725
126882
126994
127037
127148
127303
127324
127359
127419
127517
127644
127670
127713
127722
127844
127950
127986
128068
128071
128109
128140
128223
128232
128238
128406
128554
128636
128786
128813
128845
128923
129005
129182
129209
129291
129330
129407
129434
129677
129679
129717
129761
129860
129930
129934
130210
130278
130375
130441
130445
130451
130588
130599
130682
130683
130788
130802
130929
130949
131135
131178
131189
131214
131277
131454
131462
131561
131585
131590
131718
131783
131931
131963
132116
132184
132409
132461
132494
132623
132707
132746
132784
132804
132872
132950
133019
133023
133024
133040
133043
133058
133186
133191
133194
133261
133282
133358
133584
133654
133802
133824
133878
134034
134043
134048
134231
134313
134316
134460
134579
134608
134791
134928
135008
135055
135277
135290
135353
135355
135360
135380
135709
135807
135919
135962
135975
135986
136015
136079
136141
136163
136378
136457
136474
136600
136734
136938
136963
136977
136989
137018
137034
137035
137059
137060
137117
137194
137234
137270
137304
137334
137443
137547
137589
137616
137801
137858
137896
137929
137951
138094
138119
138200
138307
138375
138390
138417
138439
138491
138624
138640
138658
138664
138728
138769
138825
138839
139013
139029
139103
139191
139351
139353
139366
139396
139532
139606
139628
139667
139696
139717
139948
140109
140113
140121
140170
140222
140241
140251
140289
140395
140444
140519
140545
140572
140832
140840
140976
141052
141376
141415
141440
141518
141590
141598
141656
141661
141684
141692
141780
141875
142051
142108
142109
142189
142223
142226
142230
142231
142379
142507
142529
142543
142583
142637
142646
142675
142742
142774
142911
142955
142976
143026
143073
143112
143125
143268
143320
143341
143466
143513
143539
143581
143609
143902
143989
144092
144122
144268
144483
144733
144748
144759
144972
144989
145026
145321
145423
145440
145461
145489
145648
145754
145787
145788
145795
145812
145988
146010
146241
146255
146317
146392
146534
146540
146599
146634
146638
146734
146765
146911
146925
146963
147004
147107
147109
147157
147166
147191
147214
147484
147498
147777
147783
147875
147912
147916
147973
148001
148131
148178
148242
148388
148560
148585
148632
148638
148735
148767
148779
148816
148821
149087
149384
149401
149454
149492
149515
149697
149744
149765
149952
150051
150053
150078
150361
150373
150419
150450
150458
150492
150520
150556
150619
150667
150675
150805
150874
150944
151033
151131
151181
151253
151293
151376
151576
151583
151587
151623
151711
151956
152121
152209
152297
152354
152402
152422
152483
152485
152503
152545
152599
152698
152704
152706
152720
152807
152935
152969
152980
153095
153118
153145
153148
153264
153294
153327
153431
153432
153445
153535
153552
153771
153898
154083
154201
154356
154569
154642
155083
155351
155444
155609
155611
155615
155640
155729
155791
155799
155826
155857
155971
155987
156111
156174
156396
156469
156682
156815
156852
156883
156919
156931
157107
157161
157180
157186
157256
157267
157282
157342
157435
157441
157492
157511
157537
157621
157683
157690
157697
157818
158000
158069
158140
158248
158324
158544
158556
158571
158601
158731
158782
158925
159052
159087
159169
159219
159221
159235
159258
159284
159731
159847
159891
159986
160044
160160
160162
160200
160287
160290
160342
160364
160418
160478
160558
160697
160716
160780
160872
160919
160965
161025
161035
161189
161293
161387
161409
161549
161770
161923
162019
162061
162213
162268
162293
162408
162450
162581
162600
162612
162694
162702
162827
162883
163186
163389
163430
163451
163579
163648
163681
163812
163944
163946
164059
164194
164197
164211
164223
164266
164304
164336
164380
164396
164480
164533
164580
164596
165221
165238
165331
165403
165408
165449
165470
165471
165473
165538
165569
165661
165709
165733
165796
165968
166391
166454
166475
166534
166546
166566
166648
166689
166700
166745
166836
166945
167351
167389
167626
167636
167660
167705
167801
168010
168021
168094
168192
168239
168319
168324
168437
168777
168838
168882
168935
169011
169015
169203
169505
169550
169668
170040
170266
170371
170386
170405
170542
170567
170629
170635
170684
170694
170701
170767
170815
170878
170960
170997
171019
171138
171203
171231
171252
171276
171291
171432
171517
171675
171686
171795
171930
172113
172114
172116
172295
172443
172517
172522
172533
172577
172631
172835
172960
173012
173089
173108
173115
173167
173170
173171
173176
173199
173211
173384
173569
173584
173588
173591
173624
173698
173709
173729
173744
174038
174137
174291
174317
174321
174392
174517
174524
174735
174783
174796
174892
175157
175194
175227
175247
175252
175350
175426
175459
175542
175693
175764
175772
175878
175975
176020
176086
176115
176120
176172
176283
176288
176350
176720
176846
176868
177020
177065
177137
177197
177408
177466
177604
177770
177839
177927
177947
178011
178345
178377
178379
178453
178489
178633
178741
178792
178816
178822
178874
179074
179264
179315
179364
179398
179510
179570
179692
179699
179827
179946
179973
180137
180438
180500
180550
180633
180745
180761
180858
180914
180970
181187
181215
181253
181306
181351
181429
181520
181623
181648
181783
181790
181807
181939
181940
181944
181982
181991
181995
182160
182172
182377
182497
182520
182557
182581
182585
182626
182835
182843
182899
182903
182939
182953
182984
183086
183232
183342
183345
183582
183601
183765
183774
183836
183837
183924
183954
183991
184023
184035
184127
184136
184176
184369
184515
184528
184540
184559
184587
184685
184748
184868
184882
185092
185113
185151
185199
185318
185361
185404
185405
185454
185480
185610
185673
185680
185715
185812
185955
186031
186100
186160
186177
186226
186255
186260
186276
186419
186458
186733
186779
187013
187096
187218
187267
187414
187454
187467
187490
187546
187548
187711
187887
187902
188037
188105
188240
188257
188304
188446
188549
188615
188642
188972
189008
189225
189229
189302
189455
189544
189546
189583
189635
189720
189751
189798
189826
189885
189909
189911
189926
189951
190000
190135
190142
190155
190556
190684
190746
190819
190917
191004
191184
191185
191195
191319
191360
191516
191531
191532
191614
191654
191745
191790
191841
192115
192274
192400
192650
192773
192818
193074
193102
193122
193142
193455
193568
193612
193739
193964
194068
194166
194264
194448
194507
194559
194621
194629
194819
194831
194843
194891
195024
195041
195058
195148
195283
195328
195606
195940
195962
196036
196093
196235
196246
196277
196457
196495
196604
196638
196819
196827
196933
196953
196994
196995
197093
197097
197126
197237
197276
197415
197430
197448
197620
197839
198145
198146
198235
198248
198317
198523
198637
198652
198720
198932
198953
199095
199250
199288
199316
199380
199413
199444
199573
199609
199633
199837
199898
199980
200152
200262
200301
200318
200369
200402
200411
200491
200534
200579
200593
200680
200709
200745
200751
200874
200896
200911
201463
201490
201519
201562
201578
201651
201671
202513
202559
202791
202837
203001
203124
203321
203371
203511
203715
203833
203946
204076
204278
204386
204415
204461
204535
204567
204583
204626
204710
204823
204930
205009
205039
205151
205203
205574
205588
205617
205621
205761
206010
206012
206193
206237
206320
206327
206412
206414
206439
206457
206539
206613
206630
206684
206766
206827
206879
206896
207183
207213
207320
207451
207503
207564
207627
207639
207893
207990
207992
208015
208019
208106
208202
208240
208293
208346
208368
208391
208419
208444
208565
208728
208818
208843
209045
209242
209248
209266
209351
209363
209517
209650
209689
209797
209937
209972
210212
210237
210317
210352
210372
210374
210408
210501
210769
210847
210871
210887
210904
210954
210978
211290
211320
211332
211362
211426
211583
211739
211743
211788
211862
211890
212049
212093
212178
212320
212393
212420
212492
212504
212530
212532
212556
212582
212596
213061
213154
213224
213375
213396
213671
213837
213908
214007
214027
214047
214101
214184
214186
214333
214529
214609
214644
214746
214821
215046
215074
215105
215175
215263
215265
215302
215404
215526
215537
215553
215565
215633
215726
215816
215825
215842
216038
216348
216386
216448
216462
216587
216710
216716
216755
216812
217081
217098
217125
217225
217229
217230
217274
217371
217407
217524
217600
217804
217905
218067
218234
218240
218554
218575
218711
218764
218885
218897
218942
219063
219255
219500
219626
219717
219763
219804
219820
219879
220144
220172
220376
220396
220450
220473
220484
220755
220787
220867
220898
221091
221163
221165
221186
221196
221317
221326
221425
221562
221692
221697
221707
221804
221863
221925
221955
221986
222022
222071
222178
222384
222409
222418
222874
222962
223123
223283
223317
223541
223688
224093
224153
224234
224327
224360
224373
224426
224452
224566
224639
224782
224850
224891
224893
225049
225056
225257
225359
225660
225667
225692
225735
225819
225895
226171
226236
226353
226391
226465
226541
226701
226703
226730
227126
227147
227163
227236
227486
227568
227584
227643
227670
227693
227916
227946
227961
228162
228363
228376
228553
228556
228559
228601
228658
228666
229074
229124
229140
229173
229272
229426
229627
229644
229776
229821
230113
230124
230331
230390
230437
230769
230826
230864
230879
230957
231007
231089
231128
231137
231161
231217
231424
231744
232081
232083
232205
232224
232226
232296
232376
232588
232712
232734
232893
233029
233415
233611
233770
233829
233864
233939
233994
234024
234626
234796
234898
234968
235059
235144
235197
235205
235327
235356
235371
235398
235476
235531
235751
235784
235906
235921
235998
236055
236166
236182
236203
236332
236369
236397
236418
236493
236517
236678
236745
236875
237028
237045
237103
237105
237135
237168
237282
237287
237440
237495
237504
237663
237818
237935
238010
238024
238236
238295
238311
238384
238668
238752
238820
238900
239107
239111
239169
239242
239389
239487
239490
239605
239761
239810
239813
240001
240171
240489
240650
240689
240719
240755
240767
240806
240920
240964
240997
241012
241029
241375
241405
241653
241758
241789
241796
241807
241865
242030
242090
242241
242245
242247
242261
242302
242368
242446
242529
242538
242567
242754
242976
243002
243055
243357
243385
243386
243419
243509
243516
243601
243781
243933
243942
244237
244244
244382
244413
244453
244489
244657
244985
245106
245293
245342
245386
245547
245653
245699
245747
245796
245809
245818
245890
246058
246082
246326
246376
246543
246607
246642
246741
246946
247056
247162
247193
247205
247386
247436
247609
247677
247786
248045
248289
248346
248351
248381
248422
248454
248596
248608
248757
248963
249020
249156
249429
249596
249696
249717
249725
250215
250248
250277
250299
250412
250457
250477
250521
250619
250696
250805
250883
250944
250951
250994
251156
251269
251501
251863
251916
251973
251983
252108
252110
252292
252310
252331
252341
252413
252459
252478
252517
252634
252640
252816
252863
252965
253021
253094
253215
253223
253334
253368
253573
253732
253749
253979
254107
254242
254259
254312
254333
254446
254486
254742
254875
255030
255163
255230
255419
255423
255501
255506
255570
255627
255716
256004
256018
256071
256165
256197
256324
256385
256450
256608
256618
256889
257014
257075
257078
257182
257183
257266
257287
257387
257573
257630
257653
257718
257721
257956
258067
258114
258381
258389
258461
258559
258661
258864
258955
259092
259155
259180
259328
259344
259509
259701
259732
259863
259865
259914
259994
260016
260106
260452
260554
260582
260657
260695
260966
261233
261260
261385
261427
261831
261840
261898
261916
261986
262000
262081
262132
262151
262197
262269
262570
262616
262664
262702
262712
262739
262811
262933
263139
263363
263522
263542
263615
263834
263855
263975
264032
264221
264255
264332
264598
264659
264688
264770
264850
264879
265076
265138
265204
265283
265294
265392
265425
265564
265687
265917
266056
266166
266346
266416
266447
266785
266942
266953
267050
267112
267186
267258
267336
267435
267496
267734
267828
268028
268034
268061
268108
268112
268130
268180
268210
268227
268264
268275
268323
268393
268421
268462
268489
268575
268658
268706
268741
268802
268909
269158
269334
269360
269446
269542
269640
269679
269695
269704
269780
269901
269929
270183
270199
270424
270532
270579
271027
271119
271575
271787
271799
271983
272065
272087
272521
272531
272764
272786
273056
273070
273137
273278
273760
273780
273812
273814
273921
274204
274321
274518
274659
274724
274774
274775
274788
274862
275018
275207
275228
275242
275296
275377
275487
275605
275673
275740
275771
275818
275881
276117
276212
276378
276432
276481
276510
276531
276794
276815
277031
277044
277139
277159
277290
277470
277497
277563
277581
277597
277742
278013
278045
278331
278391
278496
278519
278650
278653
278787
279083
279194
279218
279323
279528
279582
280052
280241
280277
280376
280631
280778
280793
280907
280941
281015
281048
281224
281365
281476
281688
281737
281788
281886
281930
282108
282152
282314
282324
282349
282507
282664
282712
282817
282866
283119
283143
283281
283355
283512
283532
283716
283818
283996
284187
284383
284441
284503
284516
284817
284858
284992
285022
285123
285438
285695
285732
285811
286004
286021
286042
286106
286224
286233
286514
286669
286717
286863
287318
287361
287398
287463
287486
287906
288074
288317
288339
288579
288597
288702
289377
289429
289460
289639
289824
289991
290355
290484
290494
290499
290507
290770
291305
291334
291710
291736
291924
291962
291996
292063
292295
292402
292422
292703
292889
293029
293218
293526
293695
293847
293949
293970
294058
294125
294388
294480
294613
294619
294645
294717
295123
295261
295443
295475
295714
295725
295896
296559
297007
297034
297083
297276
297279
297285
297418
297453
297506
297507
297720
298007
298089
298346
298382
298659
298904
298965
298994
299282
299398
299722
299851
299904
300093
300513
300540
300638
300653
300797
300831
300943
301184
301186
301251
301427
301570
301734
301902
302108
302399
302417
302818
302837
302937
302952
303068
303238
303327
303483
303710
303799
303876
303902
303919
304159
304435
304456
304634
304721
304808
304812
305126
305188
305341
305575
305635
305680
305785
305812
305848
305891
305944
306117
306181
306370
306401
306522
306571
306605
306759
306923
307083
307189
307297
307306
307349
307842
308012
308095
308172
308253
308761
308766
308932
308988
309262
309369
309513
309615
309653
309818
309825
309912
309913
310091
310200
310275
310482
310600
310602
310779
310810
310815
311075
311281
311293
311859
311867
311918
312251
312505
312760
312806
312808
312897
312942
312961
312966
313126
313143
313221
313316
313464
313740
313940
314242
314348
314647
314830
315114
315215
315247
315342
315379
315399
315419
315421
315544
315869
315905
316027
316073
316094
316188
316246
316280
316290
316333
316550
316660
317040
317102
317111
317124
317210
317255
317399
317420
317648
317749
317893
317926
317989
318345
318388
318665
318725
318773
318831
319042
319177
319397
319490
319567
319596
319609
319672
319703
319906
320266
320396
320403
320687
320785
320835
320967
321073
321079
321127
321165
321316
321703
321781
321846
322273
322381
322482
322742
322762
322865
322962
323001
323053
323151
323274
323285
323453
323464
323478
323682
323783
324002
324074
324101
324135
324169
324409
324433
324596
324721
324903
324912
325219
325365
325436
325515
325853
325952
326258
326837
326872
326874
326897
327023
327078
327150
327186
327306
327551
327863
327901
327948
328018
328036
328532
328616
328737
328752
328969
329057
329094
329299
329327
329386
329400
329465
329621
329771
329954
330200
330213
330324
330406
330441
330501
330532
330625
330877
330937
330999
331057
331331
331589
331821
331889
331938
332370
332686
332696
332727
332760
332824
332964
333024
333182
333368
333612
333614
333899
334151
334252
334345
334371
334436
334502
335276
335367
335566
335571
335618
335630
335636
335921
335927
335965
336008
336037
336064
336081
336083
336169
336232
336632
336652
336693
336768
336842
336857
336956
336959
336989
337024
337254
337339
337391
337548
337549
337583
337608
337617
337632
337790
338117
338165
338236
338253
338756
338959
339449
339561
339567
339818
339900
339921
340062
340248
340389
340607
340653
340714
340734
340832
340960
341467
341488
341502
341629
341894
341897
342180
342345
342522
342835
342966
343185
343343
343369
343388
343599
343779
343997
344137
344222
344247
344299
344448
344713
345222
345641
345811
346095
346189
346292
346557
346648
346692
346881
346947
346989
346993
347203
347427
347517
347740
347844
347895
347896
348003
348090
348245
348410
348447
348617
348747
348902
348929
349036
349142
349245
349322
349354
349544
349551
349566
349614
349685
349695
349813
350021
350389
350397
350418
350508
350612
350706
351111
351230
351427
351500
351521
351613
351917
352114
352187
352404
352505
352564
352568
352862
352884
353022
353064
353233
353324
353363
353492
353686
353718
353823
354066
354201
354506
354525
354594
354742
354828
355152
355230
355468
355560
355596
355882
356041
356305
356330
356406
356587
356704
356813
356874
356990
356991
356998
357000
357112
357207
357267
357848
357926
358366
358621
358687
358746
358765
358934
359205
359587
359890
360165
360401
360497
360728
360842
360849
360875
361018
361382
361439
361456
361461
361506
361616
361968
362073
362077
362156
362183
362202
362221
362362
362423
362760
362836
362868
363188
363222
363334
363537
363618
363741
363791
363834
363846
364089
364402
364570
364590
364751
364774
364832
364845
364897
364957
365260
365342
365553
365759
365793
365963
366625
366655
366759
366828
366937
367375
367533
367747
368022
368163
368401
368611
368663
368762
368980
369277
369426
369454
369734
369750
369879
369971
370323
370506
370610
370987
371101
371118
371145
371206
371242
371246
371508
371530
371568
371657
371877
372179
372183
372205
372233
372286
372538
372726
372828
372846
372944
373012
373465
373566
373674
373812
373931
374041
374388
374708
375128
375243
375414
375549
375597
375619
375804
376121
376232
376235
376437
376724
376725
376825
376841
376870
376968
376984
377230
377243
377289
377293
377520
377689
377713
377783
377840
377936
378108
378463
378625
378641
378669
378930
379585
379621
379876
380026
380076
380166
380196
380357
380954
381060
381161
381225
382306
382318
382335
382348
382363
382646
382723
383197
383210
383478
383517
383788
384070
384564
384574
384730
384948
385168
385316
385344
385464
385583
385746
386335
386493
386532
386783
386798
387246
387559
387850
388171
388476
388528
388619
388922
389029
389518
389844
390121
390651
390713
390860
391245
391415
391596
391635
391715
391866
391942
391950
392227
392315
392442
392610
393032
393067
393217
393302
393423
393475
393732
393816
393891
394101
394108
394157
394169
394194
394207
394208
394371
394459
394465
394652
394867
394902
394951
395090
395282
395910
396027
396193
396366
396522
396862
396948
397015
397067
397261
397565
397569
397588
397912
398170
398248
398577
398636
399028
399235
399336
399517
399529
399800
399948
400153
400295
400353
400452
400811
400918
401188
401320
401515
401672
401715
401745
402014
402145
402166
402178
402420
402647
403038
403299
403325
403338
403437
403755
403763
404656
404668
404838
404863
404946
404994
405210
405470
405481
405528
405561
405763
406465
406621
406680
406763
406838
406894
407496
407726
407782
407871
408031
408326
408347
408371
408719
409080
409410
409780
409921
409941
410019
410117
410234
410311
410479
410600
410884
411110
411258
411435
411507
411790
411943
412199
412374
412450
412567
412721
412785
412836
412935
413126
413524
413746
414002
414432
414765
414786
414796
414834
415204
415355
415402
415437
415465
415479
415785
416138
416189
416701
416883
417160
417446
417454
417475
417718
417883
417956
418086
418187
418470
418947
418963
419307
419438
420469
420581
420593
420681
420810
420879
421457
421638
421664
421696
421806
421959
422200
422329
422350
423000
423398
423848
423925
424293
424559
424842
425572
425630
425774
425950
425980
426064
426557
427007
427032
427070
427140
427652
427701
428634
428764
428992
429029
429068
429086
429183
429210
429259
429281
429332
429414
430168
430224
430304
430585
430806
430931
431056
431558
431622
432211
432893
433248
433275
433304
433464
434660
434784
435010
435043
435681
435909
436776
436786
436799
436823
436907
437357
437405
437454
438028
438460
438624
439017
439186
439542
440006
440051
440222
440954
440979
441167
441328
441558
441575
441693
442059
442248
442916
442993
443033
443156
443181
443335
443545
443648
443786
444301
444729
444864
444966
445029
445319
445612
445701
446066
446490
446892
446942
447234
447730
447823
447879
447899
448503
448920
448931
449416
449500
449774
449953
450066
450254
450710
451133
451184
451606
451821
452254
452280
452482
453056
453226
453232
453278
454231
454624
454927
455002
455211
455735
455975
455992
456280
456751
456811
457189
457393
457924
458095
458710
459051
460321
460706
460727
460859
461251
461452
461809
461936
461959
463262
463457
463597
463612
464354
464411
464865
464897
465436
465574
465813
466049
466227
466303
466576
466756
467127
467129
467975
468502
468556
468599
468886
468911
469241
469531
469619
469778
470016
470337
470816
470864
471190
471256
471365
471525
471574
471629
471865
471888
472043
472215
472802
472837
473228
473901
474252
474472
474660
474703
474962
475218
475569
475768
476194
476277
476466
476557
476835
476901
477288
477975
478135
478177
478265
478728
478846
479050
479213
479425
479474
479580
480213
481434
481723
482044
482984
484078
484113
485096
486514
486652
487196
487823
487838
487855
488483
488955
488981
490595
490806
490892
490964
491146
492337
492386
493059
493305
493732
494044
494047
494382
494570
496321
496359
497733
498290
499143
499896
500264
500900
501634
501975
503445
503561
504103
504945
504970
505037
505708
505775
506017
506821
507329
509277
509401
511664
513133
515231
515248
515731
517805
518328
518396
519277
519514
520843
521975
523572
524038
524891
525044
525086
525091
525417
527840
528161
528496
529769
531361
533001
537877
537902
538104
538161
538736
542003
542953
544558
547849
558468
