18
74
120
141
161
197
212
217
232
260
276
324
344
364
394
396
398
426
436
447
454
522
528
559
574
580
631
632
704
839
882
943
965
1016
1100
1108
1128
1147
1149
1195
1222
1254
1293
1322
1386
1405
1473
1478
1481
1503
1515
1516
1535
1661
1672
1675
1720
1731
1753
1802
1949
1993
2036
2114
2125
2149
2151
2158
2190
2202
2221
2261
2293
2394
2399
2501
2504
2576
2614
2663
2668
2737
2741
2811
2837
2847
2898
2952
2981
3005
3014
3089
3147
3151
3178
3214
3258
3279
3389
3391
3424
3452
3492
3522
3535
3539
3587
3659
3680
3719
3741
3807
3870
3902
3907
3942
3948
4035
4042
4050
4070
4082
4091
4179
4225
4235
4269
4274
4333
4336
4352
4383
4388
4404
4413
4439
4441
4444
4481
4488
4546
4600
4601
4617
4636
4639
4656
4665
4666
4673
4681
4682
4712
4784
4817
4896
5154
5167
5181
5244
5305
5356
5377
5384
5527
5597
5607
5620
5645
5678
5763
5780
5783
5836
5843
5852
5858
5955
5958
5964
6036
6083
6084
6129
6204
6205
6287
6293
6374
6416
6436
6517
6520
6527
6580
6611
6622
6626
6698
6710
6760
6761
6802
6857
7000
7038
7129
7143
7184
7293
7302
7361
7382
7412
7440
7506
7529
7614
7617
7670
7783
7856
7922
7971
7990
7991
8028
8037
8148
8199
8231
8272
8423
8455
8472
8501
8560
8585
8591
8606
8671
8674
8688
8750
8833
8916
8933
8971
8986
8996
8998
9083
9092
9168
9181
9199
9242
9299
9345
9426
9442
9453
9469
9493
9544
9601
9607
9650
9662
9708
9714
9849
9854
9860
9867
9911
9967
10055
10079
10106
10131
10144
10177
10237
10259
10331
10372
10375
10408
10413
10415
10471
10483
10545
10582
10798
10815
10816
10886
10951
11070
11098
11292
11303
11358
11381
11408
11445
11448
11499
11544
11604
11620
11726
11806
11832
11845
11847
11933
11954
12052
12057
12063
12066
12095
12103
12114
12126
12154
12166
12252
12296
12330
12410
12418
12441
12461
12546
12566
12584
12599
12613
12640
12643
12700
12769
12798
12870
13029
13031
13037
13068
13153
13154
13241
13320
13344
13403
13449
13478
13483
13525
13585
13587
13746
13779
13808
14109
14211
14295
14305
14340
14372
14423
14465
14477
14645
14702
14743
14799
14822
14831
14860
14880
14935
15020
15021
15041
15075
15078
15088
15127
15146
15183
15254
15293
15370
15392
15495
15521
15561
15637
15657
15663
15753
15768
15816
15827
15900
15998
16029
16072
16077
16083
16107
16112
16114
16124
16150
16201
16233
16253
16294
16320
16347
16364
16404
16410
16428
16444
16469
16481
16548
16612
16650
16665
16680
16684
16701
16705
16768
16835
16864
16936
17053
17189
17230
17251
17266
17335
17353
17419
17430
17515
17592
17608
17628
17747
17759
17778
17847
17857
17874
17954
17967
18043
18056
18087
18148
18343
18360
18535
18548
18590
18601
18612
18643
18695
18711
18742
18745
18773
18814
18819
18887
18952
18991
19095
19105
19109
19133
19139
19153
19221
19256
19284
19390
19397
19441
19489
19510
19524
19533
19584
19662
19756
19844
19861
19882
19917
19958
19984
20013
20191
20216
20217
20227
20289
20326
20336
20383
20422
20480
20492
20568
20601
20624
20638
20674
20684
20689
20777
20801
20802
20819
20875
20940
20990
20994
21022
21028
21063
21092
21097
21224
21400
21422
21518
21526
21540
21566
21622
21639
21640
21676
21845
22071
22125
22134
22153
22158
22257
22335
22359
22396
22432
22456
22508
22553
22571
22659
22660
22731
22765
22815
22855
22856
22989
23008
23030
23057
23212
23354
23359
23431
23481
23497
23509
23537
23574
23580
23602
23612
23631
23635
23669
23728
23841
23941
23943
24141
24166
24198
24205
24233
24234
24250
24313
24339
24363
24429
24441
24460
24491
24524
24545
24592
24782
24827
24832
24841
24970
24974
24991
24996
25027
25076
25082
25087
25226
25302
25345
25373
25381
25415
25584
25621
25624
25635
25637
25662
25663
25706
25752
25754
25776
25790
25816
25818
25834
25839
25880
25934
25939
25942
25948
26024
26078
26090
26092
26100
26156
26195
26203
26237
26260
26286
26292
26309
26352
26376
26604
26615
26743
26905
26933
26988
27020
27071
27089
27157
27177
27178
27259
27272
27354
27464
27465
27526
27539
27555
27644
27726
27729
27863
27920
27954
27976
28042
28047
28048
28068
28148
28174
28222
28238
28371
28432
28448
28482
28498
28550
28579
28618
28619
28659
28689
28705
28753
28826
28848
28873
28879
28883
28918
28957
28959
28963
29041
29102
29127
29187
29252
29353
29420
29536
29541
29561
29564
29581
29649
29656
29745
29798
29811
29844
29910
29958
30075
30092
30102
30107
30178
30187
30198
30210
30239
30370
30438
30481
30485
30543
30596
30674
30757
30767
30804
30903
30931
30941
30942
30944
30971
31007
31010
31020
31054
31079
31147
31160
31184
31224
31241
31254
31306
31319
31354
31381
31413
31417
31428
31451
31487
31538
31554
31561
31609
31621
31674
31765
31902
31907
31908
31997
32079
32085
32110
32197
32212
32241
32360
32507
32539
32616
32679
32690
32696
32697
32725
32745
32754
32765
32802
32848
32905
32964
32992
33000
33033
33044
33048
33057
33081
33225
33236
33242
33253
33455
33562
33596
33613
33665
33698
33717
33779
33797
33894
33915
33944
33958
33975
34051
34152
34162
34166
34168
34186
34238
34247
34297
34325
34414
34445
34459
34474
34502
34517
34520
34526
34542
34565
34583
34636
34684
34712
34760
34826
34838
34840
34924
34931
34941
34949
34985
34990
35007
35096
35115
35123
35151
35153
35191
35200
35251
35260
35312
35361
35392
35400
35407
35480
35490
35565
35567
35578
35619
35624
35728
35735
35738
35762
35780
35792
35813
35845
35847
35871
36020
36027
36041
36134
36216
36267
36295
36332
36355
36399
36439
36446
36478
36529
36530
36590
36661
36685
36747
36767
36858
36920
36926
36953
37086
37096
37106
37110
37125
37177
37239
37273
37347
37377
37392
37445
37471
37506
37533
37615
37627
37640
37675
37725
37730
37758
37825
37845
37848
37851
37900
37913
38001
38028
38207
38220
38232
38285
38374
38402
38468
38484
38497
38538
38679
38698
38769
38875
38888
38983
38989
39002
39016
39060
39086
39098
39110
39242
39300
39357
39359
39481
39519
39540
39591
39605
39658
39695
39708
39784
39977
40008
40063
40089
40090
40123
40167
40223
40239
40245
40285
40408
40432
40437
40485
40499
40508
40573
40588
40825
40866
40909
40922
40955
41056
41058
41083
41168
41293
41301
41360
41367
41376
41389
41437
41460
41474
41496
41532
41541
41572
41601
41632
41650
41678
41695
41819
41900
41901
41903
41917
41952
42012
42049
42063
42156
42192
42201
42218
42243
42260
42347
42529
42612
42634
42653
42726
42736
42759
42772
42928
43057
43071
43082
43110
43137
43142
43156
43201
43221
43238
43254
43316
43321
43336
43381
43463
43493
43500
43519
43549
43560
43622
43625
43659
43689
43705
43712
43758
43797
43831
43899
43933
43939
43973
43999
44005
44124
44146
44222
44228
44245
44276
44337
44344
44407
44429
44530
44635
44655
44681
44705
44720
44750
44754
44853
44862
44884
44894
44926
44961
44995
45216
45224
45261
45262
45304
45356
45392
45393
45466
45659
45675
45680
45862
45918
45924
45984
46112
46246
46253
46314
46329
46343
46371
46385
46387
46396
46485
46820
46865
46868
46903
46904
46907
46966
46976
47042
47081
47112
47191
47365
47401
47486
47487
47523
47654
47689
47727
47759
47776
47890
47897
47902
47914
47930
48087
48139
48149
48179
48190
48205
48215
48227
48242
48244
48247
48249
48298
48316
48390
48521
48634
48646
48648
48717
48731
48737
48748
48808
48854
48858
48924
48954
48966
48989
49011
49028
49033
49046
49052
49057
49128
49179
49180
49194
49245
49379
49397
49453
49456
49503
49545
49565
49594
49604
49628
49770
49814
49820
49873
49899
49931
49954
49964
49985
50025
50099
50119
50125
50146
50163
50175
50182
50344
50346
50460
50480
50540
50679
50684
50689
50724
50732
50954
50973
51009
51046
51056
51061
51125
51196
51198
51229
51339
51419
51427
51449
51458
51502
51511
51569
51690
51721
51831
51911
51934
51953
51982
51997
52038
52098
52101
52124
52194
52207
52263
52268
52282
52369
52395
52415
52431
52463
52595
52660
52728
52749
52779
52821
52855
52884
52924
52953
52975
52976
52978
53062
53066
53088
53090
53131
53132
53144
53175
53190
53211
53225
53227
53240
53308
53341
53348
53411
53422
53461
53548
53597
53642
53658
53677
53804
53839
53856
53897
53969
54015
54125
54143
54221
54238
54239
54267
54286
54295
54299
54422
54424
54442
54457
54507
54542
54590
54607
54615
54637
54677
54715
54737
54799
54860
54887
54893
54925
54958
55058
55081
55156
55237
55363
55425
55465
55664
55671
55791
55871
55926
55949
55985
56042
56043
56143
56218
56352
56362
56519
56603
56628
56647
56648
56654
56693
56702
56742
56779
56849
56918
56973
56976
56983
57018
57134
57136
57190
57245
57280
57296
57323
57384
57395
57406
57429
57448
57450
57451
57476
57557
57758
57815
57816
57819
57834
57839
57902
57944
58014
58132
58187
58190
58222
58277
58337
58351
58538
58552
58628
58750
58752
58803
58979
59000
59144
59148
59163
59169
59183
59210
59278
59299
59358
59388
59538
59608
59614
59627
59670
59671
59681
59727
59763
59769
59796
59865
59890
59937
59962
60002
60009
60026
60099
60127
60183
60298
60341
60383
60399
60437
60446
60475
60744
60797
60852
60939
60965
60973
61114
61155
61164
61251
61264
61351
61373
61412
61461
61558
61580
61586
61595
61611
61724
61728
61747
61760
61806
61996
62140
62163
62176
62209
62332
62335
62342
62361
62385
62410
62449
62452
62457
62504
62568
62581
62649
62671
62676
62705
62779
62953
62972
63002
63077
63082
63176
63266
63287
63291
63338
63397
63416
63423
63451
63532
63545
63611
63759
63845
63969
64177
64221
64352
64380
64403
64475
64508
64720
64774
64830
64834
64881
64982
65004
65032
65054
65154
65214
65252
65324
65351
65365
65409
65449
65583
65586
65633
65704
65705
65881
65950
65963
65984
66079
66111
66119
66134
66205
66251
66300
66324
66345
66378
66381
66394
66479
66481
66706
66723
66757
66836
66865
66927
67022
67148
67169
67170
67235
67341
67356
67445
67574
67649
67775
67856
67878
67905
67992
68032
68098
68146
68171
68326
68343
68347
68443
68453
68505
68589
68633
68665
68674
68690
68719
68733
68806
68886
69185
69227
69256
69463
69509
69591
69594
69621
69628
69686
69692
69715
69842
69923
69959
69975
70036
70060
70063
70081
70087
70195
70255
70269
70344
70404
70421
70461
70525
70536
70586
70588
70646
70687
70811
70814
70843
70854
70856
70869
70943
71148
71193
71198
71233
71262
71269
71417
71483
71566
71611
71624
71753
71825
71851
71909
71935
72006
72008
72018
72047
72089
72258
72304
72309
72324
72377
72409
72568
72605
72675
72683
72701
72745
72750
72765
72782
72805
72899
72949
72986
73057
73097
73102
73162
73188
73200
73252
73261
73373
73443
73526
73549
73576
73638
73685
73720
73767
74126
74145
74264
74372
74373
74389
74402
74587
74593
74633
74646
74661
74750
74763
74892
74895
74902
74957
75020
75045
75059
75094
75115
75118
75168
75182
75193
75244
75246
75279
75283
75404
75415
75488
75550
75568
75569
75588
75639
75649
75704
75793
75929
75983
76078
76107
76187
76275
76334
76366
76419
76425
76457
76483
76515
76575
76749
76813
76899
76908
76912
76936
76942
77019
77032
77133
77144
77175
77192
77323
77348
77367
77508
77527
77531
77574
77616
77628
77674
77729
77740
77785
77787
77790
77810
77828
77837
77878
77954
78007
78013
78026
78085
78124
78147
78189
78236
78252
78313
78346
78355
78456
78471
78505
78521
78557
78686
78706
79001
79009
79028
79119
79185
79248
79263
79307
79322
79396
79492
79608
79628
79631
79670
79743
79868
79873
79958
79992
80009
80017
80066
80224
80267
80321
80333
80376
80389
80421
80515
80559
80561
80653
80667
80736
80769
80796
80803
80825
80848
80855
81000
81041
81046
81147
81238
81265
81434
81445
81490
81498
81504
81536
81581
81632
81648
81993
82044
82178
82179
82221
82255
82326
82342
82422
82494
82548
82574
82647
82674
82709
82766
82857
82882
82888
82923
83006
83020
83071
83204
83266
83285
83330
83351
83354
83381
83493
83525
83526
83635
83817
83866
83881
84095
84209
84362
84365
84369
84386
84391
84477
84649
84721
84733
84816
84830
84860
84922
84947
85020
85077
85256
85289
85310
85433
85452
85560
85594
85641
85689
85708
85709
85725
85906
85935
85937
85941
86197
86338
86364
86372
86402
86530
86649
86652
86662
86685
86811
86828
86864
86888
87044
87120
87131
87180
87190
87234
87238
87250
87319
87526
87674
87686
87755
87768
87806
87962
87968
88054
88207
88208
88255
88256
88294
88351
88494
88497
88556
88580
88588
88646
88722
88771
88832
88877
88977
89018
89121
89146
89152
89159
89161
89218
89286
89299
89336
89397
89421
89477
89491
89505
89514
89583
89623
89726
89801
89852
89941
89985
89997
90022
90032
90053
90070
90079
90151
90161
90270
90323
90436
90442
90479
90591
90689
90706
90731
91026
91108
91198
91276
91303
91312
91368
91385
91458
91533
91606
91666
91680
91697
91746
91779
91803
91804
91876
91911
92038
92074
92084
92117
92189
92285
92325
92358
92370
92386
92500
92597
92646
92664
92906
92919
92936
92973
93054
93125
93158
93236
93270
93332
93469
93493
93626
93793
93878
93945
93953
93968
93975
94086
94118
94211
94216
94222
94239
94267
94347
94383
94404
94510
94516
94543
94662
94677
94683
94776
94848
94858
94879
94924
94943
94974
95002
95078
95319
95363
95501
95618
95644
95649
95652
95664
95682
95708
95721
95765
95774
96084
96184
96213
96214
96216
96283
96377
96479
96539
96641
96672
96727
96761
96830
96862
97088
97153
97194
97200
97201
97221
97276
97277
97421
97446
97499
97558
97766
97846
97847
97891
97930
97942
98068
98077
98103
98146
98239
98241
98244
98281
98357
98497
98540
98719
98818
98985
99017
99040
99045
99095
99113
99176
99237
99325
99353
99412
99461
99530
99553
99574
99588
99600
99656
99713
99773
99879
100080
100206
100237
100384
100536
100594
100605
100653
100654
100767
100774
100786
100796
100935
100993
101024
101052
101079
101121
101149
101162
101171
101186
101293
101427
101433
101453
101509
101538
101541
101543
101676
101677
101728
101729
101936
102093
102125
102135
102178
102210
102219
102360
102395
102570
102575
102655
102729
102759
102775
102798
102801
102816
102932
102967
102971
103143
103171
103199
103289
103316
103353
103384
103386
103508
103572
103590
103600
103619
103784
103788
103790
103816
103912
103944
103948
104012
104246
104382
104410
104440
104448
104463
104501
104651
104725
104841
104910
104943
104958
105003
105015
105024
105149
105258
105375
105423
105432
105507
105599
105689
105730
105746
105835
105897
105971
106033
106150
106176
106377
106410
106448
106594
106687
106710
106714
106826
106856
107156
107167
107200
107239
107269
107272
107317
107496
107501
107550
107642
107692
107740
107749
107847
107897
107979
108063
108089
108118
108399
108404
108517
108526
108536
108588
108680
108704
108758
109016
109020
109021
109024
109050
109080
109103
109144
109210
109257
109276
109309
109311
109451
109458
109536
109561
109576
109588
109723
109753
109760
109763
109813
109849
109886
109932
109994
110039
110061
110065
110136
110251
110262
110370
110396
110425
110431
110460
110488
110585
110640
110674
110687
110862
110903
110932
111036
111062
111100
111133
111159
111196
111254
111270
111384
111392
111545
111546
111577
111711
111777
111778
111843
111858
111863
111975
112083
112141
112143
112153
112298
112350
112352
112354
112390
112510
112561
112564
112570
112610
112673
112734
112754
112772
112785
112798
112888
112925
112985
112986
113065
113103
113119
113125
113127
113150
113364
113370
113459
113460
113698
113755
113790
113814
113850
113989
114002
114032
114222
114248
114305
114376
114401
114402
114577
114641
114645
114658
114750
115180
115253
115335
115341
115360
115367
115410
115423
115446
115457
115501
115518
115615
115619
115816
115869
115872
115902
115990
116049
116094
116132
116164
116222
116226
116318
116319
116346
116397
116406
116407
116479
116506
116523
116643
116741
116809
116961
116988
117004
117010
117015
117059
117116
117140
117292
117487
117512
117548
117711
117756
117774
117780
117785
117909
117931
117956
118097
118195
118213
118221
118246
118302
118487
118488
118535
118619
118660
118684
118702
118793
118837
118968
118973
119081
119192
119221
119370
119391
119400
119457
119569
119599
119609
119697
119708
119771
119793
120051
120053
120118
120208
120249
120280
120471
120508
120532
120571
120592
120599
120709
120725
120903
121018
121071
121091
121154
121158
121239
121249
121377
121435
121500
121509
121553
121597
121607
121632
121811
121839
121929
121933
122165
122172
122239
122240
122256
122296
122347
122387
122490
122627
122632
122670
122691
122724
122764
122813
122817
123118
123222
123229
123232
123253
123324
123331
123414
123438
123479
123552
123613
123668
123734
123749
123782
123979
123990
124011
124117
124154
124236
124282
124333
124383
124412
124569
124614
124641
124781
124853
124855
124928
125043
125090
125182
125259
125459
125487
125619
125640
125701
125781
125786
125898
125901
126047
126086
126180
126365
126400
126416
126433
126438
126443
126478
126630
126772
126829
126870
126890
127015
127022
127236
127245
127263
127276
127491
127494
127644
127658
127745
127851
127860
127862
127899
127950
127977
127979
128157
128217
128238
128242
128267
128336
128346
128347
128406
128487
128620
128713
128724
128750
128771
128813
128824
128832
128894
128943
128995
129055
129196
129330
129520
129542
129717
129853
129890
129896
129903
129937
129945
129953
130000
130103
130117
130124
130160
130459
130532
130538
130555
130588
130679
130682
130878
131012
131086
131215
131277
131404
131513
131590
131671
131905
131916
131933
131968
132259
132271
132366
132470
132529
132805
132871
132950
132954
133019
133023
133033
133133
133190
133246
133351
133412
133458
133483
133485
133551
133584
133734
133751
133803
133889
134143
134188
134291
134356
134560
134606
134630
134855
134881
134894
134953
135008
135283
135329
135338
135360
135370
135443
135516
135538
135611
135871
135890
135949
135975
135986
136361
136378
136398
136625
136715
136734
136874
136960
136989
137024
137034
137309
137337
137341
137383
137400
137484
137522
137709
137801
138034
138200
138204
138269
138313
138354
138392
138615
138660
138670
138757
138758
138839
138858
138893
138946
139072
139328
139330
139335
139422
139482
139717
139818
139824
139828
139899
139911
139924
139994
140098
140113
140147
140217
140395
140399
140438
140444
140563
140593
140641
140673
140746
140914
141108
141403
141568
141598
141645
141684
141746
141890
141902
141917
142189
142230
142539
142583
142646
142742
142798
142806
142846
142849
142976
143002
143011
143063
143125
143138
143320
143554
143573
143603
143641
143721
143725
144003
144026
144092
144142
144260
144313
144332
144394
144483
144489
144508
144740
144777
144961
144963
144972
144989
145162
145440
145456
145468
145486
145489
145519
145639
145788
145815
145818
146093
146104
146125
146182
146244
146275
146280
146354
146371
146440
146575
146593
146599
146881
146902
146922
147019
147107
147157
147214
147344
147487
147703
147754
147809
147875
147945
147980
147983
148242
148308
148388
148482
148585
148632
148656
148676
148710
148754
148809
149002
149054
149105
149176
149268
149391
149457
149467
149515
149782
149791
149795
149845
149912
149934
149941
149951
149962
150052
150270
150474
150599
150649
150657
150762
150789
150822
150824
150945
151050
151074
151096
151103
151135
151209
151283
151370
151388
151405
151477
151623
151854
151955
152133
152148
152292
152324
152328
152373
152438
152451
152534
152592
152665
152698
152704
152902
152935
153046
153264
153400
153445
153777
153781
153845
153999
154041
154067
154092
154195
154232
154454
154529
154539
154569
154598
154620
154760
154917
154999
155083
155236
155250
155315
155378
155554
155609
155692
155729
155778
155862
155905
155933
155991
156045
156085
156126
156303
156325
156366
156452
156521
156543
156584
156615
156633
156645
156785
156988
156992
157096
157137
157144
157189
157313
157368
157544
157548
157739
157990
158003
158054
158140
158638
158766
159097
159169
159219
159390
159440
159477
159536
159591
159612
159621
159639
159693
160072
160262
160314
160342
160359
160372
160376
160419
160558
160799
160833
160859
161035
161172
161192
161353
161387
161420
161442
161563
161803
161846
161923
162112
162401
162406
162518
162543
162581
162600
162702
162846
162998
163049
163050
163249
163310
163481
163501
163643
163652
163702
163743
163812
163831
163856
163946
164276
164290
164356
164490
164588
164589
164685
164697
164717
164719
164734
164855
164952
164970
165113
165151
165208
165212
165323
165380
165387
165409
165569
165586
165610
165634
165678
165696
165746
165805
165978
165995
166021
166193
166331
166379
166390
166425
166617
166726
166737
166777
166945
167285
167389
167467
167477
167577
167595
167606
167752
167901
167951
168010
168023
168030
168058
168128
168144
168183
168229
168239
168288
168336
168345
168403
168437
168460
168478
168686
168744
168882
168923
168969
169253
169353
169372
169454
169493
169527
169528
169597
169712
169842
169872
169887
169888
169919
169971
170074
170119
170218
170360
170512
170560
170606
170682
170694
170708
171054
171219
171271
171389
171552
171555
171675
171683
171717
171776
171790
171800
171807
171914
172009
172057
172065
172073
172305
172337
172493
172533
172536
172608
172745
172835
172916
172960
173058
173089
173170
173171
173198
173199
173211
173268
173315
173384
173412
173601
173733
173781
173802
173831
173850
173899
174038
174040
174278
174294
174306
174404
174421
174423
174516
174561
174640
174763
174790
174876
174980
174982
175015
175072
175103
175145
175225
175270
175291
175343
175350
175383
175401
175867
175903
175927
175939
176086
176344
176360
176396
176405
176599
176647
176671
176708
176763
176837
176884
176923
176933
176958
177002
177109
177155
177211
177265
177408
177845
177905
177929
177959
178033
178080
178179
178243
178262
178272
178345
178349
178364
178420
178424
178474
178816
178898
178947
178961
179077
179094
179211
179260
179269
179346
179381
179455
179538
179570
179641
179664
179690
179795
179869
179886
179933
180107
180116
180206
180215
180313
180337
180384
180501
180590
180903
181038
181052
181236
181262
181326
181351
181429
181528
181546
181568
181686
181745
181989
182224
182239
182477
182493
182497
182557
182565
182819
182827
182835
182866
182870
182953
182959
183022
183086
183245
183453
183495
183780
183841
183972
184087
184136
184176
184259
184377
184531
184559
184649
184658
184749
184835
185142
185148
185318
185344
185404
185406
185553
185610
185625
185812
186162
186239
186255
186287
186407
186458
186555
186655
186699
186779
186987
186999
187059
187060
187062
187121
187251
187284
187290
187426
187453
187467
187490
187512
187542
187607
187656
187696
187739
187775
187831
187879
188105
188120
188187
188207
188332
188388
188473
188618
188709
188763
188927
188938
189003
189069
189080
189102
189302
189353
189401
189544
189657
189683
189704
189748
189926
189954
190137
190305
190441
190576
190666
190688
190755
190799
190862
190917
191114
191158
191192
191262
191298
191318
191362
191392
191505
191559
191654
191712
191718
191745
191841
191854
191992
192033
192046
192274
192400
192462
192511
192583
192650
192707
192756
193142
193374
193406
193414
193455
193525
194146
194345
194417
194507
194558
194853
194891
194905
195058
195232
195361
195395
195580
195804
195870
195964
196017
196123
196155
196188
196275
196604
196614
196625
196627
196790
196809
196819
196995
197055
197136
197180
197235
197250
197415
197442
197605
197620
197698
197883
197958
198052
198057
198061
198146
198181
198447
198594
198621
198678
198695
198702
198932
199195
199232
199281
199316
199375
199380
199427
199644
199777
199905
199966
199981
199985
199991
200019
200056
200093
200149
200262
200356
200509
200567
200590
200606
200632
200684
200689
200707
200745
200808
200860
200874
200896
200911
200934
201051
201126
201152
201165
201286
201356
201370
201416
201441
201516
201517
201519
201522
201562
201578
201580
201618
201909
202000
202014
202197
202263
202271
202322
202443
202706
202999
203001
203026
203152
203286
203344
203371
203414
203645
203774
203855
203868
203944
204049
204492
204568
204632
204732
204823
204841
204861
204881
205022
205039
205231
205245
205293
205525
205646
205658
205761
206097
206103
206237
206258
206299
206367
206394
206396
206407
206425
206457
206773
206780
206842
207052
207183
207282
207366
207503
207627
207990
207992
208091
208293
208391
208489
208540
208565
208826
208931
208963
208990
209030
209403
209440
209451
209489
209502
209560
209561
209821
209830
209937
210135
210212
210237
210352
210375
210385
210423
210501
210547
210734
210766
210812
210978
211062
211169
211320
211385
211418
211426
211432
211560
211733
211934
212049
212181
212214
212279
212316
212330
212420
212452
212463
212504
212610
212641
212701
212830
213015
213059
213102
213109
213138
213277
213323
213375
213429
213455
213462
213501
213609
213687
213922
213925
214021
214054
214184
214281
214334
214438
214510
214624
214645
214682
214767
214911
215027
215067
215100
215127
215153
215155
215175
215186
215201
215214
215294
215356
215404
215530
215608
215619
215711
215718
215825
216171
216246
216391
216544
216699
216971
217229
217348
217371
217379
217407
217482
217571
217621
217744
217850
218062
218067
218248
218293
218309
218311
218384
218572
218848
218897
219017
219064
219469
219492
219717
219732
219788
219958
220012
220041
220082
220139
220188
220258
220410
220438
220440
220748
220769
220829
220900
220980
221030
221091
221112
221155
221163
221186
221234
221323
221525
221570
221581
221592
221638
221707
221898
221981
222008
222071
222104
222105
222320
222362
222485
222529
222828
222840
223019
223085
223217
223259
223289
223463
223544
223563
223564
223767
223815
223844
223920
223952
224017
224068
224127
224161
224182
224237
224343
224357
224360
224373
224584
224616
224619
224757
224890
224891
225042
225102
225171
225269
225359
225390
225421
225667
225685
225714
225735
225832
225945
225953
225984
226075
226196
226200
226207
226209
226294
226422
226571
226574
226613
226700
226703
226795
226838
226839
226869
226882
226924
227047
227194
227199
227253
227419
227524
227610
227653
227727
227744
227769
227790
227792
227814
227824
227946
227961
227972
228040
228162
228403
228430
228515
228520
228553
228667
228669
228991
228992
229140
229223
229311
229346
229363
229365
229484
229646
229732
229776
229807
229829
230067
230521
230832
230914
231007
231149
231186
231217
231282
231373
231431
231470
231590
231923
231942
232192
232205
232243
232319
232376
232475
232588
232745
232750
233196
233542
233573
233594
233822
233827
233864
233939
233970
234024
234132
234278
234762
234796
234898
234901
235059
235476
235600
235645
235985
235998
236041
236139
236182
236201
236205
236309
236472
236493
236526
236741
236953
237287
237355
237440
237465
237555
237789
237809
238024
238236
238430
238469
238503
238780
238788
238820
238870
238874
238900
239024
239359
239365
239490
239536
239598
239743
239832
239846
239968
240074
240241
240317
240406
240534
240590
240695
241028
241072
241314
241375
241482
241669
241781
241789
241835
241900
241934
242081
242341
242350
242401
242529
242787
242949
242988
242989
243067
243073
243084
243200
243224
243257
243264
243386
243509
243537
243751
244098
244237
244239
244251
244262
244382
244388
244442
244453
244563
244612
244641
244767
244973
244986
244989
245032
245202
245279
245333
245410
245420
245421
245447
245600
245887
245962
246137
246359
246501
246504
246535
246543
246665
246937
247244
247332
247407
247581
247701
247779
247901
247943
248042
248045
248145
248268
248482
248547
248549
248621
248705
248828
248833
248993
249137
249144
249226
249261
249374
249386
249429
249538
249588
249605
249710
249974
250306
250319
250457
250521
250588
250592
250805
250857
251061
251071
251106
251218
251601
251822
251914
252110
252537
252565
252775
252777
252905
252942
253168
253276
253427
253480
253581
253638
253824
254164
254211
254237
254259
254432
254446
254636
254653
254660
254680
254693
254761
254762
254785
254866
254922
254966
254978
255030
255140
255163
255187
255210
255224
255276
255325
255380
255419
255662
255838
255869
255926
255930
256018
256071
256176
256219
256281
256385
256450
256519
256737
256988
257080
257125
257201
257287
257387
257496
257956
257957
257969
258188
258240
258269
258389
258443
258578
258611
258673
258685
258859
258979
259003
259045
259198
259227
259328
259473
259476
259481
259720
259742
259754
259831
259848
259884
259994
259998
260016
260242
260284
260496
260554
260726
261130
261320
261323
261385
261401
261526
261715
261831
262063
262219
262333
262570
262616
262739
262806
262879
262902
262933
262991
263035
263423
263448
263499
263571
263810
263853
264433
264588
264688
264820
264825
265138
265296
265307
265392
265397
265440
265564
265615
265967
265980
266178
266385
266447
266482
266612
266676
266942
266956
266979
267115
267155
267184
267194
267258
267362
267438
267668
268104
268130
268181
268210
268270
268275
268323
268478
268575
268661
268706
268741
268762
268824
268852
268996
269159
269328
269346
269412
269497
269507
269695
269780
269979
270207
270341
270342
270532
270670
270887
270951
271066
271344
271602
271748
271787
272065
272087
272428
272531
272646
272707
272998
273073
273231
273278
273314
273446
273586
273751
273822
273853
273860
273897
273978
273987
274518
274713
274869
275226
275388
275580
275740
275871
275881
276207
276212
276234
276676
276764
276815
277012
277101
277178
277249
277253
277290
277317
277360
277403
277551
278001
278081
278290
278706
278935
279323
279528
279534
279670
279840
279848
279978
280004
280146
280149
280215
280222
280241
280392
280430
280507
280710
280870
281311
281572
281688
281705
281786
281795
281858
281922
282119
282132
282137
282191
282227
282314
282322
282391
282422
282611
282664
282786
282986
283119
283196
283357
283484
283494
283533
283567
284022
284091
284161
284179
284383
284463
284467
284516
284520
284585
284749
284826
284872
284917
285087
285198
285207
285267
285300
285437
285556
285624
285718
285765
285929
286119
286645
286717
286938
286941
287103
287198
287487
287489
287507
287521
287751
287782
287815
287867
288125
288282
288317
288631
288679
288828
288857
288873
288937
289377
289460
289701
289813
289924
289960
289985
290043
290193
290555
290571
290856
290986
291022
291109
291124
291128
291177
291600
291652
291690
291773
291845
291924
291973
292154
292181
292189
292382
292703
292816
292820
292856
292874
293124
293173
293233
293556
293633
294058
294125
294365
294434
294558
294570
294585
294604
294619
294688
294691
294956
295323
295535
295558
295641
295851
295894
295896
295973
296343
296370
296477
296529
296618
296723
297305
297443
297453
297650
297904
297944
297991
297992
298097
298145
298242
298268
298300
298368
298429
298585
298594
298747
298835
298962
298977
299017
299118
299144
299280
299282
299337
299589
299662
299851
299855
299890
299904
300206
300231
300337
300444
300579
300797
300885
300936
301010
301052
301054
301075
301150
301186
301205
301377
301393
301421
301510
301516
301625
301682
301752
301789
301962
302222
302277
302390
302723
302818
302834
303540
303552
303556
303683
303919
304159
304317
304599
304620
304667
304788
304922
305085
305110
305134
305216
305453
305538
305605
305674
306057
306620
306722
306835
307031
307135
307208
307244
307285
307312
307425
307431
307752
307773
307787
307914
307983
308065
308182
308188
308231
308278
308631
308634
308636
308761
308766
308858
308915
308932
309261
309338
309369
309631
309653
309797
309854
309999
310036
310097
310205
310572
310743
310779
310806
310883
310913
310982
310998
311184
311415
311444
311508
311588
311864
311994
312318
312355
312502
312637
312934
312951
313121
313123
313143
313429
313472
313608
313654
313740
313963
314137
314192
314246
314573
314704
314830
315114
315379
315663
315952
315998
316073
316094
316098
316109
316121
316188
316328
316520
316534
316712
316716
316778
316809
316880
316934
317102
317117
317255
317328
317399
317415
317435
317465
317648
317730
318237
318488
319089
319100
319179
319287
319372
319510
319513
319543
320120
320174
320266
320310
320447
320455
321057
321165
321271
321298
321345
321378
321434
321808
321809
321846
321983
322026
322261
322284
322307
322371
322444
322511
322545
322552
322742
322839
322868
322910
322934
323289
323333
323362
323398
323478
323590
323695
323726
323770
323919
324074
324337
324391
324409
324557
324711
325162
325329
325342
325436
325574
325684
325795
325853
325876
325946
325977
326121
326236
326258
326366
326552
326628
326741
326837
326907
326912
327062
327115
327409
327487
327805
327842
327887
327942
328038
328128
328470
328536
328882
329299
329343
329386
329471
329665
329716
329973
330200
330610
330675
330702
330780
330864
331123
331502
331558
331564
331778
331821
331938
332231
332450
332696
333024
333063
333077
333285
333312
333313
333365
333427
333443
333470
333545
334123
334278
334376
334477
334653
335159
335321
335501
335566
335572
335644
335685
336037
336136
336420
336476
336522
336989
337325
337583
337608
337619
338174
338408
338447
338659
338904
339027
339127
339178
339393
339399
339462
339760
339921
340062
340069
340091
340184
340313
340617
340644
340889
340890
340901
341006
341306
341386
341445
341502
341669
341770
341843
341845
341949
342324
342345
342418
342483
342487
342559
342737
342913
342977
343020
343154
343212
343343
343388
343398
343402
343479
343647
343784
343921
343997
344123
344327
344401
344605
344840
344964
344986
345340
345569
345592
345761
345868
345935
346018
346095
346218
346219
346345
346511
346575
346671
346694
346744
346748
346779
346796
346989
347062
347186
347517
347574
347611
347666
347740
347793
347876
347896
347994
348100
348133
348229
348648
348770
348902
348911
348987
349016
349397
349473
349585
349652
349685
349759
349981
350048
350050
350228
350283
350389
350511
350693
350920
350944
351012
351071
351094
351206
351473
351497
351699
351763
351917
352104
352424
352568
352665
352726
353022
353133
353680
353686
353718
354107
354169
354201
354349
354506
354668
355046
355166
355202
355468
355560
355568
356062
356073
356544
356688
356692
356874
356990
356998
357207
357461
357768
358037
358287
358497
358981
359033
359138
359205
359445
359730
360165
360241
360316
360354
360451
360702
360877
361289
361335
361382
361639
362295
362488
362671
362716
363163
363388
363427
363791
363846
364298
364398
364432
364570
364613
364757
364908
364909
365349
365521
365550
365678
365797
365995
366937
367366
367533
367675
367736
367819
367917
367965
368248
368470
368611
368852
368881
369065
369277
369352
369426
369454
369742
369776
370014
370101
370116
370205
370296
370710
370746
370802
370826
371014
371246
371355
371472
371633
371911
372252
372477
372723
372726
372809
373032
373297
373390
373463
373465
373470
373813
373943
374278
374412
374482
374668
374708
374801
374830
374883
375208
375243
375266
375335
375419
375615
375706
376000
376287
376600
376763
376797
376928
377565
377840
377863
378113
378408
378654
378779
378793
379048
379204
379382
379439
379585
379861
379927
379930
379942
380026
380090
380140
380343
380351
380954
380956
381211
381225
381366
381473
381706
381732
381927
381969
381973
382068
382118
382292
382351
382497
382499
382594
382644
382741
383064
383210
383308
383695
383779
383953
384151
384390
384574
384730
384744
384832
384845
384864
385050
385082
385135
385137
385344
385675
386037
386178
386238
386342
386702
386896
386976
386999
387165
387275
387300
387428
387464
387694
388024
388171
388377
388476
388528
388812
388859
389136
389215
389518
389736
389738
389909
390665
390713
390725
390860
391596
391635
391661
391786
391942
392130
392539
392649
392781
392985
393138
393373
393388
393542
393648
393732
393816
393817
393891
393970
394029
394157
394194
394207
394208
394434
394480
394775
394867
394917
395203
395234
395871
396257
396315
396331
396522
396548
397001
397094
397160
397218
397305
397569
397653
397907
398004
398108
398127
398230
398343
398425
398530
398554
398675
398706
398821
398857
399378
399379
399517
399590
399702
399800
399807
399948
400411
400452
401589
401672
401737
401745
401825
402016
402360
402700
402883
403057
403090
403325
403778
403789
403904
404374
404656
405059
405485
405798
406162
406190
406306
406636
407085
407173
407518
407647
407726
407768
408533
408719
408859
408871
408918
408968
409715
410019
410034
410230
410831
410975
411110
411116
411133
411258
411439
411577
411790
411947
412192
412244
412262
412592
412721
412759
413272
413348
413375
413513
413524
413667
413801
413839
413973
414393
414406
414687
414735
414834
415182
415404
415686
416206
416417
416719
417693
417795
417848
417978
418123
418383
418495
418717
418733
418925
419064
419544
419548
419568
419683
419711
420268
420576
420602
420681
420796
420887
420952
421150
421273
421559
421692
421697
421959
422169
422257
422350
422646
423021
423338
423549
423848
423916
424382
424559
424571
424617
424665
424722
424734
424792
425016
425169
425819
425950
425980
426258
426446
426602
426910
426919
426965
427191
427293
427377
427701
428701
428794
429026
429068
429225
429307
429769
429870
429910
429981
430341
430370
430663
431237
431395
431475
431595
432836
432965
433310
433823
433922
434210
434490
434904
435658
435909
436056
436512
436751
436776
436907
437085
437357
437405
437740
437832
438225
438293
438432
439180
439357
440006
440087
440097
440124
440198
440699
440716
440821
441006
441109
441228
441280
441575
441596
441971
442276
442977
443050
443156
443335
443837
444446
444810
444860
444897
445029
445113
446066
446274
446490
446713
446860
447073
447281
448376
448394
448911
448920
448960
449396
449681
450090
450254
450914
451145
451235
451365
451427
451606
451678
451706
451947
452051
452358
452482
452550
452603
453278
453997
454210
454990
455366
455790
455876
456302
456901
457226
457419
457566
457695
457786
457843
458301
458353
458600
458689
458873
458957
459913
460188
460378
460449
460699
460859
461275
461452
461676
461719
461952
462171
462172
462713
463988
464354
464609
464674
465114
465145
465257
466296
466950
467231
467272
468098
468256
468403
468599
468606
469049
469055
469067
469118
469367
469708
469854
470337
471550
472096
472174
472215
472217
472440
472461
472975
473736
473763
473921
474310
474703
474723
475572
476066
476257
476557
476901
477144
477880
478135
478265
478349
478384
478468
478691
479097
479213
479232
479933
480864
480918
481717
481939
482688
483161
483275
483443
484100
484290
484301
484621
485655
487169
487196
487480
487581
487690
487829
488573
489266
489409
489715
489756
490185
490522
490817
491858
491900
492060
492337
492485
492502
492597
493020
493225
493617
493619
493841
494047
494222
494354
496760
497160
498121
498480
498500
499448
500190
500202
500706
500814
501634
502617
502622
503644
503821
504066
504764
505285
506470
507529
509401
509678
510778
511055
511664
513064
513133
514392
515731
515862
517808
520762
522740
523727
524891
525091
525856
526527
527347
527840
528910
528943
531970
533778
540891
544111
548387
549726
549965
553207
553406
553933
554684
559688
566394
