20
77
165
174
178
179
228
232
296
307
324
374
394
401
522
532
534
559
567
573
599
616
694
705
803
839
923
926
944
1115
1147
1149
1244
1280
1318
1367
1374
1462
1471
1481
1503
1557
1558
1600
1618
1632
1661
1699
1753
1860
1955
1966
2009
2187
2197
2199
2209
2220
2250
2254
2269
2309
2331
2399
2465
2468
2504
2513
2576
2581
2622
2663
2671
2680
2763
2837
2859
2946
3052
3069
3105
3130
3148
3154
3214
3255
3303
3308
3391
3392
3474
3516
3629
3661
3741
3765
3794
3823
3966
4001
4045
4097
4145
4190
4202
4214
4300
4305
4333
4348
4364
4421
4439
4455
4494
4496
4500
4515
4546
4637
4661
4662
4666
4784
4808
4852
4896
4897
4956
4994
4995
5028
5039
5094
5113
5123
5140
5153
5154
5174
5179
5232
5235
5270
5286
5320
5377
5384
5424
5433
5462
5504
5507
5520
5523
5633
5645
5651
5659
5665
5728
5742
5763
5807
5824
5842
5908
5938
5945
5954
6014
6016
6036
6037
6079
6104
6130
6169
6258
6260
6312
6316
6367
6403
6458
6496
6615
6701
6714
6740
6748
6763
6781
6788
6829
6834
6857
6897
6932
6934
6938
6944
6947
6948
7012
7060
7143
7144
7186
7203
7215
7283
7292
7399
7435
7479
7533
7535
7553
7572
7579
7591
7596
7614
7709
7722
7740
7745
7747
7840
7856
7873
7878
7923
7950
7951
7990
8042
8050
8069
8112
8145
8167
8272
8355
8369
8392
8443
8453
8457
8509
8535
8608
8670
8674
8715
8792
8844
8872
8914
8916
8989
9027
9042
9097
9153
9181
9205
9210
9231
9236
9276
9292
9399
9426
9453
9495
9561
9570
9607
9624
9635
9685
9718
9773
9781
9783
9794
9857
9877
9900
9912
9937
10041
10066
10094
10104
10177
10183
10245
10326
10331
10372
10388
10403
10409
10483
10499
10545
10584
10609
10651
10658
10683
10760
10824
10836
10881
10934
11000
11149
11173
11184
11397
11517
11524
11546
11585
11590
11604
11720
11728
11762
11783
11805
11822
11838
12035
12062
12084
12095
12120
12142
12153
12164
12248
12251
12279
12317
12333
12424
12433
12529
12618
12625
12640
12656
12667
12682
12697
12698
12707
12742
12966
13021
13029
13037
13069
13202
13215
13247
13286
13503
13514
13523
13528
13529
13537
13585
13623
13629
13720
13724
13774
13808
13840
13853
13885
13886
13929
13956
13973
14038
14109
14141
14146
14171
14229
14231
14261
14350
14413
14421
14424
14473
14475
14509
14549
14574
14608
14612
14760
14794
14811
14898
14933
14935
14941
14975
14989
15029
15036
15041
15122
15210
15221
15271
15303
15309
15392
15400
15410
15443
15457
15461
15498
15536
15623
15648
15663
15695
15703
15750
15775
15803
15817
15834
15927
15932
15983
15998
16010
16048
16077
16081
16102
16141
16229
16231
16253
16308
16364
16428
16465
16506
16509
16555
16575
16577
16644
16679
16680
16757
16788
16793
16802
16841
16859
16870
16931
16981
17008
17029
17065
17080
17087
17090
17101
17204
17255
17269
17335
17373
17418
17425
17430
17432
17495
17563
17579
17616
17620
17622
17743
17778
17799
17857
17874
17928
17948
17949
17962
17971
17982
18018
18021
18059
18087
18091
18138
18333
18343
18363
18372
18432
18586
18606
18617
18643
18690
18695
18804
18818
19035
19120
19178
19208
19216
19230
19232
19275
19362
19374
19390
19406
19409
19432
19443
19462
19489
19532
19584
19590
19657
19726
19744
19803
19848
19861
19882
19943
19986
20136
20202
20216
20336
20446
20474
20555
20557
20601
20602
20607
20638
20655
20738
20775
20782
20802
20807
20809
20857
20885
20916
20940
20994
21073
21092
21093
21097
21152
21161
21169
21205
21211
21213
21272
21301
21422
21453
21491
21540
21622
21667
21677
21722
21850
21907
21959
21980
22073
22088
22116
22196
22241
22257
22335
22390
22393
22395
22468
22505
22569
22587
22622
22639
22689
22767
22788
22809
22837
22881
23143
23225
23235
23259
23285
23432
23523
23529
23573
23585
23658
23660
23737
23796
23816
23820
23849
23869
23875
23883
23988
24050
24102
24234
24316
24328
24362
24429
24460
24476
24526
24580
24656
24657
24709
24806
24825
24829
24866
24907
24940
24975
24992
25076
25096
25144
25193
25210
25262
25311
25345
25373
25383
25398
25416
25449
25450
25542
25543
25582
25619
25637
25639
25667
25706
25752
25834
25933
25934
25945
26082
26110
26198
26208
26277
26292
26295
26309
26459
26460
26616
26779
26801
26911
26933
27023
27103
27166
27177
27205
27244
27274
27279
27408
27589
27685
27691
27721
27734
27757
27905
27974
28043
28047
28053
28072
28105
28205
28238
28309
28390
28539
28551
28557
28559
28618
28623
28766
28795
28806
28883
28923
28959
28989
29042
29088
29106
29187
29223
29244
29268
29451
29481
29561
29567
29602
29738
29924
29969
30012
30055
30096
30210
30211
30219
30222
30356
30363
30377
30526
30541
30543
30612
30650
30671
30678
30698
30758
30826
30833
30874
30938
30942
30971
30974
30983
31048
31124
31167
31224
31252
31292
31343
31379
31443
31451
31534
31559
31568
31653
31709
31733
31789
31835
31857
31998
32043
32104
32115
32118
32187
32262
32302
32478
32500
32509
32523
32530
32568
32617
32637
32678
32788
32802
32899
32905
32919
32992
33010
33037
33048
33057
33089
33112
33159
33276
33279
33436
33534
33566
33634
33644
33658
33695
33698
33769
33779
33791
33916
33923
33930
33967
34093
34095
34121
34153
34176
34240
34271
34274
34307
34320
34334
34353
34417
34419
34466
34474
34480
34491
34526
34527
34540
34584
34607
34636
34802
34811
34838
34842
34845
34883
34918
34937
34951
35054
35123
35126
35201
35260
35313
35363
35375
35399
35480
35493
35623
35632
35728
35738
35792
35823
35825
35857
35916
35923
36026
36069
36151
36198
36211
36237
36317
36346
36355
36399
36478
36528
36529
36532
36561
36571
36608
36703
36725
36809
36963
36965
36991
37054
37178
37208
37237
37273
37330
37421
37426
37506
37519
37533
37581
37611
37618
37626
37646
37802
37819
37841
37859
37901
37923
37962
38044
38067
38169
38215
38284
38306
38358
38386
38394
38480
38484
38487
38520
38586
38670
38683
38697
38769
38819
38900
38989
39001
39014
39085
39119
39170
39198
39203
39220
39277
39298
39300
39462
39481
39488
39519
39677
39747
39798
39888
39929
39967
40077
40106
40167
40185
40187
40189
40352
40390
40437
40447
40588
40640
40654
40712
40746
40829
40833
40877
40885
40944
40975
41056
41137
41266
41300
41355
41401
41403
41437
41467
41474
41502
41553
41581
41651
41672
41756
41871
41872
41914
41917
41937
41966
42012
42074
42114
42145
42156
42205
42234
42241
42340
42519
42580
42593
42610
42653
42726
42783
42805
42836
42847
42895
42909
42997
43057
43071
43082
43112
43137
43159
43161
43162
43252
43257
43501
43518
43520
43546
43614
43625
43689
43702
43712
43719
43797
43812
43870
43901
43982
43986
43991
44041
44089
44121
44124
44235
44245
44251
44325
44326
44373
44409
44437
44465
44486
44495
44528
44582
44643
44655
44750
44868
44869
44977
45054
45109
45153
45182
45183
45212
45261
45438
45678
45680
45728
45796
45827
45839
45924
45985
45988
46005
46059
46101
46102
46112
46131
46173
46198
46228
46245
46314
46353
46372
46482
46504
46514
46537
46812
46828
46907
46932
46967
46978
46984
47016
47046
47068
47105
47175
47176
47191
47246
47308
47312
47345
47401
47402
47497
47533
47640
47654
47677
47689
47753
47774
47800
47810
47891
47977
48019
48023
48034
48087
48089
48105
48215
48242
48275
48280
48364
48370
48371
48390
48405
48417
48457
48460
48497
48506
48612
48633
48634
48697
48747
48783
48785
48837
48882
48937
48953
49032
49065
49245
49260
49267
49282
49308
49319
49340
49344
49359
49366
49377
49399
49415
49417
49429
49473
49506
49511
49545
49560
49617
49644
49666
49707
49721
49809
49847
49924
49943
49962
49967
50008
50009
50099
50136
50148
50163
50212
50263
50344
50375
50397
50446
50460
50496
50512
50577
50618
50656
50658
50772
50784
50810
50916
50922
51040
51139
51176
51307
51316
51331
51382
51419
51427
51465
51494
51522
51564
51632
51662
51675
51690
51698
51731
51772
51776
51835
51940
51945
51953
52060
52067
52108
52123
52212
52381
52395
52509
52566
52615
52625
52781
52821
52876
52885
52898
52928
52942
52975
53024
53086
53121
53187
53227
53233
53240
53259
53282
53314
53341
53348
53399
53458
53464
53724
53739
53747
53845
53879
53888
53904
53932
53947
54015
54143
54182
54189
54226
54285
54295
54340
54351
54397
54414
54422
54451
54477
54520
54542
54663
54905
54933
54936
54956
54972
55058
55101
55123
55134
55155
55229
55290
55343
55358
55363
55391
55540
55541
55542
55596
55698
55746
55791
55862
55896
55926
55939
56194
56252
56310
56346
56367
56431
56477
56502
56523
56650
56724
56732
56809
56836
56864
56920
56995
57012
57049
57097
57197
57239
57360
57417
57476
57530
57578
57605
57642
57679
57705
57739
57931
57934
58032
58120
58164
58388
58529
58538
58642
58750
58847
58894
58902
58926
58944
58979
59000
59090
59146
59263
59341
59388
59556
59559
59598
59638
59649
59662
59734
59756
59763
59809
59920
60057
60079
60086
60099
60146
60148
60157
60200
60368
60375
60440
60446
60457
60523
60553
60562
60656
60694
60769
60794
60805
60809
60860
60910
60989
60997
61013
61071
61171
61188
61198
61213
61227
61321
61331
61386
61457
61559
61594
61608
61611
61675
61697
61829
61836
61873
61974
61996
62085
62145
62295
62318
62335
62363
62385
62416
62445
62540
62547
62590
62705
62826
62853
62892
62899
62900
62914
63082
63184
63292
63305
63344
63456
63468
63476
63514
63618
63814
63906
63985
64151
64155
64182
64184
64208
64221
64244
64400
64498
64558
64571
64612
64669
64773
64982
65053
65084
65088
65121
65150
65184
65205
65309
65324
65377
65487
65493
65542
65627
65688
65705
65724
65827
65866
65869
65909
65950
65960
65967
65982
66020
66079
66118
66135
66157
66170
66191
66192
66199
66229
66357
66425
66556
66591
66637
66668
66783
66850
66878
67058
67083
67116
67149
67169
67192
67243
67259
67323
67326
67341
67367
67408
67559
67564
67586
67637
67650
67806
67948
67992
68014
68212
68213
68229
68337
68402
68404
68505
68511
68550
68633
68690
68691
68735
68758
68807
68918
69062
69106
69136
69162
69227
69256
69354
69386
69402
69571
69615
69715
69910
69935
69991
70009
70087
70110
70134
70144
70260
70275
70345
70585
70637
70660
70819
70867
70914
70952
70974
71062
71142
71148
71198
71317
71370
71374
71454
71463
71533
71586
71624
71743
71757
71760
71784
71847
71851
71871
71875
71888
72008
72069
72145
72228
72304
72324
72344
72434
72511
72600
72631
72666
72702
72709
72737
72745
72748
72802
72805
73005
73120
73164
73207
73232
73235
73314
73407
73487
73613
73702
73753
74036
74087
74095
74216
74217
74241
74294
74387
74451
74464
74617
74628
74660
74693
74719
74750
74763
74825
74849
74882
74916
74954
74957
74959
74963
75007
75059
75168
75345
75362
75389
75407
75411
75444
75467
75515
75520
75607
75621
75700
75721
75726
75806
75892
75905
76007
76069
76124
76210
76278
76300
76308
76346
76491
76515
76516
76562
76599
76608
76633
76813
76833
76892
76899
76912
76958
77084
77178
77225
77319
77390
77537
77561
77605
77729
77741
77756
77772
77839
77851
78058
78124
78130
78233
78243
78300
78345
78365
78374
78449
78461
78480
78505
78579
78580
78640
78686
78687
78838
78874
78964
78984
78997
79028
79060
79061
79094
79239
79315
79391
79464
79478
79517
79537
79542
79572
79674
79794
79822
79825
79946
79986
80010
80115
80190
80224
80240
80306
80316
80333
80593
80625
80666
80703
80723
80735
80756
80807
80821
80849
80871
80987
81072
81224
81238
81346
81371
81449
81469
81481
81482
81547
81625
81696
81869
81906
82114
82148
82157
82270
82289
82326
82327
82361
82393
82461
82469
82548
82621
82622
82642
82646
82766
82835
82842
82923
83023
83122
83137
83220
83282
83286
83354
83359
83413
83486
83493
83564
83621
83629
83679
83681
83705
83708
83766
83799
83817
83863
83875
83927
83986
83991
84013
84044
84077
84104
84128
84293
84304
84451
84477
84481
84616
84651
84666
84672
84801
84830
84834
84856
84858
84947
85020
85037
85046
85114
85117
85119
85171
85236
85242
85245
85340
85415
85425
85480
85595
85672
85719
85773
85872
85972
85977
86040
86095
86165
86310
86351
86364
86368
86403
86422
86461
86482
86488
86573
86584
86589
86609
86738
86752
86920
87044
87125
87142
87145
87180
87319
87339
87431
87451
87508
87552
87571
87757
87771
87803
87967
87968
87969
87983
87990
87996
88016
88037
88101
88106
88208
88256
88283
88297
88305
88326
88377
88403
88475
88680
88721
88722
88814
88910
89018
89020
89022
89034
89064
89096
89116
89121
89136
89146
89193
89299
89316
89446
89454
89472
89499
89525
89576
89613
89726
89740
89745
89857
89929
89953
90091
90134
90201
90267
90270
90315
90343
90439
90529
90597
90604
90623
90689
90746
90749
90752
90778
90869
90958
90995
90997
91108
91255
91340
91418
91462
91503
91606
91636
91666
91679
91680
91725
91861
91875
91880
91883
91911
92074
92113
92374
92458
92486
92510
92593
92603
92646
92651
92723
92735
92892
92906
92913
93022
93122
93233
93258
93317
93341
93393
93406
93441
93543
93573
93626
93716
93793
93825
93862
93865
93935
94083
94216
94222
94243
94275
94342
94348
94361
94372
94383
94450
94471
94518
94521
94523
94535
94649
94675
94676
94842
94908
94909
94924
94943
94948
94992
95143
95254
95311
95319
95321
95355
95428
95450
95527
95530
95550
95561
95592
95593
95623
95644
95664
95682
95776
95821
95859
95902
96001
96028
96040
96063
96069
96167
96169
96219
96275
96296
96306
96327
96412
96478
96830
96856
96868
96887
96928
96931
96944
97124
97259
97371
97413
97481
97556
97707
97727
97766
97839
97930
98006
98190
98201
98254
98316
98357
98360
98365
98502
98511
98515
98527
98579
98641
98719
98796
98842
98898
98961
99025
99058
99073
99186
99236
99254
99271
99326
99337
99412
99416
99457
99548
99589
99655
99675
99684
99713
99842
99899
99996
100006
100035
100128
100187
100204
100209
100371
100536
100552
100654
100673
100732
100750
100848
100887
100916
101050
101072
101365
101387
101391
101449
101538
101614
101655
101732
101738
101751
101807
101857
101940
101959
102070
102106
102125
102135
102140
102167
102181
102182
102223
102262
102328
102445
102466
102562
102632
102649
102762
102798
102952
102967
102975
102991
103078
103102
103119
103138
103161
103286
103353
103366
103370
103384
103386
103590
103600
103667
103762
103804
103889
103928
104047
104110
104246
104326
104351
104491
104504
104581
104649
104701
104718
104725
104844
104909
104935
105119
105344
105418
105544
105560
105672
105689
105708
105747
105909
105921
105971
106003
106088
106148
106153
106169
106171
106274
106410
106423
106448
106466
106478
106495
106657
106667
106696
106702
106714
106725
106728
106757
106818
106858
106864
107133
107167
107191
107193
107365
107426
107531
107550
107574
107749
107837
107880
107910
107938
107973
107979
108139
108147
108198
108291
108454
108526
108536
108550
108889
108938
108949
108963
109004
109050
109060
109084
109103
109230
109257
109272
109536
109538
109576
109658
109740
109758
109962
109979
109992
110002
110004
110061
110125
110192
110297
110352
110390
110396
110679
110687
110701
110702
110755
110773
110803
110843
110932
111036
111063
111139
111165
111171
111204
111286
111498
111565
111576
111577
111585
111624
111628
111643
111679
111708
111726
111757
111794
111812
111867
111881
111907
112068
112248
112318
112360
112380
112474
112487
112512
112555
112701
112704
112772
112975
113087
113272
113340
113356
113410
113450
113457
113460
113479
113487
113538
113606
113656
113700
113770
113804
113896
113911
113915
113928
113931
113944
114000
114082
114157
114248
114343
114345
114412
114500
114684
114715
114728
114957
115033
115216
115229
115268
115292
115301
115406
115501
115617
115619
115754
115758
115766
115787
115827
115922
115981
115989
116098
116163
116231
116241
116320
116476
116523
116792
116820
116834
117080
117182
117213
117266
117281
117303
117360
117496
117598
117618
117655
117675
117711
117853
117909
118041
118062
118111
118148
118171
118349
118701
118719
118747
118783
118864
118973
119119
119123
119125
119165
119169
119173
119192
119391
119400
119457
119499
119718
119767
119914
119959
120120
120132
120133
120174
120212
120308
120438
120441
120508
120646
120680
120700
120724
120734
120740
120743
120850
121025
121129
121158
121183
121249
121295
121435
121519
121529
121556
121629
121632
121703
121745
121830
121881
121933
121936
121946
121962
121977
121996
122111
122116
122220
122224
122266
122319
122347
122401
122459
122503
122558
122567
122606
122667
122766
122767
122817
122893
122919
123082
123227
123324
123400
123443
123479
123552
123799
123800
123840
123992
124066
124148
124161
124236
124316
124333
124412
124635
124855
124870
125023
125034
125087
125122
125143
125179
125183
125215
125261
125266
125459
125493
125585
125607
125640
125647
125777
125781
125824
125869
125901
125956
125973
126106
126173
126223
126308
126404
126543
126626
126672
126698
126721
126729
126780
126870
126885
126889
126890
127008
127072
127263
127324
127567
127644
127693
127697
127721
127731
127746
127778
127986
128071
128109
128140
128217
128223
128238
128248
128253
128346
128407
128416
128440
128457
128487
128585
128620
128636
128834
128894
128935
128943
128986
129055
129129
129182
129196
129200
129323
129561
129628
129677
129679
129720
129777
129860
129890
129894
129979
130010
130117
130164
130278
130451
130484
130532
130562
130803
130878
130913
131012
131101
131109
131172
131214
131216
131263
131283
131415
131432
131473
131493
131551
131590
131619
131633
131800
131821
131940
132019
132171
132193
132318
132352
132724
132733
132767
132835
132954
133080
133086
133178
133186
133194
133245
133278
133369
133412
133539
133584
133802
133824
133889
133911
133930
133954
134015
134149
134212
134231
134293
134313
134353
134381
134503
134596
134639
134653
134657
134882
135016
135253
135277
135464
135473
135513
135646
135732
135768
135925
135949
135983
136009
136079
136127
136163
136333
136348
136617
136633
136638
136753
136874
137001
137035
137060
137063
137117
137270
137309
137384
137400
137469
137473
137509
137520
137619
137706
137801
137837
137951
137976
137996
138010
138098
138485
138557
138615
138624
138905
138946
139306
139328
139356
139362
139366
139532
139551
139567
139606
139620
139772
139824
139835
139866
139897
140113
140181
140309
140700
140832
140914
140966
141017
141267
141376
141389
141403
141518
141621
141640
141645
141656
141828
142062
142086
142109
142132
142251
142268
142371
142461
142463
142583
142619
142648
142659
142774
142799
142849
142921
142955
143044
143073
143099
143125
143314
143549
143564
143573
143574
143603
143681
143781
143876
143902
144026
144028
144118
144301
144387
144394
144536
144554
144585
144661
144733
144777
144823
144850
144953
145154
145218
145312
145354
145358
145414
145519
145563
145571
145583
145620
145636
145788
145795
145812
145820
145912
145921
145929
145941
145942
146045
146106
146132
146275
146311
146317
146355
146397
146449
146496
146502
146514
146638
146653
146666
146727
146765
146881
146895
146918
146954
147006
147063
147157
147350
147361
147380
147390
147484
147655
147672
147707
147723
147783
147786
147830
147916
148103
148262
148265
148359
148452
148638
148760
148781
148816
148821
148916
148929
149071
149087
149105
149160
149330
149393
149457
149640
149673
149688
149744
149791
149888
149920
149962
149977
149979
149984
149985
150148
150251
150270
150341
150373
150379
150469
150470
150488
150535
150596
150599
150600
150648
150709
150735
150738
150838
150845
150969
150997
151059
151103
151119
151181
151208
151229
151283
151328
151380
151457
151466
151554
151565
151587
151765
151919
152055
152080
152095
152133
152148
152159
152164
152209
152227
152402
152451
152503
152591
152622
152913
153069
153095
153168
153301
153319
153385
153460
153535
153845
153902
154041
154070
154201
154225
154241
154253
154579
154584
154760
154795
154887
154893
155098
155152
155169
155230
155351
155452
155765
155791
155869
155905
155987
156085
156116
156123
156174
156175
156418
156442
156569
156645
156880
156887
156894
156988
156992
157048
157096
157193
157387
157507
157521
157593
157609
157620
157630
157667
157683
157779
157838
157847
157926
158090
158098
158255
158481
158494
158507
158672
158690
158726
158731
158735
158766
158887
158997
159030
159035
159087
159258
159284
159379
159440
159477
159491
159499
159533
159612
159764
159828
159853
159857
159891
160134
160200
160262
160287
160314
160376
160383
160478
160606
160697
160716
160833
160848
160896
161124
161172
161353
161354
161550
161596
161606
161615
161861
161874
161918
162019
162026
162061
162170
162203
162402
162434
162639
162837
162879
163079
163196
163219
163311
163470
163681
163797
163839
163861
163910
164194
164223
164266
164336
164356
164365
164419
164480
164526
164685
164855
164926
164927
165113
165127
165214
165387
165432
165471
165546
165550
165598
165634
165701
165805
165875
165978
165995
166193
166262
166411
166453
166477
166527
166648
166726
166735
166748
166850
167035
167185
167256
167283
167352
167355
167358
167359
167432
167465
167477
167563
167577
167626
167636
167701
167731
167886
167944
168040
168144
168190
168229
168270
168288
168324
168336
168453
168538
168541
168561
168562
168577
168673
168686
168711
168878
169295
169318
169355
169628
169648
169712
169717
169762
169919
170040
170074
170086
170118
170218
170345
170360
170464
170490
170560
170609
170629
170815
170848
170883
170967
170997
171252
171261
171271
171389
171451
171536
171552
171627
171686
171697
171718
171795
171930
172013
172057
172101
172116
172216
172443
172527
172613
172640
172900
173165
173168
173171
173257
173411
173830
173847
173896
174262
174386
174423
174561
174719
174725
174829
174873
174892
174897
175015
175030
175057
175421
175426
175558
175636
175768
175981
176098
176111
176114
176120
176283
176659
176671
176706
176708
176722
176749
176766
176852
177003
177034
177037
177039
177054
177300
177478
177484
177604
177677
177718
177740
177919
178033
178057
178140
178187
178204
178314
178364
178380
178626
178673
178741
178801
178898
178982
179081
179124
179172
179264
179311
179348
179398
179405
179554
179652
179672
179690
179716
179731
179795
179862
179895
179946
180026
180107
180137
180208
180332
180505
180536
180550
180781
180793
180888
180930
180970
180973
181062
181151
181153
181326
181339
181443
181520
181546
181560
181604
181686
181735
181807
181869
181873
181880
181939
181940
182165
182244
182286
182387
182411
182640
182698
182903
182906
182984
183022
183162
183201
183206
183336
183384
183453
183496
183560
183765
183837
183854
183995
184117
184119
184136
184163
184307
184362
184453
184531
184540
184558
184587
184649
184835
184847
184912
185130
185148
185230
185361
185405
185430
185488
185522
185602
185610
185625
185673
186031
186160
186175
186255
186294
186733
186779
186823
186933
186956
186991
187087
187204
187210
187218
187284
187308
187414
187459
187476
187567
187711
187718
187791
187898
188009
188161
188177
188236
188247
188304
188473
188611
189030
189586
189635
189751
189941
190000
190064
190098
190133
190155
190305
190537
190648
190653
190706
190755
190822
190900
191158
191219
191505
191513
191532
191573
191600
191718
191745
191892
191906
191992
192033
192115
192390
192479
192610
192791
193050
193102
193510
193719
193830
193998
194015
194068
194166
194222
194527
194558
194786
195064
195145
195148
195332
195535
195606
195732
195898
196032
196131
196188
196218
196327
196339
196374
196389
196468
196604
196627
196676
196681
196712
196724
196734
196830
196976
197043
197055
197067
197241
197268
197269
197331
197384
197430
197442
197532
197620
197703
197750
197763
197884
198057
198146
198171
198498
198780
198932
199009
199291
199481
199585
199644
199706
199721
199757
199760
199966
199984
200031
200056
200152
200202
200266
200310
200369
200402
200413
200491
200544
200597
200684
200689
200804
200896
201058
201166
201245
201251
201282
201325
201356
201389
201405
201490
201493
201517
201574
201610
201634
201651
201671
201692
201716
201731
201891
201904
201909
201962
201988
202000
202263
202389
202513
202521
202559
202872
202968
202999
203001
203121
203283
203286
203304
203620
203633
203868
203869
204049
204135
204181
204182
204257
204278
204302
204316
204386
204533
204535
204632
204661
204771
204881
204930
205022
205039
205233
205342
205741
205923
205997
206010
206158
206180
206414
206625
206630
206795
206924
207069
207099
207178
207325
207366
207394
207412
207514
207658
207800
207893
207895
207970
208183
208208
208317
208727
208798
208826
208931
208974
208997
209044
209116
209593
209821
209903
209925
209982
210121
210135
210239
210317
210408
210498
210547
210766
210883
210954
211249
211268
211290
211330
211385
211418
211554
211593
211695
212025
212320
212369
212520
212532
212610
212806
212850
212906
213291
213337
213355
213369
213414
213474
213687
213890
214103
214184
214186
214292
214300
214334
214663
214725
214730
214753
214821
214911
215214
215302
215483
215619
215711
215718
215825
215842
215878
215973
215999
216038
216134
216138
216171
216245
216280
216313
216331
216348
216386
216391
216420
216477
216501
216610
216812
216909
217068
217274
217297
217472
217482
217998
218384
218493
218572
218606
218619
218644
218855
218942
219084
219154
219209
219491
219626
219650
219788
220041
220139
220184
220356
220396
220510
220655
220736
220755
220769
220862
220867
220888
220983
221013
221043
221117
221155
221488
221525
221581
221692
221804
221923
222268
222420
222528
222813
223123
223142
223317
223320
223398
223456
223463
223741
223808
223952
224012
224059
224139
224360
224373
224402
224608
224758
224890
224891
224905
224912
225039
225056
225107
225171
225208
225269
225369
225775
225796
225953
226353
226417
226518
226541
226661
226805
226838
226905
227163
227239
227244
227280
227473
227524
227653
227727
227790
227823
227835
227943
228051
228094
228103
228149
228155
228162
228222
228273
228452
228455
228504
228546
228556
228667
228859
228962
229095
229206
229210
229223
229245
229311
229388
229484
229781
229808
229829
229830
229841
229844
229874
229882
229976
230023
230046
230130
230437
230491
230521
230832
230914
231007
231098
231316
231431
231528
231534
231599
231720
231874
231960
232050
232092
232096
232221
232226
232420
232439
232712
232964
233000
233033
233168
233193
233247
233314
233441
233594
233822
233827
233829
234024
234042
234625
234640
234898
234968
235023
235093
235205
235356
235494
235547
235645
235646
235676
235751
235778
235834
235838
235909
235985
236121
236182
236332
236385
236418
236423
236589
236592
236678
236796
236912
237004
237028
237118
237119
237143
237164
237217
237282
237397
237495
237504
237859
237935
237997
238008
238010
238013
238022
238024
238132
238151
238180
238236
238322
238400
238404
238442
238668
238788
238789
238847
238887
238905
239052
239277
239410
239451
239455
239553
239813
239864
239896
239948
240205
240263
240366
240508
240570
240590
240591
241028
241499
241559
241806
241849
241900
242015
242030
242090
242229
242256
242302
242446
242561
242646
243025
243100
243264
243527
243544
243648
243658
243746
243807
243936
243942
244064
244211
244239
244413
244427
244585
244591
244781
244831
244930
244976
245293
245600
245602
245610
245653
245864
245887
245962
246069
246081
246127
246247
246393
246535
246543
246624
246850
246899
246937
247142
247162
247164
247175
247280
247433
247480
247568
247701
247957
248033
248045
248091
248150
248202
248289
248381
248400
248425
248608
248765
248796
248979
249045
249102
249165
249595
249625
249979
250310
250328
250401
250619
250951
251092
251218
251278
251318
251378
251479
251525
251528
251559
251609
251671
251696
251717
251758
251863
251914
251916
252026
252108
252223
252281
252331
252459
252495
252498
252582
252597
252634
252707
252738
252753
252754
253023
253244
253448
253480
253573
253616
253724
253913
253966
253991
254045
254107
254259
254312
254402
254446
254807
254875
254922
254994
255189
255224
255359
255475
255592
255669
255926
255960
255970
256044
256082
256219
256385
256577
256641
256654
256671
256760
256799
257075
257098
257206
257287
257370
257463
258152
258184
258588
259045
259227
259328
259361
259374
259779
259831
259848
259863
259883
259937
259950
259998
260452
260586
260653
260805
260969
261023
261073
261386
261505
261530
261769
261831
261916
261977
262009
262081
262121
262151
262214
262229
262570
262604
262616
262695
262702
263139
263227
263501
263542
263545
263571
263615
263759
263853
263856
263974
264035
264145
264286
264301
264349
264352
264659
264820
264844
264879
264914
264974
265116
265132
265138
265171
265224
265325
265392
265472
265615
265701
265806
265859
265924
265980
266057
266100
266113
266119
266140
266259
266366
266676
266795
266807
266948
267186
267201
267391
267426
267438
267474
267488
267527
267814
267817
267967
268130
268210
268264
268359
268421
268791
268849
268852
268900
269047
269326
269328
269493
269574
269704
269718
269780
269910
270057
270179
270600
270955
271204
271240
271317
271373
271540
271803
271870
271886
271958
271985
272010
272184
272282
272430
272547
272734
272764
272829
272931
273680
273685
273760
273853
273897
273921
273937
273978
274024
274110
274198
274461
274463
274518
274611
274659
274713
274775
274833
275010
275024
275160
275222
275242
275440
275534
275605
275641
275657
275673
275755
275925
276062
276207
276228
276241
276377
276425
276564
276674
276682
276719
276906
277253
277497
277635
277723
277988
277996
278015
278081
278184
278299
278331
278519
278739
278881
279023
279216
279218
279234
279262
279352
279517
279528
279834
279840
279848
279912
280052
280187
280277
280376
280500
280507
280564
280745
280778
280816
280851
280916
280942
281015
281133
281355
281451
281564
281716
281922
282104
282206
282322
282391
282424
282446
282712
282770
282869
283196
283225
283248
283274
283484
283603
283651
283848
283863
284144
284150
284345
284600
284689
284917
285050
285087
285090
285190
285344
285437
285438
285510
285727
285757
285765
285853
285866
285973
286022
286042
286082
286282
286474
286614
286645
286669
286923
286941
287192
287280
287318
287489
287595
287664
287744
287885
288074
288298
288351
288507
288541
288579
288649
288828
289019
289264
289377
289395
289455
289541
289701
289924
289925
289985
290188
290401
290434
290569
290601
290655
290852
290909
291094
291175
291207
291216
291258
291305
291573
291691
291716
291736
291825
292206
292380
292628
292832
292856
292962
293129
293218
293277
293314
293432
293449
293473
293532
293604
293700
294057
294388
294434
294480
294624
294641
294645
294691
294693
295094
295261
295284
295323
295340
295470
295529
295703
296487
296545
296603
296617
297000
297034
297279
297442
297507
297570
297650
297904
297948
298079
298081
298132
298244
298346
298585
298694
298855
298904
299017
299065
299217
299309
299398
299448
299662
299887
299909
299997
300147
300175
300210
300444
300516
300549
300939
301069
301177
301184
301297
301522
301570
301752
301789
301888
302023
302049
302354
302809
302818
302834
303160
303556
303692
303762
303799
304183
304317
304418
304801
304951
305027
305053
305134
305341
305635
305694
305872
305889
305916
306008
306075
306330
306370
306522
306755
306837
307080
307083
307189
307244
307285
307425
307773
307842
307914
308149
308231
308265
308376
308408
308669
308779
309000
309262
309338
309397
309502
309513
309631
309740
309792
309818
309872
309942
309999
310055
310147
310175
310205
310408
310566
310581
310602
310902
311293
311407
311420
311495
311520
311609
311713
311867
312000
312053
312879
312942
312996
313126
313160
313221
313253
313429
313468
313684
313722
313823
313934
314214
314321
314506
314536
314543
314884
315111
315143
315334
315421
315574
315663
315760
315944
316039
316073
316125
316359
316423
316469
316498
316550
316585
317233
317255
317588
317672
317680
317749
317859
318072
318195
318219
318602
318829
318882
318909
319003
319407
319510
319513
319543
319672
319837
319883
320022
320077
320186
320266
320310
320439
320471
320603
320671
320728
320967
321079
321343
321808
322013
322118
322138
322216
322381
322394
322444
322868
323053
323092
323151
323362
323385
323398
323464
323770
324097
324135
324136
324141
324188
324315
324321
324337
324348
324385
324409
324549
324634
324691
324912
325162
325238
325519
325559
325649
326057
326136
326258
326628
326667
326741
326897
326952
326985
327115
327150
327271
327406
327551
327833
327901
327942
328039
328116
328303
328361
328366
328476
328603
328777
328969
329067
329343
329527
329621
329665
329716
329738
329950
329995
330610
330669
330864
330937
330986
331011
331160
331263
331390
331502
331712
331773
331938
331985
332711
332760
332877
332964
333024
333038
333160
333312
333411
333865
334149
334151
334278
334396
334436
334471
334553
334573
334595
334802
335182
335201
335367
335501
335630
335644
335746
335785
336081
336136
336211
336221
336323
336600
336646
336837
337134
337631
337835
338023
338068
338137
338162
338255
338773
338895
338980
339125
339171
339173
339178
339389
339393
339449
339476
340062
340244
340611
340644
340714
340975
340984
341202
341216
341341
341537
341548
341770
341797
342169
342350
342418
342472
342753
342961
342966
343051
343185
343212
343398
343647
343702
343800
343856
343997
344067
344123
344217
344269
344448
344467
344496
344510
344605
344824
344895
345260
345285
345607
345758
345761
346189
346345
346579
346636
346748
346796
346881
346925
346995
347198
347211
347792
347873
348146
348229
348415
348422
348485
348610
348617
348840
348911
348929
348952
349122
349215
349244
349351
349380
349394
349551
349566
349614
349685
349961
350040
350048
350157
350228
350265
350301
350317
350397
350552
351062
351074
351163
351230
351396
351521
351613
351748
351763
351809
351903
351913
352102
352104
352114
352187
352424
352505
352884
352982
353085
353233
353260
353375
353392
353400
353474
353718
354024
354351
354475
354525
354592
354594
354828
355288
355868
355882
356041
356329
356330
356374
356406
356821
356874
356990
356998
357060
357112
357275
357690
357851
358344
358366
358391
358746
358765
358796
358936
359086
359425
359587
359708
359894
359957
360089
360178
360201
360215
360341
360354
360423
360451
360702
361165
361260
361489
361536
361574
361660
361727
361911
361949
362161
362295
362526
362688
362791
362803
362886
363038
363334
363513
363521
363791
363805
363846
364570
364700
364766
364774
364908
364909
365342
365345
365398
365556
365678
365758
365797
365957
366193
366206
366438
366517
366542
366746
366759
366762
366937
367399
367569
367917
367931
367946
368437
368690
368868
368992
369060
369265
369272
369454
369603
370026
370056
370744
370746
371101
371757
371911
371971
372584
372650
372726
372931
372969
373173
373178
373256
373406
373469
373675
373676
373775
373965
374083
374170
374384
374389
374401
374708
374883
375115
375612
375615
375706
376237
376330
376380
376446
376493
376681
376722
376766
376916
376928
376946
377139
377194
377279
377289
377356
377483
377502
377532
377535
377762
377812
377958
378011
378113
378117
378217
378463
378464
378467
378669
378790
379048
379134
379382
379439
379477
379585
379855
379861
379969
379988
380026
380076
380166
380360
380416
380500
380715
380764
380827
380917
380956
381087
381139
381238
381473
381687
381798
382007
382012
382176
382292
382420
382644
383064
383398
383517
383594
383953
384151
384302
384372
384564
384574
384606
384612
384670
384718
384796
384902
384915
384968
385076
385082
385383
385409
385455
385729
386238
386342
386459
386793
386967
387421
387422
387428
387590
387847
388024
388094
388110
389102
389262
389581
389607
389738
389780
389909
390069
390491
390581
390837
391269
391512
392130
392290
392749
392854
393103
393171
393542
393699
393743
393970
394207
394384
394411
394434
394480
394483
394951
395060
395197
395493
395513
395654
395876
395976
396005
396105
396407
396948
397029
397040
397150
397550
397565
397611
398108
398274
398296
398460
398554
398636
398693
398706
398857
398871
398968
399028
399432
399517
399529
399590
399733
399771
400295
400353
400438
400615
401272
401515
401730
401745
401861
402011
403131
403366
403992
404310
404668
404691
404863
404928
405059
405528
406229
406464
406518
406866
406998
407053
407133
407247
407261
408035
408100
408918
409341
409833
409935
410180
410479
410487
410625
410806
410893
411007
411263
411577
411830
411943
412338
412374
412508
412567
412721
412935
413043
413126
414002
414354
414360
414908
415204
415236
415337
415355
415394
415402
415465
415481
415784
415953
416123
416224
416240
416878
416883
417152
417160
417258
417445
417446
417475
417704
418037
418372
418925
418947
419249
419314
419482
419683
419859
419882
420581
420626
420952
421117
421401
421717
421949
422121
423274
423338
423688
423806
423813
424089
424293
424474
424722
424734
424842
424871
425075
425950
426229
426602
426921
426978
427012
427140
427382
427555
427565
427730
427739
428504
428701
428794
428992
429029
429225
429387
429389
429905
429907
429923
430124
430323
430806
430931
431108
431396
431611
431821
431869
431885
432184
432211
432357
432367
432852
432965
432996
433138
433246
433248
433601
433854
434006
434567
434620
434650
434762
435010
435753
436119
436144
436437
436573
436785
436823
436867
436928
437045
437357
437740
437984
437994
438028
439259
439542
439713
439875
439898
440051
440124
440222
440942
441722
441771
442425
442977
442996
443157
443347
443660
443783
443912
444521
444677
444765
444810
445319
445388
445473
445549
445701
446274
446713
446821
447100
447358
447385
447467
447899
448204
448295
448408
448562
448720
448792
449257
449305
449358
449446
450090
450185
450451
450502
450825
450918
451018
451025
451026
451145
451235
451265
451317
451340
451947
451991
452427
452642
452730
453232
453880
453888
453947
455039
455183
455366
455613
456043
456101
456229
456302
456459
456560
456751
457166
457300
457393
457452
457719
457947
458052
458313
458315
458324
458444
458710
459041
459142
460321
460449
460481
460706
460927
460961
461251
462713
462916
463113
463457
463692
463730
464224
464377
464609
465213
465319
465374
465574
465890
466105
466211
466756
467162
467474
467734
467765
467791
468105
468545
468606
468699
468906
469055
469172
469214
469218
469645
469708
469778
470337
470551
470993
471184
471256
471550
471819
472096
472534
473142
473242
473921
473938
474091
474636
474703
475084
475218
475292
475446
476194
476205
476466
476555
476557
476824
477340
477364
477371
477620
477816
478177
478349
478691
478846
479270
479524
479635
480213
480285
481059
481937
481999
483275
483443
483458
483580
483662
483974
484290
484518
484990
485547
485959
486270
486449
487151
487581
487829
488573
490121
490523
491146
491931
492142
492515
492628
493020
493059
493305
493573
494382
494570
496137
497733
497882
498031
498236
498352
498480
498918
499722
500657
502127
502617
503192
503445
503561
503644
504126
504938
505285
506005
507087
507377
507603
508202
508231
508596
508800
509401
509677
510057
511055
512596
512715
514384
514575
515248
515994
517971
518223
518860
522017
523704
523764
524891
525598
527555
527648
528943
529049
529950
530607
530670
531361
533778
535704
537877
538104
538287
540420
544699
545445
547849
549967
553406
558264
559688
565052
