21
91
212
213
251
252
360
401
598
877
917
934
963
977
1039
1098
1105
1146
1154
1163
1302
1323
1349
1474
1478
1555
1628
1746
1819
1939
1954
1995
2135
2316
2434
2510
2529
2551
2554
2593
2658
2811
2917
2936
3161
3349
3382
3411
3418
3541
3723
3785
3909
4202
4351
4469
4476
4546
4666
4702
4849
4855
4871
4898
4981
5060
5298
5394
5406
5433
5471
5541
5599
5728
5784
5804
5891
5942
6084
6102
6180
6239
6433
6515
6577
6703
6732
6787
6807
6828
7274
7517
7581
7828
7943
8053
8100
8157
8231
8253
8427
8545
8597
8616
8700
8760
8873
8924
9172
9342
9664
9710
9844
9903
9926
10184
10331
10335
10664
10847
11090
11117
11169
11325
11381
11448
11586
11601
11699
11861
12099
12330
12507
12762
12909
13080
13404
13451
13548
13556
14051
