11
19
22
58
63
65
75
76
89
101
155
189
220
222
230
240
243
260
278
290
302
320
333
336
346
347
365
367
401
409
435
443
459
462
465
473
532
559
581
588
599
620
632
655
662
685
707
708
723
739
760
792
796
805
811
850
855
886
891
918
919
921
942
947
952
958
984
1039
1066
1079
1105
1146
1181
1189
1192
1193
1203
1205
1215
1234
1263
1273
1287
1310
1314
1330
1335
1339
1396
1419
1447
1490
1520
1521
1522
1528
1539
1542
1546
1600
1602
1666
1670
1682
1685
1713
1722
1738
1741
1745
1785
1800
1805
1811
1823
1848
1859
1877
1924
1948
1984
1986
1988
1993
1999
2010
2032
2039
2042
2076
2078
2094
2106
2123
2125
2128
2131
2150
2213
2275
2346
2356
2361
2401
2402
2417
2433
2435
2445
2458
2463
2479
2491
2521
2529
2533
2564
2568
2586
2607
2617
2619
2620
2625
2654
2703
2715
2752
2753
2763
2772
2825
2850
2861
2867
2901
2916
2925
2941
2957
2979
2988
3005
3023
3024
3033
3053
3086
3087
3088
3090
3091
3103
3104
3116
3121
3125
3148
3149
3150
3168
3170
3175
3194
3197
3205
3223
3237
3238
3245
3248
3281
3289
3295
3298
3315
3319
3320
3325
3367
3374
3381
3410
3411
3414
3417
3418
3421
3467
3476
3521
3529
3531
3533
3545
3550
3556
3654
3680
3688
3691
3710
3723
3733
3746
3794
3797
3802
3848
3859
3871
3877
3898
3916
3927
3959
3964
3982
4007
4037
4071
4083
4084
4087
4088
4092
4127
4140
4145
4167
4180
4188
4197
4213
4222
4255
4267
4270
4289
4292
4298
4304
4309
4323
4335
4364
4389
4390
4420
4438
4439
4442
4443
4452
4470
4479
4489
4535
4544
4598
4600
4623
4636
4649
4651
4653
4668
4673
4679
4683
4694
4699
4702
4715
4717
4765
4834
4855
4856
4874
4897
4911
4977
4994
5013
5025
5046
5062
5065
5067
5090
5115
5173
5196
5231
5253
5256
5269
5288
5298
5304
5327
5357
5382
5387
5396
5402
5433
5488
5494
5504
5529
5538
5541
5542
5609
5615
5633
5665
5671
5675
5678
5680
5681
5699
5703
5715
5719
5739
5800
5805
5844
5846
5848
5861
5884
5929
5967
5982
5987
6000
6002
6062
6084
6098
6128
6158
6174
6175
6283
6304
6310
6321
6343
6371
6377
6432
6461
6464
6511
6577
6586
6591
6600
6611
6645
6657
6660
6665
6706
6742
6770
6787
6796
6819
6829
6859
6881
6885
6898
6921
6965
6976
6993
7004
7026
7054
7066
7067
7103
7110
7120
7170
7171
7202
7208
7225
7246
7283
7353
7358
7362
7397
7451
7459
7465
7496
7518
7522
7574
7580
7595
7597
7618
7681
7699
7734
7744
7747
7757
7821
7823
7847
7866
7873
7962
7966
7972
8042
8045
8063
8084
8098
8129
8156
8177
8189
8224
8241
8250
8253
8280
8291
8294
8305
8306
8313
8341
8357
8391
8397
8405
8427
8428
8453
8493
8499
8506
8526
8541
8549
8598
8601
8612
8615
8618
8639
8647
8679
8680
8833
8880
8901
8920
8924
8983
8984
8996
8998
9007
9057
9083
9091
9142
9159
9169
9171
9172
9174
9195
9212
9231
9354
9369
9379
9380
9438
9443
9464
9466
9471
9491
9509
9575
9600
9601
9642
9653
9682
9693
9718
9753
9814
9859
9877
9905
9919
9926
9951
9957
9966
9971
9985
10011
10049
10061
10063
10077
10079
10081
10085
10119
10186
10228
10234
10283
10324
10336
10339
10345
10346
10392
10394
10432
10462
10493
10509
10582
10663
10687
10709
10730
10749
10764
10766
10840
10889
10903
10916
11014
11016
11039
11047
11067
11074
11125
11132
11159
11212
11228
11237
11315
11330
11332
11347
11382
11414
11448
11454
11477
11479
11481
11491
11499
11519
11524
11526
11567
11575
11588
11621
11631
11654
11668
11689
11701
11714
11754
11757
11777
11806
11854
11905
11932
11953
11956
11959
12023
12025
12027
12049
12052
12054
12183
12273
12310
12317
12324
12339
12353
12355
12360
12386
12391
12413
12455
12459
12570
12597
12674
12757
12789
12791
12794
12807
12817
12821
12827
12939
12977
12978
13065
13072
13074
13077
13098
13107
13111
13212
13243
13249
13256
13447
13467
13472
13530
13593
13603
13611
13617
13625
13856
13907
13943
13975
