33
92
152
160
257
440
447
595
601
607
629
806
1273
1310
1434
1546
1608
1663
1670
1720
1744
1768
1976
2042
2059
2127
2188
2216
2396
2421
2452
2604
2656
2847
2900
2917
2918
3068
3071
3103
3160
3162
3371
3594
3947
4150
4224
4316
4454
4455
4558
4577
4702
5117
5173
5186
5319
5320
5402
5425
5493
5542
5676
5691
5714
5793
5847
5979
6104
6180
6253
6270
6296
6371
6436
6561
6725
6969
6978
7058
7135
7211
7242
7253
7307
7332
7512
7638
7901
7902
7962
8098
8508
8589
8590
8699
8702
8882
8913
8923
8975
9020
9535
9691
9712
9725
9794
9902
9924
9970
10052
10075
10110
10393
10418
10470
10642
10720
10789
10828
11181
11329
11388
11430
11481
11499
11662
11694
11739
12190
12405
12411
12597
12675
13072
13258
13266
13424
13593
13708
13836
