11
14
33
47
62
65
76
81
89
106
182
186
191
209
211
252
272
285
289
293
303
319
346
348
372
406
409
432
442
443
448
459
463
481
495
587
588
597
599
621
628
631
635
655
665
673
697
752
795
819
833
844
874
907
925
942
943
974
975
977
979
981
1031
1051
1074
1082
1097
1117
1118
1142
1151
1154
1181
1190
1194
1234
1250
1251
1279
1281
1282
1297
1322
1328
1334
1364
1399
1430
1447
1456
1461
1493
1498
1512
1546
1573
1603
1608
1647
1670
1679
1712
1713
1757
1766
1791
1822
1833
1845
1856
1859
1874
1877
1905
1915
1929
1938
1940
1947
1966
1983
1999
2005
2036
2037
2051
2088
2096
2098
2101
2125
2146
2170
2195
2218
2219
2239
2268
2282
2295
2314
2328
2336
2356
2357
2383
2388
2421
2431
2440
2452
2462
2476
2495
2496
2497
2500
2503
2515
2523
2552
2559
2584
2614
2615
2625
2626
2642
2654
2684
2696
2699
2702
2726
2745
2748
2778
2823
2829
2844
2881
2885
2908
2921
2926
2935
2936
2956
2959
2988
3015
3071
3096
3111
3122
3125
3150
3175
3196
3236
3237
3245
3252
3279
3316
3325
3341
3364
3381
3416
3417
3421
3428
3429
3470
3476
3490
3518
3570
3580
3592
3612
3669
3699
3734
3744
3762
3765
3779
3788
3803
3810
3849
3850
3867
3894
3896
3898
3914
3917
3970
4003
4032
4095
4134
4140
4144
4150
4182
4186
4188
4194
4291
4292
4295
4307
4321
4338
4351
4374
4394
4414
4444
4457
4467
4488
4494
4526
4527
4539
4544
4552
4556
4561
4576
4591
4600
4636
4648
4670
4692
4722
4735
4769
4849
4856
4883
4889
4909
4915
4921
4977
5032
5033
5034
5046
5064
5090
5116
5118
5124
5149
5160
5165
5168
5186
5195
5208
5234
5254
5265
5268
5296
5320
5326
5356
5387
5388
5404
5408
5413
5424
5456
5466
5498
5508
5515
5528
5541
5582
5614
5630
5650
5652
5665
5692
5719
5752
5753
5770
5783
5812
5826
5836
5844
5845
5848
5849
5850
5890
5893
5928
5948
5957
5960
5967
5981
5998
5999
6000
6009
6021
6030
6039
6059
6073
6092
6100
6111
6133
6170
6210
6228
6261
6265
6325
6328
6347
6412
6519
6530
6586
6587
6589
6608
6656
6682
6703
6725
6742
6743
6744
6761
6773
6774
6781
6807
6866
6898
6909
6935
6940
6942
6983
6992
6996
7026
7065
7100
7108
7136
7202
7212
7218
7279
7283
7317
7331
7361
7379
7406
7411
7419
7422
7454
7489
7540
7548
7555
7574
7576
7602
7637
7669
7694
7699
7736
7750
7782
7788
7789
7797
7811
7828
7846
7859
7869
7887
7901
7927
7937
7944
8018
8070
8076
8096
8114
8130
8139
8145
8150
8157
8209
8232
8233
8235
8266
8270
8388
8426
8533
8552
8553
8557
8566
8569
8598
8601
8615
8616
8681
8702
8703
8707
8725
8760
8780
8818
8839
8854
8891
8903
8921
8922
8964
8974
9038
9126
9146
9154
9159
9167
9194
9200
9205
9208
9210
9212
9275
9334
9342
9456
9477
9491
9576
9598
9722
9744
9767
9798
9815
9822
9881
9893
9896
9908
9961
9989
9998
10000
10023
10038
10053
10071
10077
10078
10079
10103
10112
10122
10125
10143
10175
10178
10199
10229
10240
10316
10319
10331
10334
10356
10392
10474
10477
10484
10525
10543
10554
10620
10649
10651
10666
10668
10686
10697
10725
10782
10785
10797
10799
10806
10858
10872
10889
10903
10961
10975
10995
11001
11004
11016
11047
11074
11114
11179
11181
11188
11201
11204
11205
11229
11260
11287
11307
11325
11338
11403
11414
11424
11430
11443
11457
11492
11493
11494
11519
11552
11575
11615
11620
11668
11676
11692
11722
11748
11793
11844
11866
11875
11882
11884
11896
11953
11977
12000
12013
12047
12073
12149
12156
12189
12205
12239
12240
12248
12268
12274
12286
12325
12338
12354
12357
12359
12366
12377
12379
12410
12415
12418
12454
12457
12459
12484
12503
12532
12574
12580
12597
12636
12648
12663
12685
12713
12736
12761
12782
12817
12839
12862
12869
12923
12946
12949
12954
12956
12985
13008
13023
13055
13065
13072
13075
13111
13133
13166
13182
13244
13300
13320
13401
13458
13472
13556
13577
13584
13607
13615
13681
13715
13763
13841
13875
13881
13961
