11
13
19
33
63
79
80
126
147
149
165
176
191
202
206
207
208
221
275
288
293
330
346
361
362
369
388
409
413
423
455
473
506
524
530
536
537
544
560
598
655
663
686
697
710
760
791
792
816
822
842
850
855
890
891
906
925
929
936
938
939
975
978
995
1002
1031
1033
1075
1111
1121
1136
1174
1179
1182
1187
1191
1192
1229
1245
1248
1283
1332
1345
1354
1367
1402
1419
1431
1442
1446
1459
1553
1566
1568
1573
1578
1621
1622
1644
1647
1649
1650
1670
1680
1699
1703
1711
1719
1736
1737
1744
1746
1752
1753
1766
1794
1801
1818
1830
1831
1906
1914
1916
1984
2011
2014
2035
2042
2094
2113
2114
2123
2130
2137
2143
2144
2146
2154
2187
2197
2210
2216
2237
2238
2243
2284
2294
2311
2322
2357
2362
2402
2415
2423
2440
2452
2502
2523
2568
2575
2581
2594
2602
2620
2625
2626
2658
2690
2711
2714
2778
2791
2793
2806
2811
2816
2821
2824
2847
2850
2862
2868
2906
2933
2938
2941
2949
2980
2999
3024
3052
3064
3077
3089
3145
3155
3158
3160
3168
3175
3218
3236
3252
3257
3279
3289
3309
3315
3319
3349
3371
3382
3390
3392
3409
3432
3435
3459
3467
3468
3476
3486
3502
3508
3551
3559
3580
3587
3589
3593
3600
3601
3652
3689
3697
3717
3733
3739
3752
3753
3761
3773
3822
3856
3862
3877
3887
3895
3915
3996
4020
4063
4084
4113
4127
4134
4140
4142
4145
4150
4180
4188
4216
4308
4328
4377
4406
4443
4455
4470
4494
4504
4512
4525
4526
4553
4561
4600
4668
4669
4678
4685
4687
4703
4714
4722
4737
4817
4825
4830
4837
4855
4870
4871
4895
4902
4961
4962
4988
4989
4994
5033
5063
5066
5078
5081
5089
5102
5147
5148
5175
5196
5208
5228
5254
5275
5294
5315
5337
5346
5413
5433
5451
5457
5466
5496
5512
5528
5577
5608
5632
5655
5692
5714
5812
5826
5850
5853
5871
5880
5891
5945
5948
5961
5981
5999
6011
6098
6104
6109
6111
6115
6117
6129
6148
6190
6193
6212
6218
6229
6289
6295
6298
6336
6382
6444
6456
6472
6493
6507
6515
6530
6534
6569
6584
6597
6600
6617
6631
6652
6657
6660
6661
6668
6696
6718
6726
6732
6741
6760
6790
6809
6812
6828
6829
6859
6942
6948
6971
6985
6993
7004
7043
7054
7066
7071
7085
7137
7151
7156
7166
7170
7224
7240
7253
7291
7306
7310
7317
7346
7350
7355
7361
7367
7373
7378
7379
7394
7399
7437
7571
7577
7605
7607
7626
7637
7655
7671
7684
7715
7728
7764
7790
7791
7798
7801
7813
7819
7837
7847
7880
7959
7972
7986
8012
8053
8054
8097
8126
8138
8148
8208
8218
8222
8236
8266
8267
8295
8299
8342
8357
8375
8378
8426
8427
8452
8466
8484
8506
8526
8547
8569
8584
8602
8604
8638
8647
8656
8686
8690
8707
8724
8851
8880
8891
8892
8893
8916
8934
8946
8954
8975
8980
8981
8999
9033
9034
9046
9068
9083
9096
9121
9142
9146
9173
9230
9233
9255
9307
9377
9384
9457
9527
9533
9535
9548
9572
9575
9596
9631
9653
9702
9710
9776
9796
9814
9824
9858
9865
9867
9893
9919
9925
9945
9985
9991
10000
10023
10065
10068
10075
10105
10110
10191
10206
10207
10230
10310
10393
10400
10403
10417
10421
10470
10474
10501
10531
10553
10591
10620
10634
10640
10642
10649
10662
10681
10697
10706
10708
10766
10771
10797
10852
10868
10895
10933
10960
11002
11058
11125
11155
11221
11233
11236
11241
11286
11287
11326
11351
11363
11364
11390
11414
11482
11492
11494
11503
11531
11575
11601
11658
11673
11714
11751
11754
11761
11802
11816
11844
11854
11858
11861
11897
11934
11942
11956
11991
12025
12027
12031
12090
12092
12099
12151
12171
12182
12213
12214
12225
12244
12251
12252
12297
12338
12356
12391
12394
12479
12496
12499
12538
12543
12574
12580
12582
12599
12603
12633
12635
12688
12691
12700
12702
12711
12735
12745
12752
12783
12804
12856
12861
12882
12921
12948
13008
13011
13021
13039
13065
13073
13089
13127
13133
13208
13219
13244
13296
13300
13302
13405
13424
13480
13505
13509
13532
13576
13602
13666
13715
13743
13841
13947
13948
13956
14082
