271
293
372
450
473
531
596
695
819
892
935
942
1098
1193
1527
1595
1753
1792
1811
1948
1974
2115
2124
2210
2273
2320
2351
2361
2396
2601
2610
2699
2727
2738
2864
2900
2907
2926
2966
3032
3227
3231
3238
3551
3559
3587
3898
3908
3964
4008
4026
4162
4512
4558
4690
4691
4696
4788
4912
4970
4976
5271
5298
5357
5380
5512
5867
5976
6118
6232
6506
6534
6692
6827
6884
6983
7108
7165
7253
7489
7533
7576
7608
7618
7719
7819
7850
7945
7962
8022
8100
8129
8236
8326
8381
8405
8484
8590
8602
8690
8738
8749
8791
9028
9038
9095
9366
9380
9519
9594
9934
9967
9985
10151
10163
10184
10374
10885
10933
11002
11090
11351
11406
11465
11492
11505
11526
11929
11935
12031
12149
12215
12405
12675
12842
13121
13302
13726
13896
13947
13974
