11
33
41
72
82
90
109
115
125
133
149
156
157
189
211
214
240
277
290
305
313
353
354
369
385
393
444
450
468
481
504
530
531
560
587
588
595
597
598
645
646
650
654
655
660
669
670
688
711
725
734
771
792
795
835
885
891
892
925
929
930
939
958
996
1033
1066
1110
1111
1155
1193
1219
1223
1229
1230
1233
1237
1253
1281
1303
1330
1363
1396
1402
1446
1457
1489
1493
1505
1521
1523
1526
1534
1542
1569
1571
1577
1595
1600
1603
1609
1618
1662
1666
1720
1730
1736
1738
1757
1825
1895
1901
1916
1924
1948
1964
1981
1983
1993
1999
2011
2013
2015
2101
2123
2137
2138
2150
2161
2169
2180
2191
2217
2302
2303
2323
2331
2366
2405
2453
2465
2479
2494
2500
2530
2534
2535
2564
2586
2606
2614
2622
2625
2630
2658
2682
2697
2718
2726
2738
2758
2813
2840
2843
2846
2847
2879
2884
2894
2903
2910
2916
2918
2933
2939
2943
2944
2945
2951
2953
2959
3015
3029
3048
3050
3052
3065
3067
3086
3087
3109
3149
3158
3202
3204
3213
3215
3221
3222
3237
3248
3258
3307
3312
3316
3325
3331
3337
3349
3358
3368
3419
3423
3460
3468
3520
3532
3538
3539
3546
3550
3559
3560
3581
3587
3641
3652
3655
3688
3694
3739
3749
3760
3786
3795
3814
3850
3859
3913
3964
3988
4007
4036
4061
4088
4092
4125
4174
4196
4215
4222
4234
4255
4270
4278
4298
4299
4312
4346
4359
4363
4377
4387
4391
4407
4410
4431
4440
4441
4452
4456
4467
4468
4478
4491
4535
4539
4553
4559
4560
4573
4575
4600
4601
4629
4653
4675
4678
4687
4688
4693
4697
4701
4715
4724
4768
4831
4852
4879
4939
4961
4973
4981
4994
5009
5043
5066
5067
5090
5113
5155
5166
5168
5235
5259
5294
5317
5326
5327
5343
5361
5395
5424
5457
5528
5605
5609
5615
5652
5653
5666
5675
5692
5696
5699
5742
5752
5764
5774
5782
5807
5811
5812
5870
5878
5936
5948
5955
5956
5984
5989
6016
6046
6060
6066
6072
6092
6104
6148
6164
6190
6209
6227
6247
6269
6270
6288
6296
6326
6377
6382
6456
6521
6530
6550
6559
6563
6600
6609
6621
6634
6638
6661
6692
6818
6842
6846
6881
6900
6922
6933
6935
6936
6947
6965
6991
7000
7063
7086
7090
7103
7135
7157
7158
7165
7255
7298
7331
7349
7398
7411
7422
7439
7467
7481
7489
7497
7506
7522
7536
7555
7560
7574
7593
7694
7695
7711
7714
7721
7807
7850
7852
7860
7873
7898
7962
7964
8042
8056
8068
8083
8120
8140
8148
8155
8163
8164
8219
8236
8248
8267
8275
8282
8291
8294
8351
8361
8366
8381
8390
8420
8425
8439
8455
8457
8466
8474
8478
8484
8490
8493
8533
8536
8537
8552
8569
8586
8604
8610
8638
8639
8642
8666
8681
8686
8700
8781
8833
8858
8878
8921
8979
8980
9035
9066
9071
9095
9121
9124
9142
9154
9155
9185
9191
9194
9201
9248
9261
9323
9374
9384
9392
9400
9401
9410
9420
9424
9448
9461
9473
9508
9514
9550
9572
9583
9586
9600
9613
9653
9682
9710
9722
9744
9779
9807
9849
9859
9877
9902
9919
9937
9953
9970
9971
9985
9989
9990
9999
10037
10042
10053
10068
10075
10112
10168
10184
10207
10253
10282
10290
10304
10316
10338
10356
10365
10450
10461
10471
10474
10491
10518
10532
10547
10552
10567
10573
10601
10604
10612
10617
10618
10725
10749
10775
10785
10804
10819
10868
10873
10883
10884
10920
10948
10965
10970
11014
11035
11040
11048
11065
11068
11071
11082
11086
11114
11137
11146
11233
11248
11259
11261
11305
11322
11329
11338
11351
11416
11427
11445
11447
11454
11487
11621
11626
11674
11692
11699
11709
11717
11735
11792
11801
11828
11863
11875
11905
11909
11959
12013
12027
12035
12122
12225
12233
12243
12269
12297
12316
12319
12327
12330
12336
12360
12366
12379
12445
12482
12543
12559
12594
12638
12639
12711
12752
12765
12840
12856
12888
12909
12928
12946
12949
12975
12976
12979
13032
13039
13051
13121
13127
13130
13149
13188
13370
13431
13458
13498
13505
13509
13529
13532
13548
13550
13592
13612
13643
13686
13722
13735
13777
13782
13798
13824
13947
13974
14107
