7
61
122
199
212
312
352
434
450
463
563
665
1165
1288
1364
1382
1539
1680
1683
1710
1736
1778
1793
1993
2151
2181
2184
2295
2330
2434
2562
2752
2772
2808
2833
3086
3218
3344
3354
3411
3461
3532
3560
3654
3688
3970
4072
4162
4410
4454
4477
4480
4505
4627
4628
4635
4691
4722
4770
4912
5024
5081
5227
5269
5271
5425
5444
5512
5692
5811
5841
5842
5998
6008
6193
6210
6262
6267
6292
6341
6436
6561
6698
6744
6790
6873
6899
7003
7050
7095
7134
7167
7207
7232
7485
7602
7607
7790
7835
8291
8398
8527
8587
8601
8690
8725
8993
8997
9410
9420
9504
9600
9869
9944
10240
10282
10334
10358
10386
10406
10487
10553
10626
10697
10885
10889
10946
11003
11702
11827
11953
12233
12248
12336
12701
12708
12745
13130
13549
13604
13715
