16
20
41
53
85
96
104
112
115
134
149
159
165
247
265
277
389
391
395
401
405
423
428
457
459
475
519
531
551
561
577
603
606
635
654
665
677
678
682
690
701
702
716
726
756
760
771
829
833
835
847
849
858
874
876
902
929
951
961
992
1000
1042
1044
1046
1078
1092
1103
1111
1115
1119
1146
1149
1196
1210
1225
1244
1256
1269
1290
1298
1304
1324
1326
1349
1374
1378
1419
1424
1426
1441
1459
1495
1497
1532
1539
1546
1571
1574
1603
1660
1672
1680
1682
1685
1712
1723
1753
1769
1790
1814
1816
1820
1855
1857
1860
1873
1883
1950
1956
1982
1986
2002
2071
2079
2112
2116
2119
2123
2131
2133
2137
2142
2164
2173
2175
2203
2205
2219
2251
2260
2268
2271
2311
2315
2319
2325
2335
2366
2380
2388
2434
2442
2443
2540
2548
2566
2599
2625
2637
2642
2670
2673
2686
2733
2750
2766
2768
2769
2771
2789
2802
2812
2835
2845
2854
2871
2875
2924
2942
2944
2960
3018
3037
3039
3053
3059
3079
3085
3093
3114
3115
3117
3126
3129
3141
3157
3159
3163
3175
3185
3187
3199
3211
3217
3232
3238
3239
3242
3272
3278
3280
3290
3293
3310
3328
3336
3340
3363
3365
3385
3387
3407
3417
3425
3429
3444
3456
3464
3478
3482
3504
3523
3529
3560
3564
3569
3576
3580
3590
3595
3611
3626
3636
3650
3658
3669
3677
3686
3687
3690
3694
3711
3767
3773
3783
3802
3804
3807
3857
3864
3866
3868
3884
3885
3893
3905
3914
3919
3925
3945
3954
3960
3963
3964
3965
3971
3987
4012
4019
4023
4055
4082
4086
4088
4113
4125
4142
4184
4204
4209
4218
4258
4265
4277
4283
4289
4313
4321
4325
4370
4371
4376
4386
4387
4391
4409
4425
4435
4475
4490
4494
4498
4501
4503
4505
4513
4521
4533
4553
4563
4565
4614
4622
4638
4651
4659
4677
4686
4688
4709
4713
4722
4745
4760
4779
4810
4818
4822
4829
4841
4882
4903
4908
4914
4935
4941
4945
4947
4970
4972
4993
4997
5006
5015
5047
5051
5053
5055
5069
5079
5081
5110
5114
5148
5190
5193
5213
5226
5233
5234
5238
5243
5266
5281
5282
5283
5296
5298
5299
5301
5306
5313
5336
5349
5363
5384
5386
5394
5402
5403
5424
5440
5479
5482
5484
5496
5548
5566
5574
5618
5631
5647
5655
5665
5667
5682
5736
5760
5779
5793
5825
5842
5856
5862
5865
5868
5873
5877
5895
5910
5944
5962
5972
5993
5998
6032
6043
6055
6063
6099
6112
6115
6122
6126
6130
6134
6150
6171
6182
6196
6215
6228
6267
6284
6323
6327
6337
6361
6400
6402
6418
6434
6450
6465
6481
6554
6556
6584
6589
6599
6607
6655
6663
6666
6674
6676
6678
6702
6711
6733
6771
6782
6833
6839
6846
6859
6869
6875
6889
6920
6934
6944
6965
6973
6996
7004
7008
7030
7079
7080
7102
7132
7136
7160
7181
7197
7249
7276
7303
7309
7319
7324
7328
7329
7332
7334
7340
7365
7392
7397
7403
7424
7446
7454
7466
7469
7484
7487
7498
7507
7510
7521
7535
7542
7562
7577
7589
7594
7598
7608
7613
7619
7629
7635
7640
7642
7671
7683
7686
7687
7700
7704
7706
7723
7731
7745
7747
7753
7754
7767
7782
7838
7864
7882
7884
7903
7933
7949
7951
7956
7960
8004
8013
8014
8025
8028
8037
8038
8040
8054
8060
8071
8093
8101
8103
8104
8161
8182
8191
8194
8233
8238
8242
8249
8261
8277
8292
8293
8296
8305
8323
8325
8327
8370
8375
8431
8433
8469
8481
8493
8518
8558
8593
8615
8619
8630
8647
8670
8685
8693
8697
8698
8723
8772
8774
8786
8794
8799
8805
8812
8814
8827
8851
8853
8889
8892
8917
8918
8950
8959
8960
8977
8978
9001
9009
9024
9042
9075
9079
9093
9109
9112
9130
9152
9158
9168
9180
9223
9225
9250
9252
9254
9260
9306
9342
9400
9407
9418
9420
9424
9439
9467
9484
9492
9494
9513
9517
9526
9548
9554
9558
9580
9583
9608
9615
9621
9627
9640
9641
9643
9645
9649
9656
9660
9662
9671
9698
9708
9731
9739
9759
9761
9781
9795
9848
9886
9952
9961
9965
9968
10011
10034
10047
10075
10089
10094
10130
10148
10168
10175
10189
10193
10242
10247
10266
10275
10290
10291
10300
10308
10340
10352
10357
10359
10361
10365
10369
10392
10396
10398
10418
10423
10428
10440
10487
10492
10497
10509
10528
10545
10567
10576
10578
10590
10626
10644
10660
10674
10718
10722
10728
10756
10771
10839
10858
10866
10871
10873
10895
10916
10920
10938
10949
10950
10984
11004
11052
11056
11116
11135
11146
11177
11195
11231
11235
11240
11257
11292
11304
11310
11322
11326
11330
11348
11366
11380
11383
11407
11411
11432
11436
11443
11479
11493
11527
11538
11580
11586
11588
11590
11625
11647
11661
11710
11718
11724
11726
11727
11790
11808
11818
11820
11822
11833
11852
11898
11902
11938
11947
11954
11971
11977
12003
12007
12026
12062
12088
12090
12136
12186
12200
12239
12244
12289
12352
12355
12712
13037
13039
13043
13102
13299
13507
13555
13613
13616
13622
13650
13684
13704
13761
13793
13799
13872
13905
13929
13974
14027
14038
14158
14161
14226
14227
14290
14294
14297
14320
14322
14342
14363
14371
14423
14429
14477
14479
14481
14489
14490
14492
14500
14508
14526
14580
14584
14591
14798
14829
14837
14858
14859
14867
14889
14905
14910
14946
14985
14988
14991
14995
15003
15005
15012
15016
15026
15038
15039
15045
15099
15103
15113
15126
15132
15156
15181
15182
15191
15206
15220
15241
15260
15263
15270
15276
15284
15297
15298
15331
15362
15366
15380
15422
15423
15464
15471
15475
15496
15517
15549
15556
15564
15581
15628
15639
15646
15701
15753
15758
15766
15865
15908
15933
15951
15968
15975
16036
16071
16076
16130
16164
16186
16187
16196
16206
16208
16267
16281
16320
16341
16344
16354
16407
16465
16475
16541
16562
16601
16622
16690
16698
16764
16817
16836
16856
16889
16895
16932
16977
17004
17059
17065
17070
17079
17082
17115
17120
17127
17136
17148
17201
17230
17236
17238
17244
17251
17273
17274
17278
17296
17297
17298
17335
17349
17359
17363
17377
17378
17384
17410
17414
17415
17440
17449
17474
17483
17498
17512
17517
17519
17540
17541
17556
17592
17629
17643
17703
17713
17721
17724
17792
17799
17805
17822
17832
17853
17854
17869
17873
17906
17933
17951
18015
18025
18068
18069
18103
18106
18107
18129
18170
18175
18204
18227
18228
18235
18243
18245
18258
18260
18261
18263
18264
18280
18355
18360
18377
18388
18390
18391
18438
18455
18458
18468
18487
18495
18507
18512
18515
18538
18539
18540
18561
18578
18587
18683
18714
18722
18738
18740
18758
18783
18817
18823
18845
18846
18850
18867
18878
18917
18930
18936
18959
18966
18968
18976
18977
18985
18990
19003
19031
19064
19104
19105
19164
19197
19209
19220
19226
19241
19247
19257
19272
19298
19326
19336
19348
19357
19358
19401
19473
19487
19545
19546
19596
19623
19650
19659
19718
19727
19735
19747
19751
19756
19758
19761
19784
19809
19813
19835
19896
19897
19911
19965
19978
20002
20007
20067
20082
20122
20171
20199
20239
20305
20342
20364
20385
20394
20565
20587
20595
20624
20631
20653
20661
20675
20687
20716
20749
20754
20755
20758
20778
20797
20809
20824
20835
20865
20896
20933
20947
21032
21036
21043
21057
21078
21145
21163
21164
21177
21179
21188
21191
21201
21211
21214
21215
21219
21247
21264
21266
21273
21281
21286
21300
21302
21310
21312
21320
21325
21331
21362
21390
21391
21402
21403
21412
21414
21432
21439
21442
21452
21463
21479
21485
21488
21493
21494
21495
21498
21503
21509
21541
21583
21588
21606
21610
21611
21642
21643
21652
21654
21655
21657
21666
21667
21669
21680
21690
21703
21710
21713
21715
21733
21738
21744
21751
21760
21772
21787
21795
21797
21806
21838
21844
21846
21848
21853
21854
21863
21865
21877
21884
21889
21895
21897
21899
21901
21918
21922
21924
21930
21935
21938
21943
21946
21960
21973
21976
21981
22030
22035
22050
22075
22080
22082
22087
22094
22101
22124
22127
22160
22175
22181
22182
22193
22194
22195
22217
22222
22234
22245
22249
22257
22265
22268
22269
22276
22279
22289
22316
22331
22335
22336
22341
22342
22348
22352
22369
22371
22378
22390
22396
22401
22410
22419
22434
22437
22450
22455
22459
22464
22492
22516
22529
22545
22548
22550
22558
22564
22639
22651
22654
22656
22673
22681
22719
22780
22793
22796
22802
22907
22924
23065
23076
23079
23132
23232
23482
23505
23543
23548
23558
23560
23563
23568
23575
23601
23608
23620
23625
23632
23676
23686
23699
23700
23728
23759
23789
23805
23808
23809
23819
23845
23871
23874
23878
23884
23890
23891
23892
23900
23944
23987
23989
23990
24005
24036
24037
24116
24124
24131
24140
24180
24181
24184
24214
24215
24219
24274
24279
24285
24301
24327
24329
24332
24336
24342
24343
24387
24406
24411
24420
24422
24432
24439
24441
24448
24481
24484
24489
24491
24543
24561
24563
24580
24581
24618
24626
24644
24673
24685
24686
24730
24745
24778
24792
24834
24852
24859
24882
24886
24894
24897
24909
24915
24921
24931
24935
24941
24949
24954
24959
24961
24962
24982
24993
25020
25103
25161
25224
25238
25273
25282
25337
25341
25374
25380
25383
25384
25389
25391
25394
25396
25397
25403
25411
25428
25462
25495
25509
25511
25514
25525
25538
25539
25583
25587
25600
25660
25662
25663
25668
25688
25720
25785
25803
25808
25838
25849
25861
25953
25954
25966
25970
26060
26067
26092
26138
26156
26159
26165
26167
26171
26183
26188
26191
26197
26206
26217
26268
26372
26375
26378
26510
26570
26654
26689
26719
26754
26789
26821
26823
26837
26842
26893
27074
27077
27167
27273
27277
27348
27370
27412
27480
27484
27486
27513
27633
27647
27660
27662
27694
27708
27709
27717
27719
27720
27782
27801
27807
27808
27819
27875
27901
27928
27947
27995
28002
28102
28127
28135
28171
28188
28191
28230
28254
28257
28259
28281
28287
28451
28462
28662
28719
28767
28775
28778
28795
28797
28894
29042
29043
29054
29062
29143
29191
29204
29211
29276
29278
29295
29343
29344
29364
29370
29383
29463
29471
29472
29486
29510
29529
29579
29580
29655
29658
29668
29833
29836
29846
29980
30073
30085
30149
30153
30207
30523
30662
30712
30922
30986
30992
31100
31119
31240
31257
31444
31468
31637
31641
31693
31695
31707
31804
31934
31976
32295
32405
32452
32453
32665
33195
33506
33516
33558
33578
33916
33962
33968
33996
34015
34053
34054
34075
34099
34137
34138
34153
34154
34161
34193
34195
34201
34236
34237
34251
34263
34327
34339
34344
34345
34353
34355
34366
34372
34384
34394
34445
34454
34455
34464
34465
34469
34471
34475
34484
34485
34494
34495
34512
34513
34522
34537
34541
34552
34568
34579
34586
34603
34608
34625
34634
34645
34652
34653
34658
34662
34669
34679
34695
34698
34712
34720
34729
34732
34765
34768
34782
34808
34810
34819
34866
34869
34877
34905
34906
34907
34917
34921
34923
34924
34927
34928
34930
34932
34945
34962
34972
34997
35007
35025
35026
35034
35038
35041
35045
35046
35069
35089
35092
35099
35106
35114
35120
35161
35173
35194
35215
35218
35224
35231
35233
35240
35243
35250
35267
35269
35356
35357
35361
35364
35424
35433
35434
35449
35451
35454
35489
35508
35520
35565
35581
35598
35608
35629
35632
35647
35650
35651
35653
35663
35676
35691
35699
35911
35928
35930
35941
35944
35950
35966
35969
35972
36056
36095
36098
36100
36110
36133
36146
36154
36216
36268
36278
36287
36306
36323
36333
36336
36346
36355
36371
36374
36383
36388
36403
36406
36435
36454
36457
36499
36501
36578
36624
36636
36656
36680
36713
36731
36752
36790
36797
36860
36861
36876
36954
36957
36965
36966
36971
36975
36982
36984
36992
36993
37003
37027
37064
37065
37076
37079
37086
37091
37230
37231
37257
37258
37320
37331
37377
37379
37428
37433
37435
37446
37447
37451
37485
37513
37560
37585
37622
37623
37624
37660
37661
37665
37714
37715
37731
37838
37841
37843
37845
37846
37851
37854
37878
37898
37907
37955
38024
38067
38127
38136
38145
38165
38209
38274
38306
38308
38323
38390
38391
38401
38418
38419
38433
38448
38455
38457
38458
38523
38524
38580
38582
38631
38633
38638
38641
38695
38697
38699
38706
38729
38751
38753
38755
38756
38761
38775
38776
38786
38788
38789
38791
38800
38808
38818
38827
38829
38832
38833
38840
38843
38856
38860
38865
38872
38888
38898
38902
38912
38919
38926
38932
38956
38959
38960
38966
38974
38978
38994
39004
39026
39027
39030
39040
39047
39052
39056
39061
39094
39139
39158
39207
39209
39217
39227
39229
39272
39395
39406
39523
39567
39605
39607
39625
39664
39666
39673
39677
39680
39694
39695
39776
39825
39917
39929
39962
39986
39994
40018
40019
40023
40033
40036
40078
40155
40158
40163
40182
40214
40215
40228
40252
40255
40274
40299
40303
40306
40314
40317
40320
40328
40344
40350
40353
40392
40394
40397
40403
40414
40415
40426
40457
40465
40468
40541
40552
40597
40738
40740
40784
40786
40791
40799
40813
40820
40821
40825
40830
40831
40838
40849
40888
40894
40916
41057
41065
41082
41111
41143
41329
41330
41339
41366
41455
41529
41532
41535
41580
41608
41648
41768
41810
41831
41840
42154
42196
42198
42206
42208
42210
42235
42245
42246
42287
42295
42333
42345
42350
42476
42478
42508
42512
42516
42518
42520
42699
42719
42720
42815
42816
42828
42832
42840
42846
42867
42876
42891
42901
42926
42928
42936
42945
42963
42981
42986
43003
43009
43042
43051
43077
43096
43101
43131
43205
43206
43249
43250
43299
43300
43327
43331
43333
43338
43440
43465
43466
43726
43763
43772
43793
43797
43802
43808
43812
43823
43841
43842
43844
43877
43884
43911
43937
43969
44010
44088
44096
44190
44194
44216
44232
44235
44242
44243
44281
44285
44290
44293
44306
44307
44318
44326
44330
