37
41
53
67
87
100
106
125
145
150
151
165
179
199
207
223
237
267
277
295
303
307
323
377
409
411
475
479
484
486
501
505
511
519
521
561
583
589
602
609
627
635
682
684
692
693
724
740
743
775
798
830
839
851
859
863
870
890
898
925
945
953
957
984
991
1000
1021
1037
1044
1125
1127
1146
1192
1200
1214
1225
1253
1254
1257
1269
1277
1284
1308
1328
1346
1370
1389
1409
1421
1432
1437
1471
1505
1509
1539
1556
1568
1610
1618
1656
1680
1682
1687
1704
1708
1733
1757
1759
1765
1776
1778
1780
1792
1826
1866
1874
1876
1891
1893
1895
1914
1982
2024
2028
2055
2063
2089
2137
2144
2154
2191
2236
2242
2264
2279
2299
2331
2336
2352
2416
2442
2443
2469
2492
2515
2517
2538
2550
2554
2591
2601
2606
2608
2622
2642
2652
2664
2668
2696
2701
2708
2724
2728
2746
2754
2760
2764
2787
2789
2794
2806
2816
2837
2841
2843
2854
2882
2911
2934
2938
2948
2954
2956
2970
2972
3007
3010
3024
3043
3046
3059
3075
3085
3102
3106
3124
3147
3149
3189
3209
3231
3233
3235
3239
3255
3278
3297
3316
3337
3350
3353
3355
3361
3394
3423
3429
3453
3456
3468
3481
3482
3486
3506
3509
3510
3545
3550
3556
3600
3607
3616
3617
3622
3626
3640
3642
3654
3656
3658
3660
3684
3698
3707
3709
3738
3744
3793
3795
3802
3804
3820
3848
3849
3854
3865
3889
3903
3910
3925
3943
3947
3950
3958
3963
3966
3989
3990
3992
4000
4018
4033
4034
4037
4040
4065
4089
4091
4115
4117
4119
4123
4153
4163
4166
4171
4173
4175
4257
4266
4278
4289
4293
4295
4313
4315
4358
4364
4391
4406
4441
4448
4450
4498
4500
4507
4519
4520
4521
4579
4596
4602
4605
4610
4624
4628
4630
4637
4642
4668
4673
4684
4688
4701
4707
4715
4732
4741
4747
4748
4760
4769
4824
4839
4840
4841
4842
4884
4887
4899
4908
4983
4993
5004
5033
5051
5077
5079
5098
5100
5143
5145
5155
5164
5173
5189
5190
5191
5210
5226
5232
5238
5243
5246
5262
5280
5301
5307
5309
5311
5324
5353
5360
5363
5375
5377
5383
5385
5392
5397
5400
5426
5447
5448
5534
5544
5554
5574
5611
5612
5625
5654
5657
5680
5701
5723
5727
5741
5756
5781
5783
5856
5857
5858
5880
5913
5940
6001
6019
6039
6053
6144
6153
6161
6183
6199
6201
6203
6228
6272
6286
6294
6296
6307
6311
6313
6321
6384
6386
6387
6389
6488
6529
6548
6570
6571
6584
6617
6634
6640
6642
6695
6709
6715
6721
6725
6733
6752
6760
6764
6766
6769
6779
6786
6806
6824
6828
6838
6846
6853
6863
6875
6885
6891
6900
6905
6926
6929
6933
6943
6959
6961
6965
6980
7020
7066
7080
7082
7097
7100
7106
7108
7124
7125
7158
7185
7207
7219
7231
7265
7274
7289
7297
7308
7311
7328
7343
7348
7349
7380
7392
7395
7401
7405
7433
7484
7502
7510
7528
7562
7568
7585
7592
7625
7632
7670
7711
7721
7722
7728
7734
7747
7754
7763
7768
7771
7800
7845
7864
7866
7888
7901
7926
7954
7979
8016
8048
8058
8074
8091
8104
8143
8169
8173
8176
8209
8211
8230
8238
8255
8282
8285
8292
8306
8339
8363
8375
8376
8378
8385
8391
8392
8401
8416
8430
8471
8473
8479
8489
8495
8510
8526
8534
8562
8570
8575
8601
8617
8664
8666
8673
8674
8675
8677
8686
8697
8727
8735
8747
8760
8770
8822
8852
8863
8869
8889
8906
8914
8916
8936
8950
8964
8972
8977
8982
8994
9063
9077
9091
9132
9158
9164
9186
9188
9213
9223
9242
9282
9344
9360
9405
9443
9453
9455
9477
9484
9500
9521
9569
9585
9590
9596
9598
9599
9602
9613
9620
9634
9650
9656
9672
9745
9748
9752
9755
9770
9799
9804
9826
9857
9865
9889
9897
9901
9907
9916
9922
9924
9954
9958
9977
9988
10005
10006
10009
10020
10022
10053
10055
10056
10064
10066
10079
10080
10089
10094
10118
10122
10143
10151
10160
10182
10207
10219
10220
10229
10231
10233
10247
10250
10264
10273
10274
10288
10331
10357
10404
10425
10427
10428
10434
10469
10475
10477
10492
10497
10499
10512
10514
10517
10539
10561
10567
10576
10580
10586
10600
10637
10642
10647
10649
10678
10702
10710
10720
10734
10746
10763
10793
10803
10823
10829
10835
10837
10847
10849
10850
10866
10875
10922
10930
10932
10952
10955
10974
10980
11000
11012
11020
11025
11056
11089
11108
11124
11136
11148
11159
11163
11171
11187
11237
11239
11245
11259
11265
11267
11275
11291
11302
11306
11334
11344
11358
11363
11383
11403
11418
11463
11465
11505
11514
11554
11561
11661
11673
11682
11688
11694
11724
11731
11746
11750
11772
11774
11816
11818
11820
11828
11844
11868
11898
11908
11910
11922
11940
11955
11959
11961
11970
11975
11991
12023
12036
12043
12064
12071
12084
12086
12144
12147
12196
12227
12239
12295
12298
12358
12445
12448
12475
12616
12639
12655
12705
12721
12946
13031
13032
13040
13052
13053
13102
13167
13220
13224
13397
13439
13481
13617
13624
13721
13723
13763
13793
13805
13807
13809
13811
13812
13922
13930
13966
14012
14046
14107
14156
14214
14283
14289
14292
14333
14336
14338
14343
14354
14363
14370
14378
14381
14384
14476
14493
14503
14541
14596
14598
14672
14673
14675
14706
14734
14739
14743
14749
14755
14782
14836
14840
14844
14850
14855
14872
14879
14885
14901
14904
14916
14938
14946
14951
14955
14958
14977
14990
15003
15005
15009
15020
15039
15051
15112
15129
15133
15137
15150
15164
15181
15201
15220
15226
15234
15240
15241
15254
15296
15363
15391
15408
15425
15446
15447
15464
15485
15587
15593
15645
15646
15714
15732
15734
15756
15817
15894
15947
16014
16025
16040
16133
16139
16146
16167
16168
16173
16195
16196
16233
16234
16285
16307
16319
16337
16344
16347
16348
16388
16390
16395
16402
16428
16480
16492
16514
16590
16601
16622
16633
16716
16725
16765
16769
16770
16821
16824
16854
16866
16890
16895
16913
16940
16979
16992
16997
17031
17042
17065
17069
17070
17080
17124
17149
17164
17181
17189
17236
17256
17281
17285
17288
17297
17300
17342
17347
17359
17363
17366
17374
17381
17470
17478
17491
17541
17557
17572
17580
17587
17593
17642
17652
17664
17665
17672
17682
17777
17780
17782
17787
17799
17824
17836
17842
17846
17854
17876
17877
17884
17933
17937
17955
17977
18010
18014
18026
18053
18086
18088
18090
18107
18123
18126
18128
18138
18196
18229
18260
18347
18359
18360
18372
18394
18417
18437
18439
18440
18460
18501
18505
18511
18528
18540
18589
18598
18609
18614
18617
18624
18640
18641
18645
18670
18672
18677
18693
18695
18816
18844
18850
18854
18867
18880
18888
18898
18917
18920
18935
18936
18945
18950
19020
19066
19073
19087
19095
19096
19103
19177
19183
19198
19202
19225
19313
19336
19350
19352
19364
19371
19374
19389
19418
19423
19454
19536
19539
19563
19580
19645
19650
19714
19737
19760
19845
19851
19925
19973
20067
20085
20095
20096
20153
20255
20282
20283
20296
20305
20312
20364
20388
20397
20399
20400
20515
20526
20598
20624
20638
20662
20716
20752
20754
20764
20776
20826
20840
20844
20856
20862
20892
20898
20909
20915
20977
20979
20986
21027
21038
21057
21075
21081
21092
21094
21141
21162
21171
21177
21191
21202
21203
21207
21209
21213
21214
21215
21219
21224
21230
21240
21241
21263
21273
21275
21281
21285
21323
21348
21353
21354
21359
21373
21377
21379
21382
21383
21388
21391
21392
21398
21406
21412
21434
21450
21458
21461
21468
21473
21474
21500
21512
21520
21522
21543
21546
21549
21552
21590
21615
21616
21637
21654
21666
21671
21705
21706
21711
21727
21732
21734
21736
21742
21771
21779
21788
21799
21811
21823
21828
21840
21842
21853
21855
21857
21866
21898
21901
21910
21932
21934
21949
21972
21975
21981
21985
21994
22001
22005
22010
22026
22033
22042
22044
22051
22056
22071
22072
22076
22083
22090
22099
22104
22111
22143
22149
22150
22152
22160
22163
22167
22178
22189
22222
22230
22240
22248
22249
22253
22260
22268
22270
22283
22284
22295
22298
22299
22314
22315
22343
22351
22358
22397
22404
22405
22418
22431
22445
22447
22448
22451
22454
22456
22459
22472
22489
22498
22522
22550
22554
22555
22568
22602
22603
22615
22660
22661
22663
22664
22679
22684
22689
22712
22747
22784
22791
22802
22803
22835
22847
22865
22873
22874
22877
22878
22879
22896
22904
22910
22913
22914
23016
23017
23055
23066
23094
23232
23334
23345
23457
23469
23500
23503
23542
23554
23560
23562
23580
23600
23620
23626
23646
23665
23666
23669
23745
23763
23769
23777
23778
23805
23859
23869
23881
23886
23888
23889
23926
23939
24009
24016
24024
24093
24124
24125
24140
24192
24212
24214
24223
24282
24291
24300
24301
24332
24336
24341
24343
24373
24390
24392
24397
24398
24421
24425
24445
24452
24488
24494
24499
24517
24526
24536
24556
24577
24602
24606
24626
24635
24648
24686
24693
24708
24730
24743
24750
24761
24775
24784
24797
24801
24832
24833
24851
24854
24862
24869
24876
24881
24888
24895
24902
24903
24906
24910
24911
24917
24950
24953
24958
24962
24971
24972
24996
25017
25018
25033
25047
25117
25118
25135
25148
25196
25224
25238
25247
25258
25292
25308
25318
25344
25373
25387
25418
25504
25506
25534
25539
25551
25572
25595
25600
25635
25637
25658
25699
25711
25713
25720
25779
25780
25781
25803
25820
25835
25844
25845
25877
25915
25949
25957
25958
25962
25968
26006
26065
26091
26133
26145
26154
26166
26196
26208
26217
26323
26434
26505
26508
26512
26518
26565
26566
26652
26654
26689
26701
26703
26790
26818
26841
26844
26852
26854
26893
26986
27100
27109
27131
27145
27150
27159
27412
27485
27492
27513
27517
27647
27649
27656
27657
27704
27706
27756
27769
27786
27816
27905
27906
27907
27916
27937
27941
27955
27995
28041
28085
28089
28124
28175
28231
28281
28287
28359
28456
28457
28482
28589
28660
28706
28796
28822
28874
28944
29059
29062
29065
29194
29219
29272
29277
29287
29348
29363
29369
29385
29452
29469
29472
29532
29556
29610
29648
29666
29673
29676
29678
29734
29798
29811
29829
29835
29982
30003
30073
30139
30201
30211
30342
30344
30357
30381
30499
30574
30662
30744
30754
30829
30893
31007
31010
31016
31028
31092
31476
31480
31503
31571
31580
31588
31593
31658
31670
31695
31708
31811
31887
31946
31976
32182
32240
32273
32451
32454
32463
32587
32987
33046
33482
33574
33901
33926
33933
33938
33946
33952
33959
33982
34053
34071
34075
34125
34127
34134
34143
34144
34190
34192
34211
34219
34234
34235
34242
34251
34258
34262
34264
34270
34273
34284
34321
34340
34342
34357
34369
34370
34376
34377
34378
34398
34446
34450
34454
34455
34466
34471
34473
34499
34507
34511
34514
34528
34559
34568
34573
34575
34581
34595
34598
34619
34635
34650
34652
34665
34681
34685
34691
34700
34704
34710
34723
34726
34738
34740
34744
34749
34765
34767
34771
34785
34793
34816
34864
34873
34877
34881
34883
34893
34903
34919
34923
34934
34937
34953
34961
34972
34973
34977
34983
35003
35013
35020
35031
35044
35048
35049
35078
35092
35093
35095
35106
35108
35114
35118
35130
35131
35133
35149
35156
35173
35178
35180
35195
35209
35247
35254
35261
35280
35318
35322
35330
35339
35376
35394
35403
35419
35430
35434
35441
35458
35465
35469
35471
35474
35518
35528
35565
35575
35580
35607
35608
35630
35640
35645
35650
35673
35675
35699
35801
35881
35912
35960
35963
35974
35977
36006
36008
36034
36039
36047
36094
36144
36154
36156
36161
36174
36184
36191
36231
36270
36272
36278
36308
36310
36316
36321
36335
36337
36372
36374
36388
36403
36405
36407
36425
36435
36447
36449
36489
36576
36577
36638
36752
36989
36995
36999
37029
37033
37038
37065
37075
37076
37077
37084
37163
37222
37276
37313
37323
37351
37352
37363
37368
37400
37418
37429
37435
37438
37447
37452
37466
37475
37483
37514
37519
37536
37538
37625
37628
37634
37666
37671
37682
37684
37710
37733
37802
37803
37851
37892
37907
37942
37943
38053
38069
38122
38198
38262
38270
38309
38324
38376
38388
38393
38414
38415
38416
38424
38433
38444
38458
38589
38622
38626
38628
38692
38694
38701
38722
38727
38737
38738
38747
38748
38759
38778
38787
38793
38824
38827
38834
38835
38843
38845
38848
38858
38867
38884
38897
38907
38908
38910
38911
38917
38919
38921
38925
38939
38944
38969
38971
38988
38992
39013
39018
39020
39136
39154
39177
39202
39224
39227
39265
39272
39298
39317
39395
39397
39545
39564
39566
39569
39582
39605
39675
39690
39745
39832
39834
39837
39895
39897
39915
39916
39931
39950
39969
39973
39980
39983
39991
40155
40161
40167
40168
40169
40170
40182
40235
40243
40291
40307
40309
40311
40315
40331
40339
40340
40350
40375
40380
40386
40392
40393
40403
40412
40414
40421
40428
40429
40432
40451
40500
40548
40626
40629
40682
40785
40794
40825
40889
40931
40964
40966
40968
40970
40974
41010
41036
41138
41139
41143
41146
41153
41161
41171
41172
41182
41185
41204
41215
41269
41297
41298
41299
41336
41337
41456
41470
41497
41531
41565
41629
41638
41648
41650
41652
41688
41693
41754
42157
42189
42195
42196
42198
42201
42239
42247
42253
42256
42281
42288
42330
42331
42350
42355
42475
42478
42504
42507
42511
42523
42675
42690
42695
42703
42718
42806
42812
42826
42848
42852
42859
42887
42891
42897
42898
42900
42919
42928
42934
42940
42945
42948
42949
42950
42961
42977
42980
43003
43039
43052
43102
43207
43237
43244
43246
43270
43272
43322
43333
43335
43440
43481
43527
43535
43537
43727
43758
43761
43763
43764
43779
43780
43796
43801
43808
43823
43829
43831
43843
43857
43877
43884
43886
43890
43979
43996
44035
44105
44129
44136
44172
44174
44219
44230
44234
44249
44291
44303
44304
44314
44318
44340
