51
63
65
73
89
99
114
121
161
173
183
195
197
235
245
285
315
327
333
339
347
379
385
395
407
429
431
482
488
545
579
583
593
623
651
652
658
666
676
684
690
710
730
736
747
749
823
831
835
839
845
857
858
859
864
912
925
984
1000
1003
1009
1021
1024
1029
1033
1074
1084
1093
1109
1117
1123
1163
1190
1202
1210
1214
1229
1253
1265
1271
1272
1286
1302
1338
1346
1356
1391
1407
1430
1435
1487
1495
1513
1546
1565
1567
1576
1590
1596
1650
1666
1676
1682
1721
1731
1743
1780
1805
1816
1826
1828
1844
1889
1914
1984
1986
2002
2036
2093
2095
2112
2146
2205
2213
2219
2254
2275
2281
2309
2311
2313
2347
2360
2374
2394
2398
2400
2432
2440
2458
2479
2499
2513
2517
2532
2536
2581
2589
2613
2615
2620
2668
2673
2684
2689
2702
2710
2720
2741
2744
2756
2773
2790
2794
2799
2818
2830
2832
2835
2837
2853
2856
2858
2903
2907
2916
2920
2926
2944
2948
2962
2978
3020
3024
3032
3043
3051
3055
3081
3102
3115
3126
3131
3165
3179
3183
3187
3191
3195
3235
3237
3244
3257
3267
3330
3340
3353
3371
3412
3450
3459
3461
3466
3476
3508
3521
3525
3540
3549
3550
3567
3572
3584
3587
3597
3602
3607
3617
3662
3665
3667
3734
3736
3788
3790
3795
3841
3848
3855
3870
3883
3902
3939
3944
3945
3946
3953
3966
3974
3983
3984
3986
3989
4009
4022
4034
4035
4036
4037
4040
4060
4070
4072
4086
4104
4108
4117
4131
4133
4138
4172
4178
4185
4217
4236
4238
4241
4245
4259
4272
4274
4288
4295
4313
4349
4363
4376
4378
4382
4399
4402
4405
4433
4460
4494
4507
4513
4515
4531
4536
4541
4545
4577
4579
4601
4608
4616
4620
4636
4639
4645
4650
4666
4672
4706
4707
4721
4745
4768
4771
4773
4808
4814
4824
4826
4830
4844
4855
4870
4875
4905
4906
4907
4981
5006
5037
5039
5043
5067
5075
5079
5104
5127
5131
5137
5145
5148
5156
5179
5213
5230
5262
5279
5299
5326
5330
5353
5362
5363
5377
5390
5396
5402
5416
5423
5428
5445
5447
5476
5490
5511
5521
5530
5532
5560
5564
5568
5570
5576
5596
5641
5643
5670
5685
5701
5705
5727
5733
5751
5755
5798
5807
5838
5843
5844
5850
5851
5898
5917
5924
5932
5933
5940
5948
5976
5988
5998
6001
6021
6025
6057
6059
6067
6082
6091
6107
6128
6153
6179
6195
6222
6229
6231
6235
6237
6248
6255
6260
6263
6300
6311
6323
6341
6347
6381
6383
6387
6389
6390
6404
6439
6444
6486
6580
6588
6593
6599
6603
6615
6622
6634
6661
6676
6748
6752
6758
6762
6766
6784
6824
6828
6871
6875
6909
6911
6914
6916
6918
6926
6933
6943
6959
6961
7006
7037
7049
7060
7066
7092
7109
7144
7146
7167
7173
7226
7249
7252
7284
7291
7305
7318
7329
7333
7334
7347
7350
7357
7412
7444
7456
7458
7462
7471
7494
7510
7512
7518
7522
7525
7526
7561
7569
7575
7592
7597
7621
7640
7650
7660
7662
7666
7672
7681
7683
7686
7690
7692
7720
7727
7738
7774
7785
7795
7816
7818
7832
7836
7842
7875
7889
7891
7897
7905
7919
7930
7937
7938
7975
7976
7979
7988
8023
8026
8032
8056
8065
8071
8101
8104
8147
8154
8156
8169
8173
8176
8178
8187
8197
8202
8209
8213
8221
8224
8245
8257
8323
8358
8370
8376
8378
8395
8403
8404
8406
8435
8451
8471
8534
8582
8593
8601
8605
8609
8628
8651
8657
8665
8674
8678
8681
8687
8688
8743
8775
8797
8805
8821
8886
8896
8898
8904
8914
8918
8935
8954
8957
8960
8968
8970
8985
9015
9022
9024
9031
9035
9040
9054
9091
9096
9100
9103
9124
9126
9152
9186
9200
9223
9233
9320
9364
9366
9368
9418
9422
9424
9459
9488
9515
9521
9534
9547
9556
9604
9614
9618
9620
9621
9628
9656
9657
9659
9662
9667
9669
9686
9705
9731
9736
9738
9761
9763
9766
9767
9769
9782
9826
9828
9834
9836
9855
9869
9888
9946
9952
9956
9964
9971
9983
9997
10003
10022
10042
10044
10047
10051
10053
10131
10172
10179
10199
10211
10288
10303
10314
10319
10323
10333
10335
10345
10369
10390
10405
10407
10425
10430
10433
10440
10451
10459
10461
10471
10515
10523
10553
10557
10570
10574
10586
10600
10604
10606
10608
10629
10645
10670
10676
10704
10724
10740
10749
10752
10763
10767
10769
10783
10801
10839
10852
10867
10891
10895
10896
10910
10938
10943
10950
10970
10996
11020
11024
11035
11068
11080
11084
11096
11099
11108
11113
11121
11122
11141
11151
11155
11159
11165
11179
11185
11213
11241
11249
11281
11286
11291
11304
11318
11328
11365
11388
11428
11430
11443
11445
11448
11465
11475
11487
11531
11535
11559
11573
11592
11616
11682
11684
11726
11733
11774
11782
11813
11828
11830
11852
11872
11874
11930
11934
11942
11965
11983
12020
12030
12034
12036
12040
12064
12066
12082
12088
12137
12174
12176
12190
12192
12291
12462
12567
12651
12704
12787
13028
13040
13082
13213
13299
13367
13387
13432
13449
13457
13498
13555
13618
13622
13623
13721
13728
13759
13762
13797
14005
14011
14027
14140
14143
14162
14221
14222
14290
14322
14369
14396
14417
14442
14477
14480
14484
14497
14498
14501
14542
14675
14716
14751
14752
14759
14805
14828
14840
14845
14887
14889
14906
14916
14917
14918
14931
14971
14979
14988
14995
15028
15045
15107
15134
15152
15163
15164
15181
15182
15189
15192
15210
15240
15270
15277
15325
15331
15381
15391
15401
15433
15462
15550
15551
15556
15567
15588
15611
15646
15653
15721
15739
15749
15759
15785
15796
15833
15860
15861
15908
15931
15982
16024
16028
16101
16130
16131
16165
16170
16176
16180
16192
16205
16234
16250
16301
16340
16341
16367
16388
16396
16416
16436
16454
16476
16492
16494
16502
16503
16539
16559
16561
16600
16608
16612
16639
16695
16720
16758
16763
16788
16790
16817
16833
16837
16839
16853
16855
16866
16898
16937
16946
16953
16959
16961
16962
16965
16969
16976
16977
16981
16988
17032
17037
17041
17042
17069
17072
17081
17119
17131
17134
17147
17181
17208
17211
17228
17254
17279
17285
17286
17319
17327
17328
17333
17334
17375
17378
17390
17410
17414
17416
17445
17473
17474
17481
17488
17521
17540
17544
17557
17589
17629
17646
17649
17652
17659
17663
17701
17799
17801
17802
17810
17842
17852
17857
17874
17977
17982
18024
18025
18026
18049
18096
18126
18127
18160
18161
18173
18206
18220
18262
18274
18280
18298
18400
18412
18423
18437
18440
18468
18487
18509
18587
18623
18696
18712
18722
18757
18811
18815
18816
18822
18823
18825
18832
18847
18879
18884
18886
18889
18927
18945
18948
18953
18984
18985
19012
19074
19077
19083
19094
19104
19173
19174
19187
19189
19201
19208
19216
19229
19235
19253
19277
19307
19331
19341
19344
19351
19366
19367
19371
19372
19374
19406
19502
19533
19581
19623
19642
19646
19654
19732
19751
19760
19773
19814
19816
19826
19827
19828
19839
19845
19892
19965
19988
20007
20017
20071
20082
20084
20141
20155
20157
20294
20427
20434
20467
20469
20565
20625
20632
20637
20651
20653
20665
20666
20773
20775
20824
20835
20842
20886
20906
20930
21008
21009
21036
21051
21054
21056
21061
21078
21086
21091
21100
21147
21155
21158
21176
21177
21203
21211
21219
21220
21233
21238
21240
21250
21256
21263
21269
21275
21281
21293
21295
21309
21320
21324
21325
21336
21344
21345
21358
21365
21366
21372
21377
21399
21402
21414
21416
21420
21424
21430
21434
21443
21454
21456
21458
21459
21475
21486
21493
21494
21502
21503
21508
21524
21532
21542
21562
21567
21569
21597
21605
21613
21620
21634
21640
21644
21664
21666
21677
21687
21697
21708
21715
21716
21735
21736
21739
21741
21742
21757
21760
21780
21783
21786
21803
21813
21830
21831
21835
21844
21848
21902
21922
21928
21930
21944
21952
21958
21977
21984
21989
21995
22000
22003
22008
22015
22032
22033
22034
22044
22068
22072
22081
22083
22089
22094
22103
22112
22119
22139
22148
22151
22154
22160
22173
22185
22201
22206
22222
22246
22251
22254
22257
22272
22277
22285
22289
22295
22299
22302
22317
22336
22345
22355
22386
22390
22395
22403
22416
22447
22448
22459
22463
22468
22469
22482
22489
22491
22501
22517
22521
22556
22558
22571
22575
22591
22594
22598
22643
22654
22656
22665
22674
22678
22692
22699
22714
22716
22718
22721
22722
22747
22750
22768
22772
22779
22782
22785
22793
22872
22889
22896
22903
23062
23065
23076
23088
23100
23132
23182
23259
23310
23334
23348
23381
23435
23482
23536
23566
23569
23602
23631
23632
23649
23667
23697
23699
23708
23744
23750
23752
23755
23762
23779
23782
23791
23802
23807
23832
23842
23884
23891
23893
23894
23925
23931
23937
23938
23939
23944
23965
23985
23998
24016
24039
24043
24192
24210
24251
24277
24296
24333
24334
24375
24382
24386
24399
24401
24421
24429
24451
24474
24499
24504
24529
24532
24538
24549
24557
24560
24565
24569
24577
24579
24599
24633
24642
24655
24659
24665
24673
24711
24727
24743
24744
24769
24779
24799
24810
24811
24816
24835
24873
24877
24908
24909
24927
24956
24966
24978
24981
24988
24997
25016
25022
25029
25033
25048
25064
25096
25106
25114
25219
25237
25304
25305
25309
25317
25341
25350
25361
25372
25374
25377
25390
25424
25428
25455
25494
25499
25507
25516
25535
25538
25539
25583
25651
25652
25656
25722
25772
25808
25834
25880
25956
25972
25977
25982
26009
26033
26135
26139
26145
26168
26182
26183
26192
26202
26211
26215
26219
26220
26223
26231
26269
26321
26378
26504
26513
26652
26653
26655
26713
26716
26719
26721
26754
26756
26758
26760
26763
26764
26769
26787
26807
26810
26813
26815
26824
26826
26845
26847
26855
26986
26987
27109
27122
27380
27428
27489
27494
27516
27517
27518
27628
27635
27637
27640
27650
27654
27682
27703
27709
27713
27718
27759
27763
27817
27819
27854
27874
27906
27912
27920
27926
28012
28084
28087
28100
28124
28126
28128
28133
28167
28221
28234
28250
28257
28284
28303
28331
28465
28466
28665
28707
28820
28869
28872
28873
28875
28990
29054
29061
29064
29156
29207
29242
29249
29267
29365
29383
29391
29396
29424
29464
29469
29472
29483
29532
29538
29552
29591
29610
29617
29640
29655
29666
29667
29670
29673
29677
29709
29731
29776
29828
29917
30153
30204
30331
30661
30666
30725
30892
30966
30974
31087
31101
31173
31174
31471
31586
31638
31653
31658
31670
31671
31693
31819
31888
31951
32298
32766
32827
32987
33071
33335
33404
33557
33572
33911
33917
33918
33937
33955
33959
33999
34016
34043
34048
34090
34091
34116
34124
34134
34139
34159
34160
34164
34207
34240
34268
34274
34276
34280
34292
34309
34317
34333
34339
34341
34350
34351
34364
34365
34389
34391
34394
34395
34443
34455
34487
34497
34499
34503
34526
34538
34549
34564
34572
34578
34581
34587
34590
34599
34618
34648
34660
34668
34676
34685
34689
34691
34692
34704
34717
34734
34745
34765
34768
34778
34780
34785
34795
34814
34870
34871
34876
34886
34887
34910
34917
34920
34921
34941
34964
34983
34985
34994
35012
35023
35024
35026
35034
35044
35050
35064
35068
35073
35077
35083
35103
35123
35129
35137
35155
35157
35164
35195
35209
35218
35220
35224
35230
35236
35239
35250
35269
35281
35322
35332
35335
35343
35368
35396
35411
35447
35448
35454
35468
35505
35514
35590
35636
35669
35674
35706
35770
35831
35860
35877
35881
35886
35974
35979
36100
36113
36127
36132
36146
36149
36150
36155
36175
36180
36194
36227
36265
36272
36284
36285
36306
36308
36325
36337
36375
36417
36456
36564
36598
36624
36665
36668
36708
36876
36962
36971
36980
36982
36992
36993
36996
36999
37029
37074
37084
37085
37290
37294
37312
37313
37318
37335
37398
37407
37446
37497
37498
37524
37527
37564
37571
37579
37592
37596
37625
37651
37668
37670
37736
37851
37853
37857
37904
37908
37923
37941
37947
38025
38044
38053
38062
38078
38104
38118
38128
38145
38146
38166
38188
38201
38203
38224
38247
38282
38302
38363
38365
38370
38392
38398
38415
38418
38443
38453
38458
38460
38518
38521
38541
38579
38597
38604
38628
38637
38694
38704
38707
38709
38711
38713
38718
38726
38737
38751
38760
38762
38777
38780
38781
38797
38810
38816
38822
38831
38834
38844
38853
38856
38860
38863
38893
38899
38908
38920
38922
38929
38932
38943
38955
38968
38980
38988
38998
39006
39017
39024
39025
39051
39059
39060
39141
39148
39155
39164
39172
39174
39176
39208
39218
39233
39278
39297
39309
39328
39332
39333
39359
39373
39397
39418
39427
39430
39431
39526
39589
39594
39611
39614
39653
39680
39701
39764
39807
39836
39847
39892
39895
39900
39902
39907
39909
39916
39931
39939
39947
39968
39973
39981
40017
40019
40021
40022
40058
40147
40161
40214
40236
40248
40251
40262
40296
40302
40314
40319
40324
40333
40334
40337
40340
40343
40381
40386
40402
40406
40463
40551
40702
40780
40781
40789
40792
40794
40804
40819
40822
40832
40846
40889
41006
41009
41027
41036
41066
41117
41142
41157
41197
41215
41294
41302
41330
41342
41358
41364
41529
41532
41534
41564
41581
41589
41637
41648
41652
41658
41712
41713
41714
41717
41825
41841
42144
42146
42153
42157
42192
42198
42210
42225
42240
42243
42247
42277
42292
42503
42515
42528
42529
42678
42679
42688
42691
42693
42706
42722
42808
42811
42813
42820
42850
42887
42893
42938
42940
42941
42951
42961
42967
42975
42994
42997
43005
43009
43039
43053
43101
43237
43249
43272
43300
43322
43326
43331
43339
43466
43479
43592
43647
43765
43767
43779
43795
43825
43840
43841
43884
43930
44034
44082
44083
44099
44100
44105
44107
44124
44157
44172
44190
44192
44217
44228
44291
44292
44311
44315
44320
44322
44326
44327
44329
44333
44336
44339
44340
44398
44426
44429
44509
44512
44513
44570
