139
199
207
313
347
413
490
690
710
847
979
1179
1192
1230
1263
1314
1362
1503
1521
1586
1674
1714
1776
1831
1926
1952
1980
2279
2284
2616
2640
2644
2754
2785
2792
2839
2980
3059
3108
3177
3243
3481
3586
3607
3677
3887
3903
3937
4001
4054
4060
4197
4249
4258
4268
4299
4444
4533
4587
4675
4679
4773
4839
4989
5087
5114
5188
5284
5477
5600
5612
5631
5691
5712
5764
5869
5942
6110
6148
6282
6294
6463
6529
6591
6670
6700
6721
6757
6828
6841
6879
6891
7030
7043
7225
7282
7652
7736
7741
7749
7778
7806
7861
7870
7878
8019
8041
8100
8155
8215
8285
8287
8404
8459
8493
8526
8558
8615
8698
8772
8821
8891
8902
8933
8946
9028
9186
9229
9330
9368
9465
9611
9643
9669
9754
9772
9791
9977
10068
10093
10094
10182
10278
10327
10348
10356
10363
10365
10418
10435
10485
10494
10509
10600
10688
10749
11229
11340
11366
11463
11588
11618
11733
11748
12176
12293
12477
12695
13308
13498
13617
14027
14585
14852
14873
14929
14938
15134
15174
15186
15201
15225
15260
15304
15365
15417
15552
16044
16058
16269
16302
16305
16454
16476
16561
16585
16788
16830
17059
17187
17207
17236
17283
17526
17528
17592
17647
17702
17982
18014
18049
18275
18372
18485
18527
18640
18663
18785
18820
18849
18885
19012
19189
19296
19310
19311
19375
19438
19447
19566
19644
19650
19829
19973
20257
20296
20331
20393
20410
20665
20831
20856
21146
21155
21313
21422
21434
21438
21498
21513
21562
21595
21650
21659
21705
21821
21899
21931
21989
22040
22104
22120
22183
22198
22302
22314
22406
22438
22499
22505
22522
22540
22785
22793
22807
22821
22889
23065
23095
23303
23474
23527
23564
23582
23605
23725
23748
23857
23895
23901
24081
24125
24136
24144
24187
24246
24326
24492
24657
24773
24779
24802
24898
24979
25158
25257
25282
25370
25432
25459
25551
25666
25802
25866
26098
26152
26162
26193
26830
27109
27494
27744
27746
27926
28466
28659
28665
28761
28875
28945
29057
29272
29419
29470
29619
29731
29835
30201
30209
30712
30986
31469
31651
33917
33981
34013
34159
34160
34261
34292
34346
34445
34487
34490
34513
34515
34614
34631
34672
34865
34909
34989
35155
35256
35264
35340
35422
35488
35493
35580
35635
35662
35663
35692
35853
35963
36101
36126
36135
36141
36181
36197
36278
36371
36403
36448
37078
37329
37402
37412
37423
37664
38260
38281
38402
38403
38633
38695
38730
38777
38848
38886
38900
38902
38943
39156
39208
39218
39235
39301
39327
39349
39526
39527
39662
39766
39780
40155
40302
40396
40847
40889
41010
41053
41101
41298
41841
42198
42309
42350
42675
42807
42898
42916
42954
43009
43010
43130
43786
43797
43801
44108
44192
44243
44313
44324
44325
