14
51
53
63
73
92
104
125
127
129
153
229
241
255
273
277
285
293
313
321
331
349
373
441
446
448
490
548
555
557
563
569
577
593
600
607
639
658
674
682
690
693
698
702
722
740
756
762
769
771
773
803
868
876
890
923
969
987
1006
1008
1009
1011
1022
1037
1046
1059
1061
1063
1070
1086
1090
1092
1113
1138
1165
1186
1196
1208
1217
1225
1236
1240
1256
1259
1352
1360
1372
1374
1376
1382
1397
1417
1430
1433
1435
1437
1443
1455
1463
1475
1479
1497
1501
1502
1505
1521
1530
1536
1537
1540
1582
1593
1596
1600
1604
1608
1610
1614
1624
1633
1640
1642
1654
1684
1731
1733
1737
1741
1745
1778
1782
1790
1820
1830
1857
1861
1864
1870
1872
1899
1908
1924
1982
1988
2006
2036
2079
2085
2101
2127
2139
2158
2162
2163
2187
2207
2213
2228
2271
2285
2305
2311
2358
2364
2426
2445
2490
2541
2548
2552
2568
2587
2599
2639
2642
2679
2684
2694
2702
2704
2718
2724
2728
2758
2764
2766
2774
2775
2786
2787
2792
2805
2806
2862
2865
2871
2888
2899
2905
2917
2920
2932
2933
2934
2942
2944
2956
2978
2990
2992
2996
3011
3024
3059
3073
3083
3119
3126
3141
3149
3167
3187
3191
3244
3247
3264
3271
3295
3298
3300
3318
3326
3328
3337
3342
3365
3399
3403
3429
3431
3453
3465
3472
3486
3542
3566
3584
3591
3595
3644
3671
3673
3677
3679
3681
3688
3698
3729
3732
3748
3765
3772
3781
3806
3807
3810
3818
3830
3836
3837
3838
3842
3851
3881
3914
3925
3927
3944
3952
3955
3961
3972
3974
3978
3983
4003
4024
4034
4045
4059
4075
4091
4100
4108
4110
4115
4121
4145
4163
4164
4178
4188
4197
4200
4209
4215
4217
4225
4256
4260
4262
4265
4280
4297
4307
4313
4321
4323
4345
4363
4364
4374
4378
4386
4397
4400
4422
4463
4469
4521
4523
4525
4534
4549
4567
4586
4590
4599
4604
4607
4609
4635
4660
4663
4670
4673
4693
4694
4701
4709
4713
4715
4721
4748
4769
4787
4798
4820
4833
4836
4841
4850
4865
4873
4879
4887
4888
4890
4904
4935
5006
5023
5025
5043
5057
5100
5141
5163
5197
5216
5221
5232
5237
5242
5254
5256
5258
5271
5274
5277
5282
5323
5343
5356
5365
5383
5385
5388
5401
5415
5421
5424
5467
5474
5486
5496
5502
5504
5509
5528
5538
5584
5634
5654
5657
5720
5746
5787
5800
5807
5824
5827
5851
5858
5861
5864
5869
5895
5898
5900
5906
5933
5941
5954
5958
5971
5980
5990
6007
6085
6087
6105
6117
6134
6138
6139
6140
6183
6192
6198
6199
6219
6220
6239
6296
6298
6327
6331
6366
6379
6390
6404
6406
6511
6516
6518
6533
6534
6549
6552
6554
6582
6588
6593
6603
6613
6618
6663
6674
6678
6688
6704
6735
6740
6741
6743
6760
6764
6777
6782
6788
6795
6824
6828
6861
6871
6914
6924
6927
6961
6996
7018
7026
7033
7047
7053
7059
7070
7099
7101
7144
7183
7185
7270
7285
7287
7295
7308
7312
7331
7378
7382
7383
7450
7479
7491
7494
7507
7522
7524
7531
7546
7568
7580
7592
7594
7596
7600
7607
7629
7678
7680
7704
7715
7727
7737
7738
7742
7761
7815
7830
7863
7879
7881
7899
7910
7930
7934
7937
7958
7967
7968
7977
7982
7986
8000
8036
8042
8051
8054
8084
8095
8114
8137
8139
8141
8163
8167
8178
8202
8205
8242
8248
8249
8253
8260
8268
8279
8288
8290
8320
8331
8345
8356
8388
8396
8403
8406
8415
8434
8482
8495
8497
8526
8528
8552
8566
8577
8595
8599
8603
8623
8628
8677
8686
8687
8688
8696
8703
8710
8745
8751
8754
8764
8795
8801
8821
8829
8865
8900
9033
9058
9097
9110
9111
9136
9138
9190
9195
9197
9205
9217
9234
9240
9248
9254
9268
9332
9334
9342
9348
9362
9380
9388
9390
9413
9428
9453
9490
9500
9507
9509
9511
9521
9542
9547
9551
9578
9606
9607
9618
9621
9624
9640
9650
9652
9656
9664
9675
9676
9695
9712
9738
9741
9765
9768
9789
9816
9836
9889
9891
9923
9936
9945
9962
9970
9973
9980
9988
10011
10049
10056
10057
10085
10109
10117
10134
10145
10147
10165
10168
10170
10173
10178
10187
10219
10223
10235
10244
10282
10283
10289
10293
10301
10308
10329
10341
10376
10382
10391
10404
10413
10421
10445
10455
10461
10489
10545
10549
10552
10557
10561
10563
10574
10586
10620
10624
10640
10647
10657
10660
10662
10668
10672
10682
10727
10741
10754
10767
10854
10896
10898
10902
10932
10936
10938
10945
10955
10966
10983
10986
10994
11009
11041
11044
11060
11064
11089
11091
11099
11110
11123
11144
11235
11308
11314
11332
11352
11354
11358
11388
11390
11403
11436
11465
11475
11505
11513
11536
11538
11548
11633
11634
11640
11651
11786
11798
11826
11828
11866
11879
11898
11916
11955
11977
11978
12007
12038
12041
12051
12113
12191
12195
12225
12239
12297
12342
12462
12498
12664
12715
12786
12960
12964
12969
13029
13030
13034
13053
13092
13217
13220
13225
13228
13299
13301
13303
13367
13395
13459
13481
13552
13574
13613
13619
13761
13789
13802
13812
13814
13956
13989
14005
14024
14027
14046
14157
14161
14207
14228
14299
14309
14310
14313
14315
14325
14349
14369
14378
14384
14396
14404
14442
14479
14490
14502
14504
14507
14543
14583
14679
14705
14713
14755
14772
14791
14795
14828
14834
14855
14864
14880
14887
14897
14906
14912
14935
14957
14960
14985
14994
15010
15012
15015
15018
15038
15044
15058
15104
15109
15111
15119
15120
15139
15163
15180
15184
15185
15210
15231
15234
15236
15246
15292
15304
15326
15363
15380
15409
15431
15454
15464
15475
15533
15572
15763
15766
15785
15797
15865
15898
15924
15929
15977
16008
16011
16024
16046
16076
16130
16146
16173
16183
16195
16200
16201
16220
16278
16336
16340
16346
16352
16367
16392
16402
16480
16493
16497
16502
16503
16505
16530
16561
16582
16583
16602
16611
16655
16673
16696
16725
16727
16732
16779
16798
16822
16829
16830
16840
16853
16879
16905
16916
16927
16946
16952
16964
16967
16976
16978
16997
17032
17035
17043
17052
17068
17070
17107
17133
17135
17151
17202
17220
17234
17236
17245
17247
17254
17279
17290
17291
17300
17301
17311
17319
17329
17343
17346
17379
17380
17383
17386
17410
17414
17443
17482
17483
17521
17522
17534
17557
17589
17593
17623
17636
17643
17659
17664
17665
17682
17684
17723
17725
17757
17780
17785
17835
17843
17845
17854
17867
17869
17884
17905
17908
17911
17926
17966
18009
18013
18025
18037
18048
18049
18052
18053
18054
18058
18075
18086
18196
18226
18231
18238
18264
18336
18347
18356
18372
18381
18382
18399
18417
18427
18429
18559
18604
18612
18617
18624
18645
18670
18779
18786
18808
18813
18820
18825
18850
18851
18855
18867
18874
18892
18901
18905
18919
18926
18931
18946
19012
19077
19079
19083
19132
19178
19193
19207
19218
19226
19241
19251
19253
19288
19295
19310
19311
19321
19332
19336
19341
19348
19377
19386
19501
19502
19526
19538
19567
19646
19760
19761
19768
19770
19809
19834
19835
19854
19925
19944
19952
20086
20133
20138
20141
20254
20255
20282
20292
20293
20296
20321
20366
20476
20559
20596
20598
20634
20638
20651
20653
20664
20666
20699
20746
20749
20755
20762
20768
20769
20793
20805
20824
20865
20916
20933
21001
21046
21074
21076
21077
21082
21093
21098
21101
21108
21146
21150
21162
21166
21167
21178
21181
21191
21193
21206
21208
21218
21234
21237
21239
21246
21248
21254
21258
21263
21268
21278
21279
21290
21328
21334
21344
21347
21356
21372
21377
21384
21391
21398
21413
21433
21435
21442
21459
21464
21482
21485
21492
21532
21533
21536
21540
21546
21548
21556
21560
21566
21567
21568
21572
21573
21585
21587
21591
21596
21613
21639
21661
21667
21683
21711
21729
21746
21757
21765
21783
21784
21785
21804
21806
21813
21830
21833
21845
21846
21849
21854
21859
21863
21868
21879
21882
21884
21902
21903
21907
21919
21920
21938
21940
21946
21952
21953
21962
21979
21992
22019
22030
22037
22043
22047
22054
22083
22093
22102
22113
22114
22119
22132
22149
22150
22162
22168
22178
22179
22195
22202
22222
22226
22229
22234
22247
22262
22265
22268
22269
22271
22278
22303
22312
22320
22336
22348
22356
22385
22412
22426
22427
22433
22439
22447
22454
22465
22473
22489
22501
22506
22514
22525
22536
22541
22552
22555
22557
22580
22583
22588
22593
22616
22617
22637
22638
22653
22660
22669
22677
22718
22727
22729
22739
22775
22777
22785
22788
22800
22801
22815
22831
22855
22872
22875
22879
22899
22908
22910
23016
23054
23061
23063
23065
23340
23435
23470
23548
23555
23561
23575
23583
23587
23601
23632
23649
23682
23727
23735
23777
23788
23789
23791
23803
23821
23838
23843
23858
23859
23860
23888
23904
23927
23934
23936
23942
23943
23946
23962
23964
23966
23988
24007
24010
24014
24016
24036
24050
24075
24091
24115
24126
24135
24150
24170
24210
24212
24215
24222
24224
24229
24246
24285
24286
24289
24291
24322
24346
24381
24387
24388
24403
24458
24460
24466
24490
24497
24530
24531
24544
24559
24568
24569
24578
24602
24614
24615
24644
24699
24728
24734
24741
24746
24750
24774
24776
24782
24794
24810
24821
24853
24894
24902
24917
24921
24933
24940
24942
24947
24966
24971
24982
24989
24993
24997
25016
25020
25026
25044
25096
25099
25115
25118
25122
25135
25230
25232
25237
25274
25281
25294
25343
25358
25361
25363
25394
25510
25524
25538
25547
25650
25652
25660
25834
25844
25867
25872
25874
25877
25878
25916
25951
25956
25962
25966
25974
26013
26063
26081
26156
26164
26169
26197
26202
26204
26231
26269
26323
26434
26435
26509
26650
26653
26654
26667
26725
26753
26759
26810
26839
26957
26987
27100
27103
27155
27158
27348
27423
27445
27494
27518
27567
27641
27650
27654
27673
27679
27697
27706
27708
27748
27762
27785
27792
27874
27899
27920
27922
27927
27955
28133
28188
28250
28257
28456
28473
28706
28760
28764
28775
28791
28824
28863
28875
28989
28991
29039
29155
29156
29192
29222
29240
29253
29268
29274
29333
29346
29386
29396
29427
29466
29482
29503
29529
29556
29610
29617
29643
29661
29709
29735
29776
29833
29836
30051
30070
30153
30208
30235
30332
30485
30491
30663
30664
30665
30714
30972
30973
30989
30994
30996
31071
31241
31242
31256
31298
31479
31607
31616
31635
31641
31653
31660
31663
31664
31667
31670
31671
31707
31709
31888
31951
32248
32294
32454
32587
32832
32987
33022
33046
33368
33488
33575
33901
33933
33938
33980
33982
33996
34013
34015
34040
34052
34077
34087
34091
34120
34137
34139
34140
34141
34153
34201
34214
34238
34243
34245
34265
34269
34272
34289
34302
34304
34314
34316
34337
34342
34345
34352
34368
34370
34371
34389
34394
34404
34461
34472
34474
34486
34489
34496
34525
34527
34543
34553
34558
34561
34568
34569
34572
34584
34597
34609
34624
34633
34651
34666
34668
34673
34674
34676
34685
34690
34701
34718
34727
34729
34750
34755
34763
34771
34819
34850
34886
34889
34900
34901
34904
34908
34913
34914
34930
34936
34946
34947
34984
34985
34995
35003
35013
35014
35023
35046
35048
35049
35055
35062
35072
35077
35087
35092
35102
35103
35107
35113
35131
35132
35134
35136
35137
35154
35164
35166
35169
35179
35195
35236
35248
35254
35257
35270
35324
35337
35343
35376
35377
35434
35461
35469
35473
35493
35510
35512
35515
35518
35532
35534
35542
35545
35571
35590
35628
35640
35651
35660
35663
35681
35698
35706
35722
35725
35757
35767
35768
35807
35828
35829
35853
35861
35870
35957
35969
36102
36105
36133
36146
36148
36152
36153
36176
36191
36214
36215
36217
36231
36253
36287
36296
36305
36314
36324
36325
36381
36405
36434
36446
36462
36475
36579
36593
36595
36661
36684
36850
36952
36955
36958
36962
36969
36979
36981
36986
36990
36992
36995
37051
37075
37087
37175
37233
37249
37284
37312
37343
37350
37356
37363
37378
37413
37420
37446
37455
37459
37484
37497
37501
37517
37556
37624
37671
37672
37677
37715
37821
37847
37897
37940
37950
37971
38078
38248
38262
38272
38282
38299
38325
38326
38388
38390
38403
38419
38434
38442
38459
38487
38517
38530
38560
38564
38570
38580
38581
38589
38602
38607
38619
38627
38632
38641
38654
38697
38699
38701
38710
38720
38721
38731
38734
38748
38765
38767
38773
38785
38792
38793
38805
38812
38824
38826
38830
38838
38839
38867
38876
38877
38900
38904
38909
38913
38914
38948
38963
38965
38977
38980
38985
39001
39006
39013
39016
39064
39118
39160
39162
39177
39213
39230
39232
39271
39284
39332
39355
39390
39391
39425
39434
39455
39500
39510
39524
39529
39589
39612
39637
39676
39678
39751
39755
39768
39816
39823
39825
39865
39871
39874
39875
39884
39908
39917
39928
39935
39963
39964
39983
39994
40030
40041
40058
40160
40211
40248
40255
40262
40275
40282
40294
40327
40328
40349
40391
40397
40406
40414
40426
40449
40451
40461
40500
40555
40591
40619
40781
40782
40784
40801
40837
40838
40844
40847
40916
40927
40944
41003
41008
41009
41012
41016
41036
41043
41046
41049
41053
41064
41068
41085
41101
41117
41122
41140
41150
41152
41175
41177
41182
41210
41217
41330
41336
41344
41366
41438
41464
41477
41583
41648
41649
41676
41717
41732
42195
42201
42208
42226
42231
42236
42242
42255
42258
42259
42264
42272
42338
42343
42514
42679
42692
42701
42712
42802
42827
42828
42843
42857
42901
42940
42942
42954
42957
42974
42980
43003
43126
43127
43128
43200
43243
43245
43249
43250
43278
43318
43320
43332
43334
43339
43464
43526
43540
43647
43725
43755
43759
43781
43784
43797
43806
43812
43834
43872
43877
43928
44082
44085
44087
44117
44125
44158
44173
44192
44211
44228
44249
44255
44276
44298
44307
44311
44326
44334
44338
44343
44369
44397
44399
44402
44426
44469
44570
