33
149
179
219
313
652
686
769
931
979
1042
1090
1280
1383
1580
1596
1747
1767
1793
1842
1916
2042
2137
2139
2146
2287
2338
2340
2364
2398
2515
2518
2854
2880
3046
3110
3120
3302
3474
3504
3525
3527
3558
3564
3607
3622
3640
3800
3859
3992
4117
4164
4250
4349
4450
4452
4483
4515
4578
4605
4620
4677
4890
4941
5110
5161
5236
5424
5726
5759
5857
5895
5962
6012
6109
6250
6325
6384
6392
6441
6638
6699
6727
6771
6827
7006
7024
7233
7318
7410
7510
7514
7625
7688
7690
7734
7791
7854
7857
8001
8004
8018
8069
8296
8390
8581
8626
8929
8952
8982
9044
9052
9170
9174
9256
9350
9418
9447
9530
9538
9572
9649
9669
9738
9739
9755
9783
9855
9878
9895
10120
10132
10308
10438
10457
10464
10509
10515
10517
10570
10598
10638
10682
10690
10785
10866
10904
10922
11024
11048
11087
11136
11209
11211
11499
11520
11582
11596
11633
11711
11764
11954
12156
12299
12665
13220
13432
13446
13669
13756
13872
13958
14018
14384
14598
14813
14911
14952
15002
15028
15152
15253
15726
15931
16013
16057
16173
16584
16846
16860
16933
16956
16969
17250
17288
17291
17313
17445
17468
17580
17729
17801
17836
17908
18297
18417
18504
18779
18847
18902
18974
19295
19313
19324
19337
19342
19365
19583
19771
19772
19984
20016
20079
20144
20151
20253
20388
20638
20699
20896
21033
21037
21054
21093
21096
21098
21250
21278
21306
21316
21362
21368
21423
21546
21563
21577
21592
21691
21768
21779
21803
21888
21906
21933
21948
21967
21971
22048
22142
22145
22155
22189
22252
22254
22358
22458
22491
22635
22741
22880
22929
22942
22965
23176
23311
23564
23568
23642
23726
23727
24159
24166
24237
24485
24492
24580
24674
24766
24853
24964
24969
24981
25016
25393
25493
25547
25696
25891
25916
25966
26016
26131
26155
26162
26617
26717
27636
27641
27647
27906
27997
27998
28171
28451
28835
29668
29673
30072
30201
30858
30988
31010
31240
31433
31653
31656
31781
33356
33368
34091
34126
34134
34257
34394
34464
34495
34531
34549
34580
34671
34757
34897
34998
35002
35005
35017
35019
35086
35096
35155
35219
35281
35379
35384
35410
35455
35591
35690
35723
36149
36161
36307
36346
36377
36382
36406
36580
36635
36684
36752
36844
37087
37313
37315
37329
37410
37538
37567
37694
37851
37857
37863
37866
37880
38044
38073
38225
38521
38617
38618
38790
38818
38875
38907
38913
39061
39126
39146
39231
39280
39301
39398
39438
39744
39780
39910
39933
39958
40020
40324
40346
40415
40468
40483
40619
40786
40789
40839
40862
41018
41061
41128
41464
41643
41650
41738
41810
42227
42233
42253
42280
42516
42715
42719
42841
42945
42975
43003
43041
43250
43768
44014
44098
44124
44156
44238
44329
