22
49
108
158
235
271
351
535
563
631
656
862
1001
1065
1151
1161
1316
1349
1376
1640
1680
1782
1812
1873
2040
2116
2131
2181
2329
2346
2637
2790
2884
2932
2970
2976
3010
3051
3165
3177
3193
3344
3421
3452
3464
3778
3855
3867
3870
3887
3927
4024
4089
4178
4181
4232
4369
4464
4465
4553
4557
4684
4699
4777
4787
4808
4828
4868
4898
4979
5156
5175
5202
5246
5274
5284
5321
5326
5432
5662
5669
5717
5805
5919
6064
6077
6148
6195
6209
6242
6288
6363
6467
6571
6584
6646
6798
6839
6914
7074
7209
7289
7376
7378
7410
7606
7715
7778
7854
8056
8071
8147
8295
8387
8437
8467
8482
8487
8562
8622
8703
8770
8830
8853
9037
9056
9112
9117
9140
9190
9215
9394
9430
9559
9611
9663
9728
9791
9981
9996
10011
10020
10028
10151
10248
10264
10301
10496
10606
10759
10769
10805
10864
10908
10972
11037
11084
11101
11134
11138
11381
11413
11529
11550
11563
11586
11635
11701
11923
11954
12186
12412
12413
12946
13226
13797
13930
14477
14495
14580
14591
14595
14843
14935
14947
15211
15380
15431
15458
15516
15756
15860
15881
15989
16024
16092
16182
16195
16307
16541
16585
16729
16822
16835
16838
17032
17038
17061
17083
17088
17130
17235
17262
17319
17365
17386
17522
17583
17598
17604
17650
17736
17792
17916
17925
17940
17993
18068
18128
18209
18268
18511
18538
18808
19007
19009
19187
19215
19372
19492
19547
19569
19643
19855
20282
20758
20824
20829
20842
20844
20875
21081
21152
21160
21258
21270
21295
21469
21579
21606
21671
21798
21878
22006
22007
22017
22172
22206
22209
22246
22262
22300
22317
22323
22328
22421
22457
22509
22546
22585
22716
22780
22784
22793
23080
23168
23473
23556
23653
23722
23750
23963
23994
24126
24138
24279
24332
24340
24376
24495
24669
24693
24713
24724
24738
24963
25106
25302
25423
25526
25550
25563
25669
25675
25697
25710
25810
25865
26216
26304
26373
26512
26617
26812
27131
27146
27215
27594
27656
27909
27927
28254
28256
28359
28762
29355
29543
29809
30076
30139
30342
30485
30987
31168
33306
33559
33584
33906
34275
34321
34331
34392
34540
34547
34555
34573
34596
34610
34644
34728
34730
34738
34925
35008
35133
35220
35327
35330
35351
35461
35470
35519
35532
35570
35595
35678
36135
36140
36207
36437
36449
36473
36591
36594
37402
37443
37446
37676
37897
37970
37981
38054
38272
38391
38444
38615
38710
38761
38793
38832
38861
38868
38921
39159
39284
39383
39454
39570
39579
39612
39677
39780
39870
40146
40269
40324
40404
40533
40545
40550
40619
40669
40700
40797
40822
40857
41142
41169
41456
41738
41768
41769
42339
42476
42482
42523
42715
42889
42902
42946
43004
43041
43332
43782
43834
43849
44104
