112
339
407
697
754
760
780
784
993
1076
1182
1204
1219
1362
1428
1590
1604
1616
1710
1830
1838
1914
1996
2150
2199
2264
2299
2317
2323
2348
2420
2795
2998
3022
3035
3131
3211
3288
3429
3562
3570
3791
3795
3805
3865
3866
4014
4036
4180
4258
4323
4413
4450
4472
4519
4523
4533
4541
4671
4680
4732
4745
4785
4835
4899
4901
5037
5091
5123
5275
5279
5280
5284
5317
5588
5678
5709
5733
5812
5846
5883
5912
5942
5966
6126
6128
6195
6215
6217
6248
6255
6380
6496
6516
6578
6729
6735
6779
6849
6909
7185
7466
7761
7904
8006
8049
8100
8164
8279
8286
8297
8327
8390
8435
8546
8867
8938
9035
9056
9061
9200
9223
9326
9394
9445
9556
9560
9614
9617
9690
9738
9762
9797
9895
9909
9999
10163
10177
10195
10208
10220
10231
10233
10289
10534
10746
10779
10795
10908
10940
10988
11024
11123
11126
11209
11243
11306
11366
11594
11640
11671
11844
11993
12001
12143
12228
12675
13024
13376
13391
13614
13803
14076
14093
14124
14286
14301
14342
14383
14486
14507
14525
14798
14854
14872
14911
14920
15002
15058
15246
15325
15326
15401
15548
15606
15872
16035
16183
16319
16334
16367
16484
16719
16790
16816
16898
16916
16926
16932
16960
16963
16997
17033
17038
17214
17291
17343
17351
17482
17498
17522
17595
17604
17641
17729
17810
17906
17916
17925
17926
18051
18100
18123
18238
18391
18459
18609
18870
18924
19251
19254
19340
19371
19422
19562
19742
19757
20597
20636
20715
20718
20974
20976
21042
21062
21083
21174
21296
21298
21316
21433
21438
21480
21484
21560
21562
21611
21612
21613
21655
21692
21722
21778
21907
21961
22007
22051
22090
22120
22123
22172
22184
22347
22360
22410
22924
22942
23000
23081
23098
23544
23624
23746
23803
23806
23857
23931
23943
24010
24031
24152
24299
24389
24543
24573
24732
25381
25524
25539
25570
25599
25702
25800
25827
26118
26133
26185
26220
26287
26725
26922
27150
27480
27590
27663
27687
27821
27955
28079
28258
28304
28456
28883
29242
29268
29277
29380
29473
29577
30486
30500
30665
30670
30745
31119
31661
32362
33971
34136
34160
34193
34444
34453
34465
34523
34541
34548
34562
34607
34613
34641
34740
34776
34894
34926
34933
34955
34962
34969
35072
35101
35114
35121
35327
35356
35368
35450
35520
35575
35685
35963
36142
36180
36277
36323
36388
36499
36665
36971
36999
37036
37073
37332
37382
37478
37515
37592
37653
37905
38560
38669
38813
38991
39046
39224
39595
39694
39700
39821
39933
39969
40157
40207
40282
40294
40335
40337
40342
40570
40701
40737
40835
40865
40875
40880
41046
41341
41470
41534
41856
42190
42259
42348
42690
42925
42932
43041
43042
43208
43248
43271
43781
43822
43994
43996
44124
44280
