57
92
253
299
345
442
554
779
791
795
1030
1058
1206
1208
1210
1365
1386
1431
1459
1497
1541
1578
1650
1953
2074
2112
2165
2175
2255
2331
2384
2465
2625
2647
2700
2809
2818
2835
2882
2891
2899
2964
3030
3054
3122
3156
3186
3190
3203
3234
3365
3388
3492
3582
3589
3661
3688
3716
3746
3909
4029
4033
4072
4081
4101
4136
4286
4289
4302
4395
4486
4511
4718
4788
4823
4887
4895
4919
4943
4945
4985
4997
5008
5023
5041
5047
5087
5255
5649
5676
5727
5783
5786
5921
6007
6528
6824
6872
7025
7591
7731
8198
8202
8447
8686
8716
8717
8730
8851
8877
8981
9013
9204
9220
9249
9288
9453
9495
9603
9819
9929
10320
10321
10361
10410
10457
10843
10858
10918
11080
11376
11449
11803
12304
12341
12342
12473
12550
12736
13037
13072
13083
13153
13501
13729
13890
13964
14146
14338
14366
14373
14609
14765
14979
15081
15083
15098
15100
15282
15315
15491
15507
15546
15578
15605
15610
15639
15791
16073
16086
16478
16887
16895
16930
16980
17000
17116
17130
17246
17406
17675
17842
18180
18336
18376
