37
61
138
143
333
403
405
421
423
427
454
478
493
518
609
675
793
810
974
1042
1046
1096
1110
1335
1399
1546
1568
1608
1682
1916
1943
1982
2008
2054
2064
2173
2205
2298
2375
2388
2471
2577
2583
2649
2750
2752
2841
2946
2976
3034
3051
3088
3090
3215
3295
3351
3400
3419
3473
3523
3585
3659
3664
3697
3734
3844
4099
4138
4154
4171
4200
4286
4370
4379
4387
4413
4430
4460
4484
4544
4638
4697
4877
4920
5074
5379
5391
5719
5739
5755
5818
5875
5950
6188
6224
6246
6349
6411
6811
7669
7898
7982
8084
8109
8258
8259
8366
8566
8587
8714
8794
8979
8994
9019
9263
9589
9633
9825
9834
9981
10080
10406
10449
10570
10585
10586
10704
10755
11011
11070
11108
11374
11383
11450
11521
11799
12198
12346
12429
12444
12462
12611
12860
13037
13187
13325
14544
14604
14609
14945
14958
14993
15096
15102
15109
15282
15395
15506
15510
15595
15610
15679
15734
15763
15795
15802
15865
15925
16099
16217
16855
16856
17096
17114
17533
17583
17612
17615
17627
17659
17662
17848
18340
18355
18381
