22
33
110
205
458
483
554
652
828
850
869
1010
1155
1291
1299
1335
1382
1566
1716
1728
1745
1761
1773
1848
2132
2163
2306
2388
2443
2477
2545
2615
2784
2794
2829
3081
3280
3308
3382
3449
3516
3620
3651
3666
3714
3732
3756
3822
3896
3897
3906
3971
4009
4015
4054
4070
4130
4173
4237
4419
4423
4476
4584
4689
4691
4695
4704
4714
4755
4837
4877
4889
4909
5115
5203
5275
5322
5328
5357
5369
5385
5443
5548
5628
5717
5820
5862
5915
5917
6063
6100
6115
6180
6553
6663
6738
6739
6792
6833
6865
7000
7089
7265
7340
7671
7779
7882
8117
8564
8658
8686
8710
8880
8889
9212
9238
9275
9278
9329
9428
9677
9946
10001
10023
10034
10272
10416
10467
10490
10493
10693
10841
10906
11026
11032
11510
11574
11600
12078
12193
12254
12710
12980
13220
13325
13501
13894
14231
14489
14649
14925
14932
15086
15192
15352
15369
15370
15398
15509
15511
15559
15587
15606
15666
15771
15897
16070
16138
16174
16226
16252
16285
16357
16478
16575
16993
16994
17011
17014
17453
17572
17657
17742
18349
18372
