6
22
26
31
104
110
114
115
125
153
156
159
167
170
182
184
221
225
281
287
289
311
351
363
365
371
391
409
446
454
493
522
536
544
574
576
582
615
634
638
640
660
667
669
676
680
688
700
706
708
715
723
731
734
751
757
769
775
789
808
816
818
834
838
872
896
951
956
960
970
986
1014
1026
1038
1040
1078
1080
1110
1116
1132
1138
1149
1173
1204
1254
1277
1279
1307
1327
1347
1378
1414
1443
1451
1465
1471
1473
1491
1505
1509
1522
1526
1537
1539
1541
1544
1584
1621
1622
1626
1636
1638
1675
1677
1693
1718
1719
1720
1739
1748
1752
1763
1769
1785
1793
1798
1817
1860
1862
1865
1875
1892
1894
1904
1932
1945
1955
1997
2004
2006
2020
2048
2056
2069
2071
2084
2090
2094
2106
2116
2127
2129
2146
2148
2163
2165
2171
2201
2214
2216
2233
2253
2257
2267
2274
2288
2304
2308
2312
2322
2333
2341
2345
2397
2399
2427
2443
2447
2453
2455
2467
2469
2505
2507
2525
2541
2553
2559
2569
2573
2597
2607
2635
2666
2692
2694
2744
2752
2760
2766
2770
2772
2798
2817
2825
2833
2835
2847
2861
2865
2871
2880
2886
2889
2901
2903
2905
2922
2931
2936
2938
2946
2952
2954
2967
2986
2994
2998
3002
3016
3030
3039
3052
3054
3069
3070
3081
3083
3136
3138
3150
3169
3179
3182
3191
3197
3238
3289
3297
3330
3333
3341
3351
3361
3362
3371
3373
3378
3388
3394
3412
3414
3447
3471
3481
3482
3484
3485
3488
3500
3514
3529
3531
3534
3545
3574
3599
3603
3609
3615
3663
3664
3670
3682
3686
3700
3710
3718
3726
3774
3798
3800
3810
3814
3850
3852
3853
3861
3879
3883
3911
3941
3943
3950
3961
3967
3987
3989
3995
4013
4037
4095
4118
4122
4126
4132
4138
4142
4156
4161
4195
4214
4237
4239
4263
4270
4274
4280
4284
4286
4315
4317
4322
4351
4353
4357
4377
4385
4415
4436
4450
4470
4480
4486
4495
4507
4526
4528
4532
4540
4548
4552
4561
4569
4584
4590
4605
4613
4631
4664
4670
4672
4673
4674
4677
4680
4692
4695
4697
4706
4714
4726
4742
4758
4766
4777
4782
4784
4788
4795
4806
4814
4831
4842
4869
4873
4875
4879
4899
4918
4931
4951
4952
4954
4957
4967
4983
4989
4995
5017
5018
5020
5021
5025
5028
5048
5055
5076
5083
5110
5141
5150
5172
5203
5210
5231
5271
5274
5295
5312
5336
5381
5393
5423
5439
5445
5467
5487
5517
5521
5565
5580
5590
5594
5608
5619
5628
5704
5715
5741
5751
5769
5782
5830
5832
5864
5866
5874
5886
5897
5909
5928
5943
5947
5949
5953
5958
5965
5976
6075
6115
6138
6245
6266
6334
6549
6663
6697
6701
6707
6759
6792
6833
6848
6863
6906
6933
6936
6946
7029
7057
7058
7074
7087
7089
7265
7267
7269
7278
7339
7538
7583
7585
7590
7667
7670
7721
7749
7818
7847
7849
7882
7951
7970
7973
7978
8007
8025
8046
8059
8065
8084
8110
8115
8133
8168
8193
8198
8202
8267
8319
8381
8443
8492
8494
8516
8578
8587
8657
8686
8691
8731
8761
8802
8815
8826
8830
8846
8851
8852
8896
8897
8916
8925
8946
8966
8969
8982
9004
9006
9012
9018
9033
9036
9051
9103
9152
9155
9185
9187
9203
9210
9211
9212
9254
9266
9273
9275
9283
9430
9453
9583
9594
9596
9629
9634
9654
9751
9753
9827
9843
9858
9881
9921
9937
9938
9973
9974
9988
10000
10012
10018
10033
10059
10125
10288
10292
10322
10337
10362
10364
10369
10409
10425
10426
10428
10435
10446
10448
10454
10467
10482
10485
10500
10551
10567
10568
10727
10731
10737
10755
10776
10803
10804
10805
10839
10844
10850
10857
10880
10917
10918
11012
11029
11069
11108
11120
11253
11266
11268
11365
11378
11391
11445
11447
11449
11457
11520
11527
11529
11533
11550
11575
11576
11582
11648
11706
11726
11921
11928
11939
11942
11958
11961
12042
12049
12139
12180
12184
12187
12214
12222
12227
12228
12252
12254
12255
12287
12297
12303
12304
12333
12398
12418
12426
12428
12430
12440
12444
12490
12508
12719
12724
12729
12733
12887
13040
13049
13064
13093
13104
13144
13153
13230
13343
13344
13394
13504
13557
13558
13642
13893
13911
13926
13927
14045
14126
14127
14178
14185
14187
14241
14245
14247
14316
14322
14328
14330
14369
14370
14435
14436
14448
14483
14489
14494
14495
14531
14579
14603
14617
14618
14631
14682
14699
14713
14716
14734
14749
14766
14816
14851
14901
14902
14910
14918
14978
14989
14990
15028
15034
15100
15178
15201
15204
15207
15277
15314
15316
15322
15332
15348
15350
15352
15370
15375
15382
15385
15391
15439
15450
15453
15471
15474
15477
15479
15482
15490
15523
15572
15577
15578
15583
15584
15598
15614
15634
15640
15642
15643
15648
15674
15739
15740
15753
15783
15786
15802
15837
15852
15861
15867
15875
15880
15911
15926
15942
16012
16041
16081
16082
16088
16096
16099
16149
16150
16155
16156
16157
16169
16171
16192
16202
16226
16234
16252
16271
16285
16360
16463
16477
16478
16482
16515
16577
16614
16634
16816
16837
16859
16871
16874
16917
16920
16930
16933
16949
16950
16951
16952
16955
16981
16986
16996
16997
17003
17006
17101
17117
17118
17123
17130
17136
17172
17201
17232
17235
17243
17287
17317
17318
17403
17406
17429
17447
17449
17521
17525
17574
17586
17608
17613
17617
17627
17635
17660
17752
17840
17843
17845
18180
18265
18301
18306
18315
18318
18324
18335
18349
18351
18353
18355
18356
18366
18370
18372
18375
18383
18384
18385
18391
18399
18423
18442
18443
18461
