22
26
28
37
49
69
75
83
87
100
102
119
138
165
167
201
217
263
289
291
301
345
357
359
375
381
409
440
450
464
478
480
489
498
532
560
572
576
605
683
690
698
715
716
727
743
749
753
767
779
782
784
810
822
824
842
861
865
880
884
910
956
972
986
988
996
1000
1032
1058
1060
1062
1070
1082
1090
1096
1120
1124
1144
1147
1149
1157
1175
1184
1200
1206
1224
1226
1248
1250
1254
1263
1281
1319
1335
1343
1359
1380
1389
1431
1437
1441
1461
1517
1531
1550
1564
1566
1576
1582
1602
1608
1634
1652
1670
1678
1691
1703
1718
1721
1731
1732
1733
1744
1747
1761
1762
1769
1786
1788
1790
1812
1816
1819
1828
1842
1860
1879
1884
1904
1918
1949
1961
1983
1989
2014
2018
2024
2038
2064
2067
2069
2071
2076
2088
2096
2106
2118
2119
2132
2148
2163
2167
2173
2175
2191
2201
2205
2214
2216
2222
2225
2263
2272
2300
2308
2327
2343
2355
2364
2375
2392
2395
2397
2405
2417
2449
2467
2497
2539
2549
2579
2595
2617
2639
2647
2649
2651
2659
2670
2680
2706
2710
2738
2740
2746
2760
2762
2766
2768
2788
2807
2825
2827
2833
2841
2859
2895
2909
2913
2921
2923
2950
2970
2974
3024
3043
3046
3052
3058
3064
3078
3090
3092
3122
3138
3142
3145
3161
3167
3177
3188
3198
3202
3208
3221
3236
3240
3252
3280
3329
3331
3359
3380
3386
3400
3408
3414
3418
3471
3531
3534
3536
3541
3543
3549
3572
3613
3615
3618
3639
3641
3647
3682
3686
3697
3701
3704
3708
3720
3740
3742
3756
3788
3792
3798
3824
3859
3873
3875
3877
3889
3890
3903
3911
3929
3947
3971
3981
3991
3995
4001
4011
4025
4027
4035
4048
4050
4062
4064
4074
4087
4118
4138
4143
4147
4177
4183
4195
4196
4208
4212
4228
4244
4251
4257
4261
4289
4302
4311
4321
4335
4349
4353
4357
4373
4405
4425
4434
4438
4440
4442
4458
4490
4503
4542
4580
4588
4596
4629
4674
4683
4693
4696
4697
4698
4718
4736
4750
4760
4766
4769
4777
4784
4789
4806
4808
4821
4839
4863
4869
4926
4942
4951
4953
4957
4960
4963
4965
4970
5012
5029
5033
5050
5061
5071
5078
5083
5107
5120
5143
5145
5182
5189
5222
5243
5255
5320
5326
5373
5395
5409
5425
5433
5449
5471
5475
5523
5550
5577
5645
5649
5655
5686
5691
5721
5725
5729
5747
5755
5767
5773
5777
5785
5787
5797
5808
5816
5818
5834
5844
5868
5880
5900
5917
5949
5968
6002
6009
6026
6076
6080
6081
6085
6120
6178
6184
6188
6223
6224
6265
6411
6554
6664
6711
6714
6742
6746
6747
6750
6752
6755
6759
6802
6818
6858
6860
6861
6866
6868
6930
6933
6938
7005
7011
7029
7071
7072
7073
7171
7186
7365
7538
7607
7611
7648
7656
7666
7667
7680
7700
7714
7768
7847
7861
7883
7925
7926
7938
7970
8011
8046
8059
8068
8109
8111
8127
8168
8202
8243
8289
8316
8338
8365
8430
8432
8437
8464
8628
8689
8691
8695
8714
8729
8733
8751
8761
8799
8827
8831
8832
8838
8846
8866
8872
8877
8888
8896
8904
8916
8944
8946
8949
8966
8975
8987
8991
8996
9012
9015
9045
9046
9048
9097
9103
9107
9110
9183
9186
9214
9249
9263
9276
9330
9339
9358
9366
9427
9458
9633
9649
9797
9819
9825
9826
9841
9849
9859
9912
9946
9975
9976
10000
10012
10032
10035
10059
10158
10259
10300
10301
10311
10314
10320
10331
10372
10388
10411
10426
10432
10445
10458
10462
10463
10472
10477
10481
10489
10536
10539
10542
10569
10571
10573
10577
10590
10666
10691
10713
10728
10729
10818
10838
10845
10850
10865
10873
10874
10883
10901
10914
11120
11142
11229
11253
11263
11268
11358
11371
11457
11505
11520
11573
11637
11673
11735
11754
11792
11850
11906
11927
11965
11967
11972
12071
12091
12182
12229
12243
12303
12304
12330
12418
12431
12444
12501
12551
12627
12689
12712
12720
12721
12727
12731
12741
12860
12952
12970
13055
13064
13067
13089
13090
13111
13118
13131
13152
13221
13324
13346
13629
13655
13708
13718
13729
13862
13926
13947
13983
13984
13985
14015
14054
14090
14165
14166
14184
14194
14248
14319
14323
14329
14434
14461
14483
14494
14496
14522
14528
14540
14601
14604
14630
14631
14646
14702
14706
14719
14753
14754
14767
14819
14829
14891
14898
14904
14909
14911
14934
14945
14958
14962
14973
14990
15007
15013
15086
15092
15093
15099
15103
15106
15107
15134
15169
15273
15295
15314
15321
15341
15352
15372
15382
15383
15397
15401
15414
15454
15458
15462
15471
15476
15477
15478
15480
15485
15491
15495
15501
15509
15511
15517
15531
15535
15536
15573
15581
15585
15591
15594
15598
15606
15615
15622
15631
15638
15639
15648
15668
15724
15725
15740
15743
15751
15758
15761
15764
15772
15777
15796
15817
15823
15841
15850
15856
15860
15861
15865
15871
15876
15891
15984
15990
16030
16040
16045
16073
16079
16092
16094
16101
16103
16137
16179
16184
16203
16226
16239
16243
16271
16322
16333
16355
16564
16577
16578
16614
16616
16619
16812
16823
16837
16841
16855
16878
16888
16895
16902
16926
16932
16938
16951
16954
16955
16972
16980
16998
17012
17017
17107
17132
17179
17240
17285
17369
17429
17433
17449
17593
17594
17601
17604
17606
17612
17618
17624
17628
17633
17777
17778
17833
17839
17849
17857
18128
18176
18224
18225
18227
18271
18272
18292
18302
18314
18315
18320
18325
18327
18342
18354
18356
18359
18360
18376
18381
18384
18386
18387
18399
18401
18408
18410
18421
18423
18442
18463
18464
