0
16
18
35
51
53
65
71
77
92
94
96
121
147
167
176
199
209
215
237
239
263
283
289
291
295
303
311
313
319
333
335
337
357
399
407
420
421
431
442
498
502
515
546
568
570
574
588
594
632
638
640
648
654
665
675
680
681
686
688
690
700
704
720
739
757
761
767
773
789
808
824
830
838
842
857
859
878
880
886
945
949
984
994
1006
1018
1020
1038
1056
1072
1076
1080
1104
1116
1132
1136
1140
1147
1149
1175
1180
1192
1200
1204
1218
1222
1224
1227
1252
1291
1315
1317
1319
1325
1335
1349
1363
1376
1378
1384
1393
1401
1409
1413
1416
1455
1463
1471
1482
1495
1517
1529
1541
1560
1570
1574
1594
1606
1613
1632
1638
1656
1677
1689
1718
1746
1771
1790
1819
1828
1831
1833
1850
1852
1854
1860
1871
1892
1908
1936
1955
1957
1975
1977
1981
2002
2064
2078
2080
2094
2119
2127
2151
2153
2169
2177
2201
2205
2214
2223
2229
2231
2269
2290
2310
2329
2337
2363
2375
2382
2399
2401
2461
2471
2497
2517
2537
2539
2571
2581
2583
2589
2615
2617
2619
2641
2647
2657
2664
2666
2680
2688
2694
2712
2718
2734
2742
2760
2782
2786
2803
2819
2825
2847
2851
2861
2863
2879
2883
2887
2893
2895
2901
2903
2905
2950
2958
2966
2970
3008
3010
3012
3026
3040
3045
3075
3081
3089
3090
3092
3098
3100
3122
3145
3154
3158
3159
3169
3177
3182
3189
3191
3197
3211
3225
3230
3236
3270
3276
3280
3284
3290
3297
3299
3316
3326
3330
3335
3345
3353
3400
3416
3439
3443
3451
3465
3473
3479
3496
3498
3506
3525
3531
3545
3559
3577
3584
3587
3605
3609
3617
3629
3643
3657
3666
3668
3672
3693
3698
3702
3712
3716
3726
3730
3750
3812
3869
3875
3885
3893
3913
3915
3917
3950
3963
3965
4013
4052
4054
4060
4087
4095
4117
4126
4130
4142
4146
4153
4158
4160
4171
4179
4193
4228
4239
4244
4245
4251
4261
4282
4301
4351
4393
4401
4411
4427
4436
4444
4446
4452
4464
4478
4484
4514
4520
4550
4561
4565
4580
4629
4635
4640
4661
4676
4689
4692
4695
4700
4710
4718
4728
4769
4773
4776
4778
4780
4784
4791
4801
4802
4810
4817
4831
4833
4842
4857
4879
4895
4907
4916
4918
4931
4934
4942
4951
4954
4962
4970
4980
4991
5008
5012
5015
5018
5020
5035
5043
5047
5065
5072
5087
5094
5120
5152
5166
5179
5182
5186
5210
5214
5216
5259
5265
5267
5289
5295
5304
5308
5320
5326
5329
5336
5369
5379
5405
5423
5427
5431
5439
5459
5465
5467
5475
5491
5493
5507
5517
5525
5547
5557
5596
5598
5601
5604
5612
5629
5633
5653
5695
5702
5709
5781
5786
5820
5826
5828
5830
5854
5860
5862
5888
5893
5897
5903
5905
5917
5926
5930
5934
5937
5950
5961
5972
5978
6033
6079
6106
6123
6133
6181
6190
6223
6230
6336
6351
6528
6529
6554
6658
6672
6691
6700
6724
6743
6792
6813
6856
6865
6868
6870
7003
7073
7089
7171
7258
7267
7272
7278
7352
7441
7506
7548
7551
7558
7585
7589
7593
7605
7677
7692
7728
7778
7801
7831
7836
7874
7919
7953
8011
8012
8121
8180
8200
8202
8286
8316
8414
8453
8562
8563
8579
8628
8690
8691
8709
8712
8727
8744
8800
8846
8851
8859
8872
8889
8903
8925
8926
8938
8943
8944
8961
8966
8967
8984
8993
8999
9000
9011
9015
9023
9111
9155
9183
9189
9198
9208
9215
9218
9225
9251
9253
9276
9278
9284
9329
9340
9374
9376
9420
9454
9493
9495
9538
9567
9574
9589
9628
9824
9826
9828
9858
9882
9891
9941
9943
9953
9956
9973
9980
10023
10035
10069
10125
10313
10342
10361
10364
10384
10385
10421
10428
10445
10482
10503
10504
10539
10551
10558
10565
10648
10678
10699
10728
10805
10819
10822
10849
10857
10898
10917
10918
11034
11071
11113
11120
11128
11151
11182
11200
11365
11454
11556
11584
11585
11707
11757
11904
11921
11932
12079
12123
12181
12183
12185
12271
12272
12288
12298
12315
12337
12344
12372
12425
12426
12429
12432
12435
12466
12480
12712
12719
12720
12727
12731
12733
12981
13041
13042
13043
13056
13072
13091
13104
13131
13153
13179
13215
13383
13416
13500
13501
13538
13557
13591
13718
13729
13891
13910
13969
13971
13985
13995
14051
14066
14101
14127
14145
14187
14200
14201
14241
14316
14321
14323
14328
14330
14338
14369
14377
14437
14464
14495
14528
14540
14587
14611
14619
14624
14652
14750
14829
14831
14894
14896
14897
14919
14920
14922
14923
14929
14961
14979
14989
15046
15083
15087
15109
15111
15114
15147
15152
15169
15179
15304
15308
15346
15391
15395
15424
15467
15468
15478
15489
15494
15495
15496
15499
15509
15541
15575
15579
15581
15622
15630
15631
15638
15673
15679
15728
15734
15742
15746
15753
15754
15781
15782
15803
15805
15806
15812
15819
15822
15842
15850
15851
15860
15871
15881
15884
15891
15897
15946
15981
15990
16040
16065
16091
16093
16094
16100
16137
16138
16156
16169
16187
16208
16210
16217
16218
16239
16242
16243
16267
16272
16285
16354
16357
16481
16563
16718
16813
16815
16825
16826
16835
16841
16843
16869
16874
16887
16899
16920
16927
16932
16961
16980
16988
16998
17004
17007
17011
17108
17113
17116
17118
17128
17133
17173
17177
17186
17229
17308
17314
17417
17513
17609
17615
17623
17637
17660
17751
17833
17836
17837
17848
17856
17858
18176
18265
18305
18312
18314
18317
18319
18320
18326
18341
18348
18371
18377
18383
18391
18394
18404
18410
18445
