33
151
267
347
518
564
594
700
739
992
1006
1114
1277
1313
1413
1522
1608
1621
1800
1840
1949
1961
2066
2110
2405
2413
2473
2595
2762
2849
2934
3002
3008
3020
3092
3234
3286
3343
3587
3649
3702
3828
3905
3931
4003
4019
4033
4099
4154
4158
4195
4210
4280
4322
4401
4423
4466
4540
4552
4554
4556
4570
4607
4692
4714
4716
4861
4901
5078
5146
5186
5199
5214
5278
5282
5385
5389
5457
5548
5619
5691
5696
5880
5943
6037
6084
6134
6181
6350
6352
6674
6710
7266
7441
7595
7769
7846
8025
8180
8285
8432
8474
8685
8848
8882
8943
9010
9050
9363
9649
10068
10121
10318
10332
10335
10337
10403
10411
10449
10712
10914
11374
11563
11584
11611
11754
12177
12312
12338
12339
12477
12504
12723
12971
13106
14125
14127
14148
14376
14521
14526
14750
14823
15207
15348
15353
15396
15454
15460
15467
15493
15533
15582
15620
15623
15771
15823
15936
15942
16067
16100
16184
16187
16193
16204
16355
16356
16562
16717
16837
16920
16962
16968
17134
17229
17237
17238
17403
17409
17528
17647
18131
18270
18372
18374
