2
20
24
35
39
43
49
94
134
150
180
191
199
227
237
267
269
283
291
319
331
333
363
379
387
401
419
421
437
444
452
454
458
466
472
496
500
504
510
540
570
609
613
623
630
650
652
660
665
673
692
708
714
720
735
795
802
824
826
828
840
867
892
958
964
982
998
1020
1052
1068
1080
1094
1112
1118
1128
1140
1169
1182
1192
1194
1240
1250
1307
1327
1353
1363
1370
1376
1391
1433
1453
1461
1477
1487
1505
1555
1568
1580
1582
1598
1600
1606
1610
1612
1613
1621
1630
1654
1677
1691
1708
1725
1731
1732
1735
1769
1786
1791
1794
1802
1806
1810
1838
1860
1877
1912
1924
1941
1971
1977
1981
2000
2020
2026
2030
2042
2084
2118
2158
2171
2183
2189
2195
2214
2223
2237
2259
2265
2274
2278
2282
2298
2300
2333
2335
2363
2386
2425
2431
2453
2479
2497
2513
2519
2535
2537
2543
2551
2589
2621
2625
2635
2645
2657
2680
2682
2726
2736
2756
2764
2778
2780
2801
2809
2813
2818
2831
2847
2865
2954
2956
2968
2972
2974
3056
3061
3064
3070
3087
3098
3104
3134
3146
3164
3171
3175
3203
3206
3222
3224
3229
3240
3244
3268
3270
3286
3290
3297
3310
3335
3337
3371
3373
3388
3396
3435
3463
3479
3486
3490
3514
3543
3551
3559
3572
3585
3586
3591
3615
3617
3620
3625
3631
3666
3670
3684
3686
3718
3724
3748
3758
3782
3786
3794
3800
3802
3808
3816
3820
3824
3842
3844
3853
3861
3865
3898
3902
3913
3931
3933
3975
3983
3989
3999
4001
4031
4044
4046
4054
4065
4111
4117
4142
4149
4165
4175
4181
4189
4206
4224
4234
4236
4244
4255
4263
4265
4278
4284
4311
4321
4324
4325
4331
4339
4355
4373
4381
4391
4411
4423
4444
4446
4507
4520
4563
4576
4605
4640
4653
4664
4670
4698
4706
4726
4730
4742
4744
4764
4766
4788
4791
4806
4827
4831
4840
4859
4877
4895
4914
4922
4924
4970
4979
4983
4989
4993
4995
5018
5019
5025
5037
5041
5048
5050
5052
5074
5080
5103
5107
5110
5119
5130
5132
5134
5158
5162
5166
5176
5186
5201
5210
5220
5226
5233
5250
5255
5260
5264
5265
5280
5286
5293
5298
5336
5338
5351
5361
5363
5365
5385
5391
5397
5405
5413
5415
5431
5441
5467
5473
5477
5480
5489
5543
5559
5569
5588
5651
5653
5664
5670
5672
5700
5731
5735
5751
5767
5783
5812
5814
5852
5872
5875
5877
5895
5897
5900
5909
5917
5939
5949
6002
6036
6045
6065
6075
6083
6086
6178
6231
6265
6301
6338
6340
6351
6519
6523
6553
6554
6579
6672
6706
6707
6709
6714
6746
6752
6767
6818
6825
6857
6867
6870
6871
6872
6895
6937
6938
6999
7005
7028
7030
7058
7071
7074
7075
7186
7187
7194
7252
7263
7476
7506
7549
7583
7589
7606
7656
7660
7663
7747
7770
7773
7818
7822
7832
7938
8047
8084
8109
8198
8200
8244
8251
8420
8434
8435
8443
8476
8477
8516
8555
8566
8580
8695
8710
8729
8731
8734
8742
8756
8802
8815
8839
8851
8852
8853
8871
8877
8938
8944
8945
8949
8965
8968
8975
8986
9008
9034
9045
9047
9090
9091
9107
9152
9181
9190
9203
9211
9215
9218
9251
9253
9261
9264
9288
9316
9330
9358
9362
9419
9420
9538
9555
9616
9676
9686
9730
9752
9794
9797
9840
9841
9844
9846
9853
9891
9902
9930
9932
9935
9942
9946
9953
9961
9980
9981
10008
10018
10023
10035
10059
10065
10125
10150
10257
10288
10301
10322
10334
10340
10341
10377
10386
10398
10416
10446
10465
10481
10482
10485
10486
10511
10530
10532
10548
10550
10567
10570
10574
10586
10591
10592
10691
10704
10755
10776
10801
10803
10807
10820
10855
10857
10877
10901
10916
10918
10919
10980
10981
11000
11010
11024
11026
11028
11106
11109
11120
11127
11201
11263
11358
11365
11374
11391
11451
11453
11505
11527
11528
11529
11550
11556
11611
11648
11757
11904
11910
11925
11926
11932
11940
11942
11959
11967
12120
12141
12177
12179
12187
12193
12269
12270
12298
12303
12304
12318
12346
12397
12404
12501
12508
12550
12573
12667
12711
12721
12728
12731
12740
12741
12742
12887
12987
12988
13024
13049
13057
13072
13089
13091
13144
13153
13182
13183
13187
13214
13383
13669
13782
13995
13999
14045
14051
14092
14094
14130
14148
14201
14262
14271
14308
14315
14318
14319
14328
14356
14371
14390
14448
14508
14526
14528
14573
14618
14624
14733
14752
14771
14811
14814
14833
14836
14888
14893
14897
14902
14909
14918
14938
14949
14952
14959
14972
14987
14988
14990
15025
15026
15083
15089
15094
15115
15116
15147
15193
15204
15243
15270
15341
15349
15350
15351
15422
15461
15466
15472
15473
15476
15488
15490
15495
15499
15518
15521
15523
15526
15533
15537
15538
15567
15572
15582
15595
15612
15615
15628
15648
15653
15660
15729
15741
15747
15762
15787
15796
15807
15808
15810
15856
15865
15898
15936
15983
15984
16002
16042
16047
16051
16052
16074
16083
16085
16088
16096
16106
16107
16138
16155
16192
16202
16207
16208
16210
16218
16220
16243
16252
16266
16272
16334
16341
16352
16356
16562
16576
16612
16614
16618
16718
16834
16841
16844
16891
16915
16922
16923
16932
16936
16938
16951
16953
16954
16956
16965
16981
16996
16998
17003
17004
17011
17096
17101
17113
17137
17152
17220
17265
17318
17373
17433
17450
17451
17513
17525
17586
17588
17599
17607
17610
17623
17633
17644
17647
17659
17674
17741
17777
17846
17847
18176
18227
18270
18313
18315
18317
18339
18344
18348
18380
18401
18404
18444
18452
18458
18461
18463
