6
20
26
33
37
43
46
69
80
87
109
112
135
165
174
202
209
285
302
312
313
329
334
349
355
375
377
426
470
477
478
483
569
571
613
620
625
629
651
655
657
667
678
703
722
741
762
788
792
798
802
845
857
874
888
890
897
927
930
937
940
944
970
975
1002
1004
1045
1064
1084
1109
1121
1124
1127
1134
1158
1161
1200
1202
1209
1210
1218
1219
1229
1243
1256
1262
1267
1299
1302
1311
1321
1322
1344
1360
1362
1377
1440
1505
1531
1549
1550
1561
1587
1599
1622
1679
1690
1706
1716
1735
1741
1744
1746
1756
1817
1834
1843
1855
1859
1874
1888
1891
1892
1943
1946
1947
1950
1984
2004
2025
2042
2059
2072
2076
2077
2102
2166
2230
2258
2265
2294
2296
2297
2309
2336
2392
2393
2409
2436
2448
2449
2454
2461
2470
2508
2531
2556
2566
2569
2572
2574
2602
2615
2619
2708
2721
2725
2736
2762
2768
2772
2783
2796
2826
2832
2833
2842
2843
2869
2880
2886
2887
2893
2905
2907
2910
2922
2980
3002
3003
3028
3050
3052
3059
3064
3102
3103
3113
3145
3146
3172
3175
3180
3185
3203
3204
3232
3253
3254
3255
3258
3263
3268
3275
3280
3304
3306
3328
3338
3361
3373
3443
3448
3493
3495
3516
3550
3570
3585
3616
3619
3623
3633
3635
3644
3648
3651
3664
3668
3689
3736
3738
3766
3776
3782
3800
3805
3808
3872
3916
3917
3926
3943
3946
3961
3976
3988
4007
4022
4026
4037
4069
4080
4106
4122
4125
4131
4133
4157
4178
4193
4200
4223
4227
4272
4277
4293
4304
4316
4332
4363
4371
4407
4416
4417
4423
4442
4446
4477
4492
4494
4511
4513
4519
4536
4557
4564
4615
4658
4699
4738
4759
4766
4769
4825
4844
4881
4905
4910
4913
4914
4926
4931
4933
4941
4981
4984
4990
4991
5010
5020
5051
5076
5116
5155
5159
5182
5194
5198
5216
5232
5259
5274
5289
5304
5305
5312
5332
5335
5392
5404
5418
5442
5489
5498
5502
5516
5529
5538
5559
5572
5612
5627
5634
5639
5649
5656
5666
5669
5753
5760
5810
5818
5824
5900
5932
5933
5968
6021
6029
6087
6102
6107
6119
6147
6149
6220
6224
6235
6256
6279
6306
6325
6328
6339
6342
6386
6420
6436
6459
6470
6508
6526
6530
6532
6546
6597
6610
6626
6644
6666
6724
6755
6774
6812
6819
6825
6863
6891
6904
6920
6941
6961
6973
6993
7009
7010
7027
7040
7049
7063
7066
7078
7119
7146
7152
7176
7177
7181
7182
7188
7194
7204
7207
7209
7211
7255
7264
7283
7296
7308
7312
7316
7319
7345
7363
7382
7390
7408
7418
7420
7428
7429
7432
7439
7452
7464
7465
7466
7498
7556
7563
7570
7606
7683
7728
7732
7759
7773
7780
7795
7869
7898
7901
7951
7996
8039
8097
8113
8125
8142
8158
8182
8187
8188
8229
8238
8247
8248
8255
8264
8336
8371
8385
8397
8406
8438
8449
8450
8456
8528
8529
8573
8611
8643
8681
8709
8754
8821
8850
8851
8887
8902
8950
8965
8980
9017
9029
9046
9047
9074
9097
9099
9117
9121
9134
9150
9182
9188
9202
9233
9237
9256
9318
9364
9391
9406
9410
9440
9447
9460
9470
9483
9490
9492
9493
9513
9518
9523
9534
9555
9565
9606
9616
9620
9645
9650
9659
9670
9689
9694
9696
9709
9728
9751
9760
9764
9783
9785
9787
9797
9824
9847
9850
9858
9869
9886
9892
9898
9907
9918
9931
9943
9948
9965
9990
10011
10015
10017
10035
10040
10082
10097
10103
10124
10148
10173
10193
10254
10259
10278
10285
10305
10310
10324
10353
10406
10425
10431
10435
10473
10505
10515
10524
10569
10571
10601
10618
10638
10649
10670
10689
10701
10716
10717
10756
10761
10804
10847
10861
10863
10871
10921
10926
10942
10957
10959
10977
10982
10985
10997
10998
11003
11016
11028
11050
11079
11083
11087
11093
11137
11188
11215
11238
11241
11249
11257
11284
11291
11294
11315
11317
11326
11407
11428
11458
11463
11466
11489
11537
11539
11555
11591
11630
11638
11671
11679
11711
11725
11737
11809
11815
11838
11853
11860
11868
11877
11884
11905
11926
11938
11957
11959
11974
11985
11993
11998
12022
12027
12049
12073
12081
12101
12134
12166
12178
12179
12201
12248
12250
12251
12255
12260
12303
12308
12336
12340
12345
12361
12373
12383
12386
12445
12456
12459
12462
12522
12523
12538
12583
12586
12588
12600
12613
12614
12682
12701
12705
12724
12729
12761
12795
12799
12802
12821
12844
12862
12885
12910
12932
12972
12976
12996
13003
13012
13025
13073
13110
13169
13208
13251
13262
13312
13315
13329
13350
13397
13417
13429
13430
13504
13512
13523
13538
13544
13559
13592
13604
13617
13665
13674
13722
13727
13749
13796
13812
13853
13863
13873
13874
13878
13895
13930
13935
13936
13951
14058
14076
14117
14118
14119
14138
14177
14183
14206
14238
14287
14300
14367
14392
14409
14418
14513
14541
14561
14569
14578
14589
14606
14611
14639
14671
14681
14713
14725
14739
14746
14761
14771
14778
14787
14819
14834
14838
14872
14877
14895
14911
14943
14970
14978
14979
15020
15027
15031
15040
15054
15086
15095
15096
15097
15126
15155
15161
15187
15192
15231
15234
15264
15338
15345
15346
15364
15366
15377
15388
15389
15403
15406
15433
15458
15485
15512
15513
15515
15540
15559
15642
15646
15707
15719
15721
15730
15784
15846
15849
15857
15897
15914
15918
15930
15933
15946
16000
16003
16009
16013
16020
16044
16129
16160
16166
16170
16175
16224
16229
16239
16267
16268
16282
16292
16319
16334
16339
16376
16419
16448
16455
16494
16508
16522
16526
16607
16632
16670
16678
16694
16731
16736
16741
16768
16779
16813
16879
16926
16946
16949
16965
16984
17005
17050
17076
17090
17096
17121
17127
17131
17180
17187
17213
17214
17224
17260
17290
17301
17308
17309
17327
17343
17358
17382
17446
17449
17467
17504
17542
17544
17552
17596
17597
17613
17626
17649
17714
17719
17732
17735
17787
17789
17793
17799
17805
17809
17826
17834
17884
17889
17891
17935
17936
17984
18006
18099
18109
18173
18183
18194
18221
18230
18290
18309
18334
18355
18356
18392
18395
18407
18415
18442
18460
18477
18513
18520
18524
18555
18569
18618
18625
18645
18657
18675
18720
18805
18834
18855
18859
18866
18885
18945
18972
19000
19021
19025
19031
19076
19077
19080
19086
19104
19116
19156
19178
19197
19214
19258
19269
19327
19375
19388
19393
19419
19493
19494
19513
19634
19679
19695
19700
19761
19769
19782
19783
19874
19916
19919
19927
19939
19984
19985
19997
20019
20021
20023
20028
20077
20088
20107
20124
20129
20145
20157
20183
20190
20192
20203
20207
20214
20217
20238
20249
20252
20321
20342
20379
20380
20386
20398
20405
20409
20450
20483
20520
20547
20594
20639
20647
20649
20716
20778
20796
20816
20825
20831
20864
20919
20930
20934
20946
20990
21001
21008
21009
21049
21058
21075
21083
21095
21115
21140
21146
21167
21175
21181
21245
21250
21284
21314
21333
21335
21346
21367
21404
21416
21428
21461
21479
21483
21510
21527
21546
21587
21622
21627
21669
21671
21696
21750
21752
21879
21888
21911
21912
21937
21941
21946
21965
21976
21998
22001
22005
22006
22010
22023
22049
22054
22072
22106
22108
22139
22160
22165
22189
22218
22222
22231
22238
22265
22327
22354
22444
22470
22480
22511
22554
22575
22576
22578
22613
22616
22653
22713
22739
22766
22801
22834
22836
22903
22964
22972
23003
23012
23013
23015
23022
23055
23059
23065
23066
23096
23184
23193
23368
23375
23427
23441
23479
23509
23582
23604
23613
23616
23617
23623
23662
23720
23721
23726
23745
23755
23757
23760
23764
23828
23840
23910
24053
24178
24213
24246
24253
24304
24325
24336
24542
24565
24591
24592
24711
24736
24865
24922
24959
25109
25110
25147
25173
25204
25278
25355
25388
25391
