26
37
52
78
80
86
88
161
163
191
196
267
279
285
313
316
334
374
381
394
412
434
435
441
452
469
476
478
480
527
542
581
582
599
626
629
655
674
678
683
684
688
689
699
703
715
721
730
733
742
781
787
791
794
796
805
809
820
821
866
867
873
882
931
936
943
969
970
975
981
1000
1002
1007
1040
1044
1056
1082
1090
1108
1132
1134
1148
1191
1198
1200
1208
1216
1224
1229
1256
1264
1294
1298
1300
1301
1302
1368
1379
1436
1440
1446
1448
1529
1530
1531
1533
1537
1580
1601
1612
1684
1688
1694
1704
1709
1726
1748
1785
1838
1843
1845
1933
1936
1946
1975
2001
2002
2003
2032
2072
2077
2083
2089
2097
2105
2115
2149
2151
2160
2170
2180
2214
2220
2244
2259
2260
2271
2276
2304
2321
2375
2376
2383
2390
2393
2433
2449
2486
2488
2533
2537
2568
2573
2578
2584
2623
2671
2696
2714
2720
2742
2767
2769
2798
2799
2808
2829
2853
2854
2859
2862
2895
2992
2997
3012
3014
3015
3053
3103
3122
3148
3165
3170
3283
3294
3312
3313
3337
3352
3369
3401
3434
3442
3448
3510
3523
3551
3562
3611
3616
3620
3643
3650
3651
3652
3653
3673
3709
3743
3761
3767
3772
3782
3800
3809
3821
3829
3849
3876
3957
3962
3983
3987
3992
4023
4024
4066
4090
4109
4131
4132
4149
4183
4186
4236
4269
4296
4324
4325
4331
4332
4353
4376
4382
4395
4402
4403
4420
4439
4449
4453
4454
4482
4492
4505
4555
4556
4562
4614
4617
4665
4693
4700
4723
4730
4761
4768
4769
4771
4855
4865
4868
4885
4909
4910
4917
4932
4955
4968
4972
4976
5019
5020
5048
5089
5114
5211
5218
5228
5249
5268
5306
5335
5353
5394
5401
5404
5405
5413
5428
5429
5439
5440
5468
5484
5504
5508
5514
5534
5538
5556
5572
5584
5593
5597
5612
5622
5627
5634
5647
5754
5833
5870
5879
5932
5935
5957
6022
6048
6083
6102
6107
6141
6143
6149
6157
6180
6250
6328
6342
6373
6392
6396
6408
6439
6463
6502
6526
6542
6556
6586
6622
6632
6647
6661
6674
6693
6696
6697
6712
6718
6742
6754
6755
6764
6778
6901
6905
6910
6966
7000
7001
7012
7019
7021
7026
7049
7055
7057
7060
7063
7064
7067
7071
7102
7119
7123
7132
7139
7160
7182
7184
7207
7231
7257
7283
7299
7320
7331
7342
7343
7350
7367
7388
7397
7400
7408
7419
7420
7465
7470
7473
7475
7498
7538
7556
7650
7688
7707
7745
7769
7781
7786
7799
7817
7853
7901
7916
7929
7944
7982
8017
8042
8076
8096
8098
8125
8142
8176
8180
8187
8208
8229
8230
8272
8278
8339
8369
8383
8385
8402
8403
8418
8438
8521
8571
8577
8600
8615
8632
8633
8636
8643
8664
8695
8730
8731
8754
8767
8854
8881
8925
8959
8977
8991
8996
9005
9051
9056
9062
9080
9105
9123
9139
9142
9150
9153
9181
9183
9188
9193
9210
9230
9234
9318
9327
9328
9329
9367
9368
9387
9420
9435
9437
9441
9465
9467
9493
9586
9603
9612
9618
9625
9626
9627
9653
9682
9684
9699
9704
9708
9729
9749
9750
9830
9841
9868
9885
9890
9891
9898
9900
9914
9957
9991
10013
10033
10043
10097
10121
10133
10136
10164
10170
10214
10227
10253
10257
10266
10277
10281
10300
10304
10305
10333
10334
10335
10354
10386
10396
10424
10429
10435
10461
10478
10498
10505
10508
10512
10515
10519
10551
10565
10566
10591
10611
10633
10652
10664
10668
10670
10700
10714
10719
10720
10721
10722
10751
10753
10755
10756
10761
10776
10781
10785
10825
10847
10863
10866
10871
10917
10957
10978
10985
10998
11013
11021
11069
11104
11181
11184
11193
11199
11224
11241
11291
11293
11320
11326
11378
11381
11393
11465
11468
11479
11485
11491
11496
11515
11530
11539
11556
11557
11559
11629
11643
11656
11662
11679
11686
11745
11757
11791
11794
11809
11848
11868
11875
11876
11885
11888
11910
11944
11973
11977
11979
11984
12000
12011
12028
12072
12082
12100
12108
12111
12122
12135
12167
12180
12184
12196
12201
12203
12210
12225
12274
12306
12307
12308
12329
12356
12366
12367
12392
12394
12404
12419
12464
12470
12489
12491
12503
12507
12535
12567
12657
12672
12729
12731
12816
12862
12900
12904
12957
12971
12986
12993
13000
13003
13013
13024
13025
13039
13040
13061
13066
13070
13151
13196
13204
13205
13236
13240
13246
13258
13262
13285
13317
13329
13355
13363
13379
13382
13438
13468
13470
13482
13534
13538
13545
13547
13552
13554
13555
13581
13605
13617
13642
13668
13684
13694
13712
13713
13744
13749
13786
13789
13796
13816
13828
13903
13934
13935
13959
13978
13999
14013
14100
14107
14142
14151
14155
14183
14204
14206
14238
14242
14250
14287
14297
14304
14314
14373
14428
14448
14463
14475
14561
14578
14585
14610
14622
14648
14660
14667
14672
14681
14723
14762
14778
14780
14787
14809
14854
14857
14878
14891
14911
14928
14929
14934
14944
15045
15059
15065
15072
15075
15086
15137
15151
15166
15210
15227
15229
15234
15253
15254
15260
15264
15282
15330
15338
15357
15377
15428
15433
15439
15466
15476
15483
15490
15512
15515
15532
15586
15589
15618
15648
15650
15703
15713
15718
15721
15723
15730
15745
15763
15764
15805
15857
15933
15935
15949
16004
16093
16116
16166
16167
16176
16178
16195
16220
16224
16280
16292
16331
16337
16341
16372
16423
16449
16453
16456
16462
16474
16489
16518
16542
16543
16547
16556
16560
16562
16579
16589
16607
16623
16625
16665
16677
16678
16731
16736
16767
16803
16853
16863
16870
16872
16880
16892
16894
16919
16944
16949
16965
17004
17005
17011
17038
17076
17077
17079
17080
17089
17109
17114
17121
17184
17188
17199
17201
17224
17253
17296
17315
17321
17324
17331
17406
17407
17428
17433
17544
17547
17550
17599
17615
17630
17666
17700
17732
17744
17746
17809
17891
17923
17933
17935
17972
17977
17991
18006
18025
18038
18069
18082
18104
18121
18144
18150
18193
18194
18199
18228
18269
18276
18307
18309
18316
18326
18334
18355
18356
18377
18401
18476
18496
18515
18524
18557
18567
18618
18623
18624
18628
18656
18658
18671
18692
18730
18779
18781
18786
18787
18800
18817
18824
18834
18855
18892
18916
18963
18969
18990
19069
19079
19096
19101
19123
19129
19131
19156
19175
19214
19240
19291
19296
19302
19303
19327
19328
19390
19407
19423
19425
19441
19504
19540
19586
19596
19597
19598
19658
19703
19706
19835
19865
19914
19919
19928
19935
19949
19966
19979
19984
20023
20055
20065
20088
20095
20113
20116
20121
20157
20167
20193
20197
20209
20211
20227
20230
20241
20275
20276
20278
20279
20280
20380
20407
20422
20424
20443
20464
20495
20518
20549
20554
20560
20578
20636
20667
20751
20762
20770
20781
20792
20800
20825
20852
20902
20923
20929
20935
20958
20968
20982
21008
21015
21024
21032
21059
21062
21079
21089
21114
21136
21138
21192
21281
21297
21321
21327
21346
21357
21383
21385
21414
21416
21428
21529
21534
21562
21620
21642
21675
21706
21775
21778
21783
21897
21945
21975
22002
22007
22008
22034
22054
22065
22078
22095
22106
22122
22187
22203
22279
22294
22310
22338
22405
22423
22490
22511
22513
22520
22538
22552
22578
22583
22589
22610
22613
22634
22681
22695
22766
22796
22823
22881
22891
22894
22898
22927
22953
22964
23029
23065
23072
23127
23184
23228
23315
23317
23341
23371
23375
23403
23421
23441
23474
23480
23509
23516
23539
23560
23643
23649
23653
23656
23689
23692
23713
23745
23755
23783
23790
23794
23808
23828
23832
23870
23886
23895
23897
23899
23962
23995
23999
24039
24065
24071
24080
24108
24191
24207
24246
24254
24303
24327
24336
24409
24446
24533
24545
24580
24591
24676
24698
24707
24732
24795
24814
24846
24922
25089
25142
25151
25200
25213
25349
25388
