17
55
119
218
346
366
507
545
550
626
629
842
909
991
1003
1149
1209
1294
1530
1531
1627
1687
1747
1793
1838
1854
1892
1959
2042
2102
2209
2226
2259
2414
2475
2697
2793
2827
2852
2907
3102
3148
3171
3222
3259
3269
3352
3573
3611
3869
4131
4321
4404
4449
4505
4722
4784
4805
4938
4941
5120
5259
5346
5347
5351
5440
5612
5617
5664
5670
6105
6251
6524
6541
6597
6606
6626
6773
6912
7031
7032
7163
7207
7262
7410
7621
7852
7859
7916
7954
8042
8573
8708
8820
8830
8845
8947
9017
9066
9083
9134
9239
9397
9485
9497
9606
9611
9612
9623
9627
9686
9699
9753
9773
9906
9957
9991
10016
10040
10043
10068
10076
10484
10649
10720
10732
11085
11146
11178
11257
11320
11378
11556
11571
11611
11657
11791
11792
11794
11874
11930
11953
11957
11979
12049
12078
12210
12234
12248
12255
12256
12285
12341
12359
12441
12491
12492
12691
12799
12874
12876
12942
12964
12996
13380
13486
13570
13576
13682
13748
13789
13848
13926
14117
14119
14138
14502
14607
14770
15224
15275
15473
15552
15685
15834
16174
16202
16226
16419
16422
16443
16491
16617
16892
16976
16986
17147
17260
17315
17552
17673
17826
17909
18112
18174
18195
18476
18538
18562
18588
18634
18645
18697
18719
19019
19031
19269
19455
19768
19990
20021
20069
20209
20422
20534
20727
20728
20857
20877
20931
21377
21845
21969
22088
22091
22231
22413
22470
22710
22741
22775
22798
23391
23421
23474
23616
23656
23736
23808
24213
24256
24288
25110
25358
