56
58
78
79
87
134
161
162
164
180
232
264
277
280
285
334
339
421
451
471
480
502
513
541
558
560
564
609
617
620
658
704
741
742
763
771
787
796
801
803
804
810
812
820
838
875
883
888
897
924
930
936
951
959
975
996
1009
1031
1065
1073
1080
1091
1097
1124
1127
1139
1140
1194
1208
1212
1261
1268
1273
1299
1323
1361
1439
1440
1444
1462
1479
1497
1518
1535
1544
1558
1564
1569
1597
1600
1627
1628
1655
1719
1720
1742
1771
1781
1785
1832
1845
1873
1876
1888
1890
1897
1944
1945
1952
1956
1979
1996
2016
2042
2048
2050
2073
2083
2102
2115
2116
2119
2169
2177
2191
2206
2229
2258
2259
2260
2271
2275
2276
2281
2285
2293
2294
2297
2308
2318
2344
2376
2406
2414
2421
2432
2438
2448
2452
2462
2470
2482
2490
2499
2518
2540
2549
2556
2559
2567
2574
2578
2586
2599
2619
2625
2662
2669
2674
2684
2689
2715
2720
2766
2772
2777
2782
2796
2810
2863
2886
2907
2908
2921
2927
2938
2995
3014
3041
3118
3125
3153
3187
3204
3258
3269
3281
3283
3304
3305
3373
3382
3401
3494
3495
3509
3517
3518
3548
3550
3553
3572
3592
3601
3611
3635
3644
3647
3663
3673
3708
3711
3730
3753
3777
3794
3800
3801
3803
3805
3806
3808
3814
3817
3850
3873
3888
3889
3901
3922
3938
3943
3971
3976
4026
4027
4109
4175
4182
4187
4193
4199
4208
4228
4229
4236
4248
4249
4258
4276
4293
4300
4302
4331
4346
4353
4367
4371
4384
4385
4405
4406
4418
4446
4503
4509
4513
4536
4543
4556
4572
4603
4645
4658
4669
4692
4699
4706
4759
4761
4766
4783
4854
4859
4868
4885
4924
4936
4937
4950
4971
4975
5001
5019
5052
5076
5089
5094
5110
5158
5194
5203
5209
5210
5237
5264
5283
5311
5323
5335
5350
5365
5371
5379
5404
5412
5418
5419
5429
5480
5484
5489
5516
5519
5529
5534
5537
5538
5540
5585
5586
5596
5603
5639
5656
5679
5694
5707
5745
5759
5773
5779
5788
5793
5810
5817
5824
5833
5837
5844
5848
5860
5880
5907
5909
5985
6004
6046
6063
6079
6099
6100
6115
6144
6147
6174
6198
6224
6239
6250
6252
6261
6265
6266
6280
6298
6306
6324
6352
6395
6403
6420
6456
6467
6500
6526
6541
6559
6563
6590
6600
6603
6629
6652
6664
6665
6669
6694
6697
6698
6729
6739
6773
6807
6921
6937
6941
6957
6962
6973
6978
6993
7022
7026
7063
7078
7081
7093
7117
7167
7265
7266
7294
7320
7345
7367
7382
7383
7394
7406
7407
7418
7437
7442
7462
7475
7476
7535
7570
7609
7636
7639
7707
7727
7728
7759
7799
7859
7873
7885
7916
7929
7944
8019
8029
8030
8032
8039
8041
8042
8077
8086
8089
8148
8182
8185
8190
8197
8208
8225
8230
8254
8255
8278
8295
8296
8347
8385
8387
8397
8451
8469
8475
8488
8529
8561
8593
8597
8611
8619
8630
8661
8754
8861
8862
8868
8870
8874
8877
8926
8963
8966
8974
8979
8991
9016
9017
9029
9030
9037
9047
9062
9137
9165
9168
9181
9199
9210
9271
9276
9305
9324
9331
9382
9405
9406
9411
9419
9420
9431
9439
9447
9473
9520
9552
9557
9559
9568
9571
9604
9623
9624
9625
9626
9634
9646
9654
9671
9683
9694
9698
9714
9754
9783
9838
9850
9874
9885
9888
9890
9906
9908
9991
10016
10017
10018
10035
10043
10082
10102
10103
10113
10121
10156
10165
10169
10181
10187
10194
10228
10244
10259
10278
10313
10325
10354
10366
10387
10427
10428
10436
10461
10502
10503
10508
10536
10571
10601
10612
10618
10619
10622
10713
10714
10727
10731
10751
10786
10906
10911
10921
10947
10991
11003
11042
11069
11074
11083
11134
11140
11165
11181
11191
11215
11234
11256
11257
11304
11315
11326
11331
11333
11335
11345
11444
11466
11469
11476
11487
11490
11497
11502
11504
11506
11592
11638
11656
11710
11714
11730
11735
11750
11792
11820
11838
11843
11849
11853
11876
11935
11944
11952
11979
11984
11992
12028
12056
12059
12065
12077
12078
12080
12118
12157
12166
12178
12180
12238
12274
12275
12291
12306
12352
12364
12404
12418
12443
12480
12487
12491
12492
12504
12507
12509
12510
12523
12553
12563
12613
12621
12645
12663
12669
12672
12697
12700
12746
12785
12806
12838
12923
12944
12949
12998
13000
13020
13091
13093
13098
13121
13141
13168
13204
13230
13259
13260
13272
13339
13363
13369
13398
13414
13422
13430
13452
13468
13517
13544
13553
13555
13570
13577
13604
13613
13617
13637
13642
13649
13653
13659
13713
13718
13723
13759
13766
13806
13809
13859
13862
13899
13929
13936
13968
13978
14011
14036
14046
14051
14057
14063
14076
14090
14142
14206
14238
14239
14242
14283
14296
14301
14303
14314
14329
14367
14395
14414
14417
14425
14455
14463
14472
14473
14486
14488
14502
14513
14523
14529
14530
14532
14558
14572
14613
14622
14685
14690
14698
14713
14728
14748
14752
14771
14787
14809
14819
14834
14872
14878
14892
14907
14911
14962
14969
14993
15004
15016
15062
15072
15140
15146
15149
15155
15170
15188
15201
15233
15238
15266
15302
15319
15338
15345
15347
15357
15374
15403
15420
15449
15459
15476
15479
15547
15561
15648
15652
15671
15688
15689
15695
15716
15721
15723
15729
15744
15792
15834
15857
15892
15913
15919
15935
15942
15949
15961
16013
16023
16032
16084
16093
16118
16163
16192
16224
16226
16268
16272
16298
16323
16349
16395
16396
16424
16431
16488
16505
16518
16519
16526
16528
16576
16577
16579
16606
16634
16660
16690
16693
16712
16736
16741
16799
16845
16853
16872
16879
16894
16939
16949
16951
16956
16975
16979
16992
17004
17018
17040
17070
17073
17101
17110
17125
17152
17180
17185
17213
17228
17252
17270
17276
17290
17301
17308
17330
17331
17401
17435
17447
17449
17516
17527
17597
17601
17640
17646
17683
17714
17719
17764
17799
17818
17851
17853
17871
17889
17910
17932
17944
17982
18020
18036
18112
18141
18144
18173
18176
18223
18228
18259
18276
18305
18309
18326
18333
18335
18355
18356
18403
18407
18429
18436
18444
18446
18492
18493
18496
18507
18513
18519
18524
18555
18569
18587
18602
18619
18623
18628
18630
18631
18656
18713
18730
18757
18809
18849
18860
18899
18908
18916
18943
18990
19032
19116
19123
19156
19197
19288
19298
19328
19373
19393
19438
19455
19463
19599
19615
19742
19831
19845
19854
19902
19916
19918
19920
19922
19976
19977
19995
19997
20009
20023
20088
20093
20119
20120
20145
20176
20183
20209
20215
20217
20238
20242
20258
20278
20280
20321
20348
20388
20398
20407
20441
20446
20450
20482
20520
20529
20547
20555
20559
20584
20590
20647
20667
20674
20684
20714
20716
20722
20728
20742
20751
20778
20781
20878
20882
20929
20935
20959
20961
21017
21024
21057
21059
21108
21114
21154
21245
21250
21257
21258
21275
21281
21314
21333
21377
21383
21389
21416
21424
21467
21479
21546
21622
21627
21681
21696
21702
21752
21809
21814
21885
21893
21937
21938
21965
21967
21975
22000
22007
22021
22034
22054
22072
22078
22088
22139
22151
22165
22169
22224
22236
22244
22254
22257
22271
22368
22413
22422
22444
22494
22516
22575
22576
22610
22615
22691
22725
22730
22766
22770
22802
22836
22853
22903
22921
22927
22979
22981
23009
23015
23032
23065
23080
23096
23127
23145
23228
23230
23315
23354
23358
23389
23391
23403
23460
23471
23493
23532
23545
23615
23624
23643
23645
23673
23678
23692
23699
23705
23726
23751
23799
23807
23897
23899
23913
23943
23958
23981
23995
24053
24097
24119
24207
24213
24235
24256
24287
24300
24304
24306
24307
24325
24366
24383
24390
24400
24402
24429
24507
24539
24608
24732
24738
24768
24776
24846
24908
24936
24960
24963
24978
24990
25101
25109
25110
25200
25204
25213
25259
25311
25378
