5
20
50
52
56
78
81
108
112
113
119
135
155
170
174
179
202
241
302
339
341
349
370
371
385
420
455
488
568
581
582
588
599
606
609
625
673
684
715
741
766
784
798
808
837
846
867
869
896
905
913
926
931
937
941
982
995
1001
1003
1018
1028
1038
1073
1077
1078
1079
1108
1123
1127
1162
1195
1202
1206
1235
1247
1268
1283
1301
1302
1305
1323
1344
1349
1359
1422
1439
1450
1497
1505
1514
1521
1550
1564
1600
1601
1610
1622
1688
1718
1724
1785
1800
1833
1837
1853
1855
1873
1890
1909
1933
1949
1957
1959
1996
2003
2020
2031
2067
2072
2110
2119
2122
2125
2131
2135
2151
2156
2208
2215
2265
2279
2285
2313
2323
2327
2331
2336
2345
2384
2406
2454
2487
2499
2529
2540
2551
2552
2573
2574
2619
2654
2665
2669
2683
2714
2734
2736
2750
2771
2782
2799
2808
2812
2829
2832
2833
2842
2843
2880
2886
2895
2946
2959
2980
3015
3028
3058
3129
3184
3208
3232
3253
3269
3280
3281
3294
3304
3319
3324
3329
3351
3367
3373
3376
3411
3442
3443
3450
3457
3460
3463
3467
3500
3509
3510
3516
3550
3551
3596
3613
3616
3619
3620
3634
3636
3647
3650
3654
3664
3673
3709
3712
3736
3737
3743
3786
3804
3814
3817
3829
3850
3869
3879
3919
3926
3971
4012
4026
4037
4046
4049
4090
4120
4125
4132
4133
4178
4181
4192
4193
4229
4279
4290
4302
4314
4318
4343
4353
4367
4371
4384
4393
4406
4408
4410
4417
4420
4423
4439
4446
4484
4498
4505
4522
4536
4550
4614
4615
4624
4625
4656
4686
4690
4707
4735
4746
4749
4761
4769
4771
4806
4837
4865
4905
4917
4930
4932
4933
4939
4944
4966
4972
4996
5000
5019
5026
5033
5034
5048
5058
5060
5084
5093
5105
5112
5115
5182
5198
5203
5236
5266
5284
5305
5312
5371
5374
5376
5387
5401
5412
5440
5455
5477
5484
5488
5508
5519
5539
5559
5573
5578
5579
5630
5688
5694
5695
5697
5712
5716
5744
5747
5753
5773
5787
5802
5820
5836
5842
5843
5844
5878
5900
5907
5909
5933
5934
5955
5968
5970
5978
5998
6004
6011
6030
6056
6057
6079
6082
6109
6119
6132
6142
6154
6155
6159
6166
6171
6187
6203
6224
6225
6229
6250
6256
6259
6265
6272
6315
6317
6325
6327
6409
6438
6500
6501
6555
6578
6580
6599
6626
6629
6631
6670
6684
6698
6712
6733
6739
6743
6778
6812
6840
6849
6879
6880
6891
6901
6905
6909
6922
6938
6966
6967
7021
7081
7107
7112
7153
7170
7179
7208
7223
7231
7249
7250
7288
7289
7293
7312
7359
7367
7371
7403
7418
7420
7426
7431
7440
7442
7452
7464
7473
7496
7499
7509
7520
7540
7549
7554
7558
7571
7573
7575
7581
7650
7661
7672
7681
7713
7753
7766
7792
7795
7798
7811
7816
7873
7951
7963
7993
8034
8040
8066
8075
8077
8085
8089
8113
8176
8194
8217
8229
8308
8309
8345
8378
8387
8457
8464
8484
8556
8560
8563
8572
8577
8578
8633
8656
8672
8681
8685
8783
8790
8803
8815
8820
8823
8854
8868
8880
8887
8892
8897
9006
9016
9037
9039
9062
9078
9129
9144
9182
9201
9242
9258
9293
9327
9340
9344
9364
9388
9440
9461
9465
9467
9490
9511
9516
9517
9558
9565
9579
9592
9602
9604
9605
9608
9612
9620
9635
9645
9646
9651
9654
9669
9686
9687
9692
9717
9746
9760
9797
9812
9830
9847
9869
9873
9915
10018
10046
10050
10103
10110
10119
10148
10153
10155
10156
10165
10170
10178
10180
10193
10227
10257
10330
10398
10420
10428
10431
10450
10457
10461
10484
10499
10508
10536
10567
10576
10577
10603
10611
10618
10622
10648
10655
10717
10764
10802
10807
10838
10871
10916
10932
10940
10947
10957
10977
10978
11002
11021
11072
11093
11104
11140
11163
11169
11178
11181
11187
11191
11245
11249
11268
11282
11298
11305
11317
11345
11387
11409
11411
11428
11444
11466
11490
11515
11538
11546
11563
11564
11572
11574
11581
11607
11611
11622
11638
11640
11656
11671
11686
11696
11725
11728
11730
11737
11758
11789
11790
11832
11848
11875
11878
11905
11926
11930
11984
12000
12027
12029
12041
12056
12101
12111
12133
12150
12178
12208
12232
12238
12260
12314
12329
12336
12362
12363
12365
12400
12424
12445
12451
12452
12470
12480
12510
12513
12522
12567
12620
12636
12697
12700
12730
12739
12755
12800
12802
12839
12845
12846
12894
12913
12923
12925
12947
12962
12984
12986
12988
13000
13013
13095
13160
13163
13218
13257
13267
13339
13340
13379
13395
13398
13413
13417
13429
13438
13485
13489
13512
13539
13553
13571
13573
13580
13584
13597
13636
13639
13654
13665
13692
13712
13723
13744
13746
13766
13789
13799
13806
13829
13857
13862
13873
13878
13893
13913
13935
13949
13991
14012
14033
14075
14119
14177
14183
14200
14206
14207
14243
14276
14283
14294
14299
14302
14313
14343
14367
14418
14429
14454
14463
14473
14489
14529
14589
14606
14610
14630
14634
14639
14681
14698
14727
14757
14771
14787
14818
14819
14828
14845
14873
14911
14969
15016
15020
15031
15039
15096
15097
15131
15137
15140
15141
15147
15157
15162
15173
15182
15188
15208
15226
15246
15253
15254
15285
15319
15327
15328
15345
15347
15364
15365
15409
15416
15430
15439
15479
15506
15525
15547
15550
15567
15606
15640
15643
15655
15687
15688
15702
15707
15745
15784
15786
15814
15856
15892
15930
15970
16041
16043
16106
16124
16162
16192
16199
16205
16207
16219
16226
16272
16298
16302
16367
16413
16419
16482
16494
16511
16520
16547
16575
16601
16644
16648
16674
16693
16723
16763
16779
16811
16871
16911
16956
16979
17018
17021
17043
17069
17073
17080
17090
17147
17161
17182
17185
17187
17190
17201
17249
17250
17251
17291
17294
17309
17316
17442
17446
17447
17451
17455
17456
17468
17486
17498
17503
17544
17572
17592
17596
17601
17636
17675
17709
17719
17760
17786
17802
17871
17888
17891
17921
17933
17962
17971
17996
18082
18109
18120
18128
18173
18176
18199
18232
18258
18276
18297
18305
18334
18372
18373
18377
18395
18403
18412
18437
18439
18484
18496
18505
18510
18523
18532
18562
18577
18586
18623
18630
18641
18657
18724
18816
18824
18850
18856
18885
18887
18921
18969
18977
18991
19072
19073
19077
19120
19197
19210
19240
19302
19371
19393
19397
19473
19484
19496
19540
19587
19638
19690
19703
19735
19761
19778
19783
19852
19869
19891
19915
19918
19939
19977
20005
20017
20041
20049
20107
20118
20125
20155
20170
20176
20209
20237
20279
20282
20355
20398
20422
20441
20540
20609
20644
20647
20652
20706
20722
20728
20742
20743
20746
20792
20793
20794
20800
20806
20840
20864
20873
20882
20883
20930
20937
20957
20962
20971
20982
20990
20996
21017
21032
21068
21075
21114
21138
21181
21218
21257
21284
21335
21367
21376
21387
21389
21410
21467
21499
21510
21527
21551
21581
21587
21588
21622
21625
21637
21671
21696
21752
21757
21769
21783
21793
21845
21857
21876
21936
21940
21941
21944
21947
21969
21975
22065
22072
22129
22203
22216
22219
22266
22282
22324
22354
22370
22377
22441
22443
22446
22464
22480
22487
22494
22516
22532
22557
22582
22598
22601
22628
22652
22665
22681
22694
22697
22703
22710
22730
22766
22775
22777
22795
22801
22802
22834
22874
22899
22979
23003
23004
23009
23013
23022
23029
23053
23080
23096
23137
23189
23206
23228
23277
23286
23364
23379
23381
23400
23439
23610
23615
23649
23662
23673
23695
23705
23721
23745
23760
23799
23808
23863
23867
23870
23899
23949
23985
23995
24011
24012
24080
24102
24114
24241
24252
24254
24256
24257
24259
24270
24287
24300
24305
24307
24336
24348
24383
24401
24402
24422
24535
24581
24596
24695
24707
24811
24813
24814
24815
25112
25278
25364
25369
25386
