193
267
279
507
597
941
1200
1300
1414
1440
1441
1518
1544
1802
1841
1872
1877
1949
2057
2125
2131
2209
2333
2375
2411
2531
2584
2633
2829
2886
2900
2994
3041
3113
3255
3320
3368
3442
3446
3549
3653
3801
3806
3876
4269
4387
4482
4522
4634
4730
4785
4804
4823
4934
5054
5328
5631
6147
6158
6310
6317
6328
6468
6544
6556
6557
6626
6820
6870
6909
7132
7462
7476
7553
7615
7668
7753
7930
7964
8041
8084
8194
8267
8293
8456
8506
8695
9032
9062
9121
9202
9237
9318
9350
9412
9454
9461
9492
9559
9604
9616
9764
9918
10011
10082
10102
10223
10254
10549
10566
10567
10611
10705
10768
10952
10986
11104
11137
11192
11291
11490
11506
11537
11746
11878
11897
11926
12049
12087
12111
12132
12203
12307
12383
12418
12437
12584
12666
12722
12725
12744
12820
12845
12957
13003
13210
13240
13417
13459
13572
13604
13605
13812
13859
13963
14003
14372
14747
14750
14823
14873
14895
14920
14921
14922
15075
15097
15188
15208
15262
15302
15326
15479
15579
15707
15923
15983
15996
16036
16125
16199
16358
16555
16556
16583
16634
16860
16949
17152
17249
17435
17955
17982
18104
18208
18267
18511
18543
18569
18587
18623
18656
18704
18712
18859
18891
19250
19483
19555
19791
19835
19845
20144
20152
20270
20321
20391
20445
20573
20778
20930
20954
20960
21031
21205
21297
21487
21510
21622
21892
21937
22005
22091
22470
22575
22636
22744
22917
22979
23138
23403
23539
23633
23990
23993
24001
24191
24307
24400
24488
24583
24707
24896
25126
