48
208
406
562
581
838
854
920
1044
1045
1073
1267
1288
1304
1361
1372
1478
1518
1530
1564
1601
1756
1821
1837
1898
2117
2131
2312
2376
2462
2572
2709
2751
2759
2766
2769
3148
3201
3495
3508
3518
3629
3651
3803
3911
3946
3962
4229
4239
4285
4304
4322
4492
4585
4707
4785
4808
4838
4859
4914
4932
4968
5043
5120
5224
5235
5477
5529
5636
5788
5837
5868
6006
6227
6292
6409
6462
6501
6557
6629
6770
6825
7026
7040
7116
7176
7221
7222
7336
7610
7817
7944
8032
8186
8296
8302
8344
8636
8760
8851
8884
8902
8959
9078
9144
9203
9387
9420
9459
9490
9589
9624
9764
9806
9822
9988
10011
10110
10131
10180
10420
10519
10536
10566
10611
10623
10635
10639
10761
10821
10880
11210
11315
11422
11465
11538
11591
11817
11855
11964
12049
12072
12261
12285
12291
12379
12416
12531
12691
13070
13163
13210
13552
13683
13925
13963
14145
14156
14268
14299
14404
14462
14572
14761
14762
14774
14869
15071
15151
15230
15253
15312
15360
15667
15688
15729
15951
15976
16084
16181
16206
16295
16395
16504
16544
16608
16690
16731
16808
16891
17154
17180
17219
17634
17710
17743
17793
17809
17818
17853
17922
18042
18059
18084
18227
18356
18463
18511
18581
18656
18671
18697
18887
18936
18963
19093
19146
19198
19321
19498
19513
19634
19857
19929
20144
20415
20424
20454
20636
20811
20840
20937
21119
21167
21780
22187
22303
22636
22725
22964
23029
23069
23127
23317
23524
23673
23814
24071
24186
24908
25084
25112
25125
25405
