6
20
426
455
568
580
782
816
920
927
951
1004
1063
1139
1268
1324
1372
1558
1624
1643
1688
1763
1792
1821
1995
2173
2296
2382
2453
2509
2520
2607
2725
2736
2862
2921
2936
3014
3143
3161
3295
3456
3549
3777
3808
3876
3897
3959
3970
4027
4131
4132
4187
4268
4269
4322
4384
4390
4410
4425
4518
4599
4624
4735
4746
4752
4754
5003
5105
5120
5194
5278
5419
5647
5760
5880
6011
6155
6478
6558
6674
6698
6739
6782
6807
6861
6903
6979
6987
7098
7115
7362
7383
7406
7578
8383
8565
8859
8981
9080
9142
9229
9234
9511
9556
9635
10129
10173
10386
10418
10505
10542
10546
10664
10726
10748
10802
10925
11015
11050
11155
11212
11256
11412
11452
11492
11556
11581
11593
11674
11730
11800
11809
11819
12291
12314
12331
12343
12361
12363
12519
12688
12844
12894
12909
12988
13169
13235
13262
13552
13814
13857
13912
14243
14283
14543
14679
14707
14917
14934
15065
15308
15559
15643
15849
15983
16073
16167
16357
16376
16395
16453
16570
16632
16767
16770
16940
16987
17147
17187
17405
17468
17666
17922
17951
18007
18108
18158
18183
18355
18394
18681
18685
18943
19006
19025
19031
19032
19096
19155
19295
19393
19433
19474
19533
19687
19918
20019
20214
20215
20237
20278
20396
20437
20484
20555
20695
20722
20971
20990
21064
21238
21713
21809
21873
21892
21946
22023
22113
22187
22254
22297
22324
22444
22461
22610
22979
23509
23527
23582
23813
23944
23973
24194
24269
24288
24425
24545
24580
24776
24834
24874
24936
25268
