0
2
12
26
45
47
70
74
80
82
83
87
91
116
146
150
156
174
198
202
236
275
277
281
332
357
370
372
402
411
413
432
443
447
451
455
471
487
497
501
503
509
511
521
525
549
565
567
577
593
611
617
631
637
651
663
671
673
681
683
691
695
729
735
741
745
747
749
765
773
791
805
809
815
817
831
837
839
845
849
867
901
903
909
911
916
934
939
947
969
975
1000
1001
1003
1009
1015
1023
1031
1035
1041
1060
1062
1070
1076
1084
1090
1103
1107
1109
1123
1131
1137
1139
1143
1151
1163
1167
1177
1183
1185
1191
1193
1207
1215
1233
1251
1263
1267
1287
1319
1327
1333
1341
1392
1396
1407
1412
1421
1427
1434
1448
1450
1459
1466
1468
1476
1480
1496
1500
1514
1518
1528
1552
1558
1560
1564
1566
1574
1576
1582
1598
1602
1616
1635
1637
1661
1687
1709
1711
1735
1741
1745
1757
1761
1763
1767
1783
1789
1795
1805
1868
1879
1888
1902
1905
1909
1917
1921
1927
1948
1952
1954
1962
1964
1973
1983
1987
1994
1996
1999
2018
2019
2023
2027
2033
2045
2049
2051
2062
2064
2068
2076
2078
2080
2084
2088
2096
2098
2116
2118
2120
2122
2135
2195
2201
2208
2218
2242
2296
2320
2322
2338
2339
2350
2359
2361
2365
2378
2382
2383
2391
2395
2406
2423
2429
2439
2458
2462
2492
2494
2501
2537
2546
2558
2569
2589
2591
2603
2611
2619
2626
2638
2642
2656
2670
2684
2693
2697
2699
2729
2757
2768
2769
2807
2817
2855
2878
2885
2887
2895
2903
2904
2911
2917
2927
2939
2955
2963
2972
2986
2988
3000
3001
3006
3010
3014
3015
3024
3029
3059
3060
3074
3093
3097
3121
3125
3136
3154
3174
3184
3192
3197
3200
3210
3212
3252
3265
3286
3294
3300
3312
3320
3322
3332
3347
3357
3396
3398
3402
3406
3418
3450
3452
3455
3457
3458
3459
3464
3466
3468
3480
3490
3494
3506
3523
3530
3532
3536
3556
3594
3610
3612
3616
3621
3622
3638
3648
3665
3669
3675
3707
3710
3728
3739
3741
3745
3772
3785
3787
3802
3809
3814
3819
3821
3827
3839
3841
3844
3858
3863
3865
3874
3878
3889
3891
3902
3906
3908
3920
3931
3936
3937
3940
3945
3959
3966
3981
3992
3998
3999
4000
4002
4003
4015
4021
4025
4043
4049
4051
4075
4081
4102
4103
4106
4109
4117
4143
4155
4171
4173
4175
4195
4203
4213
4245
4249
4251
4259
4262
4268
4274
4275
4278
4296
4298
4306
4318
4330
4340
4350
4352
4356
4358
4360
4370
4399
4428
4447
4467
4473
4475
4493
4497
4499
4510
4513
4523
4527
4529
4538
4548
4555
4556
4562
4567
4578
4588
4609
4614
4626
4628
4637
4640
4653
4666
4677
4689
4704
4718
4726
4737
4743
4778
4789
4800
4805
4810
4830
4839
4850
4868
4873
4875
4877
4881
4887
4907
4911
4932
4934
4935
4939
4940
4947
4949
4951
4953
4954
4957
4958
4996
4997
5000
5006
5010
5044
5060
5068
5072
5074
5084
5102
5116
5129
5141
5143
5157
5164
5180
5190
5191
5197
5203
5216
5221
5226
5252
5285
5286
5292
5295
5307
5309
5317
5331
5333
5348
5356
5363
5371
5374
5376
5383
5386
5390
5395
5403
5406
5411
5420
5428
5436
5437
5438
5444
5447
5452
5460
5465
5466
5475
5479
5491
5495
5497
5499
5501
5515
5522
5529
5536
5540
5543
5573
5575
5579
5593
5601
5619
5621
5627
5629
5631
5641
5653
5673
5675
5697
5705
5732
5744
5750
5752
5754
5770
5780
5788
5816
5829
5831
5849
5873
5879
5898
5907
5926
5946
5952
5956
5966
5970
5986
5992
5996
6000
6021
6033
6037
6056
6062
6075
6077
6091
6095
6107
6108
6126
6129
6146
6154
6166
6167
6191
6199
6205
6211
6213
6218
6222
6233
6257
6259
6260
6262
6269
6280
6283
6293
6300
6306
6308
6311
6320
6326
6329
6351
6353
6359
6369
6373
6402
6410
6413
6417
6421
6438
6440
6446
6469
6471
6475
6485
6489
6495
6497
6503
6515
6541
6544
6548
6566
6568
6578
6581
6587
6591
6595
6599
6601
6611
6624
6643
6647
6651
6663
6668
6672
6674
6700
6704
6706
6718
6738
6750
6753
6754
6758
6765
6770
6809
6817
6818
6830
6836
6839
6843
6855
6860
6874
6886
6888
6890
6921
6923
6933
6943
6961
6984
6988
7000
7002
7005
7011
7018
7038
7040
7062
7064
7076
7080
7087
7089
7107
7113
7114
7121
7127
7137
7144
7164
7198
7217
7228
7246
7251
7255
7272
7288
7292
7304
7307
7320
7325
7328
7330
7342
7344
7346
7356
7362
7367
7383
7386
7396
7406
7410
7414
7424
7436
7438
7446
7451
7468
7488
7490
7508
7511
7540
7544
7545
7550
7567
7569
7576
7583
7598
7663
7677
7682
7687
7691
7695
7711
7713
7731
7737
7739
7741
7746
7752
7756
7781
7787
7799
7801
7807
7834
7838
7861
7863
7873
7878
7879
7892
7896
7911
7923
7934
7940
7952
7953
7957
7962
7964
7966
7968
7982
7983
7986
7989
7990
7995
8010
8020
8026
8036
8038
8042
8054
8063
8065
8071
8079
8081
8084
8085
8100
8104
8105
8108
8110
8114
8131
8140
8141
8144
8145
8147
8151
8158
8173
8202
8204
8231
8233
8238
8276
8277
8279
8285
8286
8307
8309
8313
8315
8323
8330
8332
8343
8348
8355
8371
8381
8395
8399
8411
8415
8427
8444
8448
8458
8473
8481
8485
8487
8490
8511
8528
8532
8546
8566
8569
8588
8595
8611
8625
8629
8651
8653
8655
8679
8682
8686
8698
8703
8704
8707
8716
8724
8730
8734
8748
8776
8784
8788
8821
8832
8841
8850
8856
8857
8864
8872
8884
8892
8900
8907
8915
8917
8923
8928
8931
8933
8940
8953
8954
8968
8970
8978
8982
8984
8995
9005
9006
9007
9015
9017
9023
9029
9042
9052
9061
9063
9076
9080
9082
9095
9098
9109
9110
9121
9125
9127
9135
9139
9141
9149
9151
9153
9161
9162
9164
9170
9177
9189
9197
9199
9201
9203
9211
9219
9230
9255
9263
9271
9285
9287
9303
9317
9328
9331
9349
9353
9355
9356
9365
9368
9371
9386
9400
9409
9413
9414
9415
9416
9420
9422
9424
9427
9435
9440
9454
9463
9467
9475
9482
9485
9486
9502
9503
9504
9510
9532
9538
9540
9545
9560
9563
9564
9567
9569
9579
9596
9600
9605
9619
9627
9637
9649
9651
9670
9676
9692
9708
9730
9735
9736
9740
9746
9750
9754
9773
9775
9779
9781
9807
9826
9835
9839
9849
9853
9857
9865
9867
9878
9882
9884
9895
9899
9903
9910
9912
9914
9923
9931
9941
9945
9973
10009
10034
10044
10048
10052
10058
10074
10082
10090
10102
10106
10113
10117
10142
10144
10158
10163
10165
10191
10209
10213
10219
10235
10247
10249
10254
10261
10272
10273
10276
10277
10278
10280
10295
10298
10300
10303
10304
10314
10318
10333
10367
10419
10424
10427
10429
10456
10498
10499
10524
10526
10532
10573
10581
10586
10590
10592
10594
10621
10623
10640
10652
10681
10686
10698
10705
10710
10744
10746
10758
10774
10780
10784
10806
10812
10817
10823
10828
10846
10847
10851
10852
10861
10869
10874
10888
10908
10919
10944
10949
10961
10965
10979
10986
10990
10996
11006
11010
11018
11020
11026
11034
11043
11045
11049
11052
11053
11061
11067
11069
11083
11085
11094
11098
11104
11108
11110
11112
11123
11136
11139
11145
11151
11164
11166
11183
11185
11206
11215
11217
11227
11232
11236
11256
11284
11307
11322
11327
11330
11336
11343
11349
11358
11374
11384
11395
11399
11409
11413
11421
11428
11437
11440
11453
11470
11478
11487
11492
11507
11510
11514
11515
11522
11543
11546
11561
11577
11593
11609
11619
11623
11663
11675
11677
11695
11699
11713
11719
11743
11750
11764
11768
11778
11787
11789
11817
11821
11826
11848
11856
11860
11872
11884
11898
11903
11916
11920
11927
11931
11933
11939
11941
11947
11949
11954
11960
11962
11978
11980
11987
11990
11993
12005
12007
12011
12015
12026
12027
12042
12050
12066
12070
12074
12086
12102
12111
12112
12124
12135
12154
12158
12162
12174
12178
12180
12182
12199
12200
12219
12221
12223
12232
12236
12240
12242
12258
12260
12264
12276
12290
12294
12339
12341
12352
12370
12388
12394
12402
12410
12416
12424
12432
12442
12456
12462
12466
12468
12488
12490
12495
12497
12508
12510
12528
12531
12565
12573
12575
12592
12602
12604
12609
12619
12637
12650
12654
12669
12673
12683
12690
12693
12701
12707
12713
12736
12740
12751
12772
12800
12802
12809
12811
12882
12883
12887
12907
12913
12973
12986
13014
13041
13052
13059
13071
13096
13099
13128
13136
13148
13163
13188
13195
13240
13260
13290
13292
13355
14136
14176
14189
14310
14359
14360
14374
14395
14425
14440
14502
14503
14571
14605
14627
14641
14663
14688
14694
14715
14733
14734
14920
14942
14963
15077
15137
15144
15256
15261
15299
15350
15354
15355
15427
15494
15507
15583
15667
15689
15719
15775
15919
15920
15949
16009
16122
16123
16144
16165
16213
16219
16225
16249
16256
16258
16340
16397
16402
16456
16492
16555
16558
16574
16620
16708
16777
16778
16846
16869
16904
17020
17342
17388
17404
17405
17408
17409
17445
18493
18672
18679
18728
18838
18928
18979
19103
19246
19252
19259
19262
19264
19266
19277
19280
19282
19293
19295
19297
19306
19311
19318
19319
19320
19358
19368
19377
19399
19412
19415
19434
19460
19492
19521
19623
20359
20417
20431
20488
20555
20576
20597
20634
20635
20636
20657
20667
20675
20676
20678
20685
20687
20706
20707
20715
20725
20726
20729
20735
20737
20743
20745
20755
20926
20966
20968
20973
20994
21019
21025
21031
21043
21074
21080
21084
21096
21124
21132
21148
21384
21399
21400
21437
21459
21481
21516
21529
21552
21553
21622
21633
21670
21700
21856
21859
21888
21968
21976
21991
22031
22040
22046
22062
22066
22067
22084
22099
22136
22171
22172
22192
22215
22224
22257
22266
22280
22307
22317
22322
22387
22393
22484
22533
22581
22584
22615
22620
22626
22734
22744
22758
22771
22832
22838
22883
22886
22953
22958
22963
23121
23153
23176
23199
23218
23236
23243
23281
23287
23293
23304
23331
23336
23347
23370
23380
23382
23473
23476
23515
23517
23563
23564
23569
23581
23625
23635
23641
23693
23745
23774
23847
23857
23860
23906
23969
23970
24030
24038
24042
24043
24052
24077
24099
24128
24141
24168
24203
24204
24249
24267
24276
24284
24285
24290
24304
24317
24337
24341
24462
24521
24603
24634
24640
24643
24755
24767
24778
24848
24904
24932
24953
25275
25281
25294
25308
25350
25359
25369
25376
25383
25428
25572
25723
25725
25734
25754
25768
25770
25776
25789
25794
25798
25808
25815
25836
25842
25843
25922
25927
25929
25936
25937
25961
25968
25994
26008
26027
26038
26060
26130
26149
26155
26196
26202
26207
26240
26260
26306
26308
26309
26312
26346
26354
26364
26389
26473
26488
26643
26646
26669
26677
26699
26732
26742
26778
26844
26863
26881
26884
26887
26897
26899
26924
26937
26946
26948
26955
26969
26971
26973
26981
26985
27002
27008
27011
27017
27027
27033
27036
27046
27075
27079
27096
27143
27144
27164
27223
27236
27285
27286
27290
27298
27345
27356
27366
27406
27423
27425
27445
27458
27472
27520
27549
27568
27613
27616
27624
27634
27671
27673
27733
27760
27773
27795
27820
27836
27851
27868
27887
27889
27890
27892
27905
27937
27958
27975
28001
28002
28049
28078
28084
28089
28097
28103
28110
28112
28113
28136
28137
28174
28201
28226
28258
28279
28321
28339
28412
28485
28486
28499
28501
28507
28509
28514
28548
28549
28674
28723
28768
28794
28800
28804
28812
28813
28816
28823
28844
28850
28867
28895
28914
28942
28972
28989
29008
29011
29012
29037
29053
29083
29147
29165
29301
29303
29308
29325
29339
29464
29473
29477
29494
29559
29611
29640
29788
29789
29790
29794
29889
29927
29968
29970
29974
29979
29994
30001
30027
30039
30093
30111
30118
30130
30142
30157
30158
30177
30205
30236
30241
30245
30248
30256
30257
30346
30347
30349
30353
30354
30390
30430
30433
30442
30470
30472
30475
30476
30481
30490
30492
30505
30520
30535
30536
30537
30557
30585
30593
30625
30627
30674
30678
30685
30688
30777
30778
30818
30910
30926
30944
30953
30983
30988
31002
31033
31083
31117
31194
31197
31198
31259
31268
31328
31359
31436
31441
31447
31452
31460
31467
31468
31584
31631
31643
31647
31686
31690
31712
31748
31766
31789
31831
31870
31888
31895
31932
31949
31960
31962
31965
31970
31973
32025
32466
32536
32556
32566
32594
32640
33129
33141
33142
33181
33209
33212
33216
33250
33252
33259
33264
33286
33324
33359
33416
33460
33468
33478
33567
33613
33615
33634
33636
33638
33676
33680
33803
33807
33869
33917
34007
34010
34141
34180
34296
34298
34299
34496
34536
34823
34930
34967
34970
35043
35261
35272
35633
35677
35678
35710
35713
35717
35727
35736
35749
35754
35755
35767
35768
35791
35811
35819
35834
35850
35902
35903
35906
35907
35909
35911
35914
35985
35992
35993
36002
36076
36081
36082
36119
36121
36123
36125
36126
36128
36130
36142
36160
36161
36162
36232
36233
36257
36293
36316
36492
36518
36519
36521
36524
36533
36760
36772
36906
37464
37718
37734
37838
37879
37880
37885
37895
37918
37927
37929
38009
38011
38013
38014
38169
38267
38305
38306
38545
38591
38826
38827
38882
38902
38906
38907
39287
39343
39366
39384
39389
39448
39462
39532
39543
39558
39613
39615
39630
39633
39644
39679
40073
40074
40140
40184
40214
40320
40362
40369
40408
40438
40613
40626
40633
40668
40688
40692
40768
40772
40791
40792
40809
40814
40816
40820
40823
40824
40825
40834
40835
40843
40906
40940
40962
40963
40991
40997
41050
41059
41060
41063
41119
41121
41123
41130
41136
41137
41150
41156
41172
41180
41189
41217
41254
41255
41276
41281
41310
41319
41320
41327
41335
41338
41357
41377
41419
41427
41458
41486
41509
41510
41511
41514
41531
41551
41552
41553
41558
41559
41578
41579
41580
41587
41609
41612
41613
41631
41635
41637
41638
41651
41670
41672
41676
41686
41687
41692
41700
41701
41718
41719
41727
41730
41731
41740
41748
41756
41772
41777
41782
41789
41797
41801
41816
41820
41824
41839
41843
41847
41850
41851
41857
41873
41881
41883
41940
41942
41951
41955
41965
41975
41983
41990
41991
41994
41999
42005
42023
42029
42033
42034
42037
42047
42051
42052
42062
42091
42101
42123
42135
42161
42197
42211
42231
42248
42249
42253
42279
42287
42288
42307
42311
42325
42346
42358
42363
42394
42400
42415
42445
42450
42455
42459
42473
42556
42561
42562
42580
42582
42596
42603
42616
42622
42628
42631
42632
42643
42644
42651
42661
42669
42705
42708
42714
42722
42726
42733
42748
42751
42768
42770
42791
42796
42801
42815
42821
42823
42834
42836
42841
42842
42843
42884
42890
42891
42892
42906
42908
42911
42917
42918
42934
42935
42952
42960
42974
43023
43028
43029
43035
43053
43104
43105
43109
43143
43218
43235
43237
43274
43326
43327
43343
43371
43388
43389
43450
43487
43524
43606
43612
43652
43726
43763
43774
43777
43813
43832
43833
43837
43891
43910
43968
44041
44068
44087
44106
44108
44118
44133
44148
44204
44207
44253
44283
44292
44301
44310
44316
44381
44388
44392
44395
44435
44440
44459
44460
44465
44548
44556
44575
44586
44593
44596
44598
44603
44614
44650
44671
44692
44723
44724
44725
44748
44755
44766
44771
44772
44789
44790
44791
44797
44802
44807
44812
44822
44826
44829
44830
44845
44854
44857
44860
44866
44868
44869
44889
44901
44933
44935
44947
44955
44960
44962
44967
44968
44977
45014
45049
45101
45108
45110
45131
45142
45151
45358
45507
45565
45574
45575
45585
45665
45669
45707
45712
45730
45780
45792
45983
46125
46127
46133
46160
46179
46215
46231
46255
46256
46264
46279
46290
46291
46292
46302
46310
46329
46355
46356
46357
46363
46367
46368
46371
46373
46374
46380
46397
46400
46408
46410
46429
46433
46439
46452
46467
46480
46487
46494
46500
46506
46508
46510
46512
46514
46516
46522
46526
46552
46598
46600
46606
46608
46617
46629
46647
46650
46676
46719
46734
46741
46758
46759
46803
46813
46817
46855
46872
46969
46976
47013
47052
47102
47175
47297
47301
47323
47342
47349
47371
47372
47419
47421
47422
47444
47459
47473
47560
48140
48144
48149
48151
48157
48385
48429
48435
48442
48445
48469
48489
48492
48497
48501
48506
48507
48515
48518
48519
48560
48628
48640
48731
48741
48746
48766
48776
48782
48848
48862
48919
48927
48928
49022
49025
49147
49153
49154
49164
49180
49181
49460
49471
49569
49585
50910
51303
51305
51391
51395
51955
52426
53131
53335
53372
53494
53499
53507
53510
53511
53512
53532
53547
53548
53559
53567
53568
53572
53574
53579
53590
53600
53635
53646
53652
53653
53679
53680
53773
53841
53848
54154
54157
54158
54160
54163
54166
