22
74
112
218
253
255
436
469
509
533
537
643
749
759
765
849
897
905
924
975
1031
1107
1249
1291
1303
1360
1405
1421
1487
1510
1608
1649
1753
1846
1940
2058
2068
2080
2092
2165
2173
2284
2286
2338
2391
2496
2585
2652
2689
2787
2800
2857
2904
2987
2988
3112
3206
3310
3470
3486
3512
3532
3536
3582
3776
3845
3920
3938
4033
4110
4229
4268
4290
4392
4431
4445
4511
4566
4569
4571
4609
4630
4651
4653
4712
4747
4752
4761
4798
4923
4981
5018
5030
5044
5084
5135
5153
5206
5234
5246
5262
5300
5344
5400
5412
5508
5579
5619
5635
5661
5685
5855
5920
5978
6000
6016
6095
6187
6225
6338
6365
6402
6487
6626
6688
6712
6824
6868
7016
7044
7145
7164
7182
7186
7208
7251
7257
7260
7348
7390
7425
7429
7437
7544
7550
7603
7609
7721
7808
7811
7827
7849
7884
7911
8105
8151
8173
8182
8216
8245
8251
8346
8347
8371
8458
8490
8546
8578
8580
8597
8651
8684
8718
8766
8794
8807
8826
8835
8872
8934
8938
8960
8976
9103
9127
9131
9151
9215
9234
9246
9422
9444
9469
9490
9520
9551
9566
9591
9595
9608
9617
9622
9674
9706
9721
9728
9742
9763
9805
9903
9908
10046
10098
10289
10323
10380
10390
10530
10534
10604
10634
10679
10715
10918
10961
11018
11077
11129
11207
11336
11345
11444
11483
11500
11653
11733
11812
11866
11874
11918
11937
11989
12023
12115
12132
12139
12144
12185
12442
12497
12514
12535
12583
12597
12611
12686
12688
12693
12729
12769
12773
12805
12911
12916
13045
13086
13148
13191
13268
13288
14176
14727
14826
14905
15350
15458
15638
15774
15804
15833
16009
16023
16058
16957
17020
17268
17413
18941
19158
19160
19297
19326
19335
19623
20594
20771
20963
21064
21066
21073
21574
21805
21888
22032
22408
22505
22709
22814
22824
22841
22945
23159
23254
23285
23297
23300
23346
23353
23354
23413
23438
23503
23566
23637
23775
23846
23956
23971
24169
24204
24459
24479
24594
24609
24741
24767
24815
25264
25312
25376
25815
25817
25991
26101
26246
26301
26347
26662
26669
26671
26768
26874
26885
27120
27158
27289
27344
27451
27625
27703
27852
27868
27910
28085
28168
28239
28479
28490
28511
28878
28925
29023
29301
29308
29474
29485
29543
29564
30078
30116
30349
30481
30492
30496
30497
30511
30585
30764
30778
30815
31019
31392
31435
31458
31772
31910
32580
32779
32841
32865
33220
33221
33460
33489
33680
33807
34010
34962
35043
35506
35683
35707
35791
35851
36002
36078
36083
36130
36132
36228
36293
36474
36570
39166
39434
39447
39659
40090
40327
40625
40821
40823
40869
40963
41056
41152
41174
41199
41254
41323
41469
41548
41552
41638
41677
41708
41722
41740
41762
41778
41785
41943
41963
41969
41983
41990
42041
42216
42253
42257
42278
42298
42450
42603
42667
42732
42783
42820
42831
42865
42885
42896
42919
43029
43234
43368
43524
43552
43832
44076
44108
44231
44247
44283
44388
44410
44517
44537
44613
44731
44748
44855
44860
44862
44877
44896
44951
44963
44980
45065
45100
45125
45618
45677
45722
46314
46329
46364
46399
46422
46428
46439
46441
46448
46449
46457
46458
46462
46490
46505
46546
46553
46617
46626
46839
47013
47102
47368
48140
48330
48446
48482
48521
48746
48770
48917
49153
49164
49181
49470
53492
53560
53561
53612
