16
22
26
47
63
70
72
74
87
91
93
95
108
118
124
144
150
152
156
176
184
189
194
204
206
214
220
232
257
259
281
290
294
298
302
304
308
322
325
328
338
372
377
381
384
388
398
403
409
419
425
461
463
480
499
515
523
557
569
577
579
583
585
589
593
599
619
637
665
677
679
685
689
691
697
713
715
731
735
771
775
785
793
805
813
815
817
829
841
859
861
867
871
885
887
897
901
905
907
918
922
926
937
947
957
959
969
981
989
999
1019
1094
1099
1111
1121
1139
1143
1155
1181
1191
1195
1221
1225
1251
1303
1321
1323
1329
1331
1335
1350
1372
1379
1381
1385
1389
1392
1393
1394
1411
1421
1428
1440
1441
1457
1467
1472
1481
1482
1483
1490
1491
1497
1498
1503
1518
1522
1524
1530
1532
1542
1562
1592
1610
1641
1649
1667
1669
1699
1705
1719
1739
1743
1747
1753
1755
1759
1763
1765
1801
1802
1812
1824
1836
1838
1842
1854
1879
1881
1890
1903
1904
1915
1921
1923
1938
1946
1947
1959
1969
1971
1990
1997
2003
2023
2031
2037
2041
2055
2076
2088
2096
2114
2145
2157
2159
2163
2165
2177
2191
2199
2217
2220
2234
2250
2256
2262
2275
2281
2293
2300
2339
2351
2352
2363
2368
2380
2385
2397
2401
2411
2447
2453
2460
2477
2482
2501
2513
2542
2550
2556
2593
2599
2603
2621
2626
2627
2638
2640
2646
2668
2672
2682
2684
2697
2701
2703
2705
2713
2719
2733
2744
2769
2779
2781
2783
2787
2790
2803
2805
2815
2835
2837
2849
2851
2855
2865
2871
2878
2883
2900
2917
2923
2933
2941
2943
2947
2967
3011
3014
3017
3022
3027
3036
3053
3067
3069
3072
3078
3087
3091
3095
3101
3103
3105
3123
3125
3133
3148
3171
3184
3186
3190
3208
3218
3221
3223
3252
3265
3266
3274
3286
3306
3320
3324
3351
3353
3361
3370
3374
3384
3388
3402
3410
3418
3422
3426
3444
3454
3455
3461
3474
3492
3494
3498
3500
3506
3512
3520
3536
3542
3546
3576
3592
3605
3610
3621
3634
3636
3646
3656
3663
3665
3669
3675
3685
3694
3705
3710
3714
3718
3739
3764
3785
3811
3812
3814
3818
3827
3830
3858
3860
3899
3914
3916
3936
3937
3945
3953
3963
3970
3976
3978
3997
4007
4015
4039
4067
4071
4073
4075
4085
4091
4117
4125
4137
4149
4155
4159
4175
4177
4183
4209
4211
4242
4253
4261
4264
4278
4280
4282
4288
4292
4298
4300
4308
4345
4354
4372
4374
4384
4386
4403
4414
4418
4437
4443
4479
4499
4501
4518
4525
4534
4547
4561
4570
4591
4593
4595
4596
4598
4605
4607
4609
4616
4619
4624
4628
4641
4642
4645
4647
4663
4665
4677
4679
4688
4690
4695
4700
4708
4710
4714
4754
4759
4771
4774
4777
4791
4804
4819
4820
4833
4839
4841
4845
4847
4853
4855
4860
4865
4874
4877
4883
4889
4891
4899
4903
4905
4907
4909
4911
4913
4915
4923
4934
4939
4948
4949
4963
4969
4979
4995
4996
4999
5012
5024
5068
5080
5114
5137
5156
5172
5177
5202
5220
5252
5256
5275
5284
5285
5312
5325
5337
5339
5370
5375
5380
5382
5384
5393
5396
5398
5400
5402
5412
5414
5422
5428
5434
5449
5454
5457
5467
5469
5489
5496
5512
5521
5534
5559
5569
5579
5597
5627
5633
5643
5647
5677
5679
5685
5695
5697
5715
5719
5720
5724
5728
5732
5742
5746
5752
5760
5778
5780
5798
5804
5814
5825
5835
5869
5889
5891
5901
5906
5910
5942
5944
5950
5958
5960
5968
5986
5988
5994
5996
6002
6008
6027
6037
6069
6083
6089
6105
6108
6110
6113
6144
6152
6154
6166
6194
6203
6211
6214
6222
6225
6227
6228
6235
6237
6241
6249
6296
6322
6326
6343
6347
6351
6353
6366
6371
6373
6377
6386
6393
6400
6404
6413
6418
6419
6425
6436
6449
6460
6463
6466
6471
6485
6526
6550
6575
6579
6603
6611
6615
6622
6624
6632
6698
6700
6716
6718
6736
6740
6742
6744
6752
6753
6760
6766
6786
6805
6810
6812
6850
6859
6864
6876
6877
6920
6927
6947
6955
6957
6963
6967
6969
6977
6983
6990
7006
7010
7018
7034
7045
7047
7059
7062
7082
7083
7086
7087
7093
7109
7151
7170
7172
7174
7198
7202
7204
7206
7211
7214
7216
7217
7231
7235
7240
7242
7252
7270
7271
7275
7281
7284
7302
7305
7307
7312
7314
7316
7326
7332
7344
7362
7365
7368
7379
7384
7385
7396
7399
7403
7404
7414
7415
7423
7431
7467
7490
7500
7511
7518
7524
7531
7545
7551
7559
7565
7572
7573
7574
7582
7590
7593
7605
7627
7641
7646
7659
7664
7665
7683
7693
7697
7703
7715
7718
7729
7764
7774
7777
7783
7795
7807
7808
7821
7827
7828
7832
7836
7867
7871
7875
7879
7884
7888
7896
7908
7913
7919
7938
7944
7946
7953
7964
7967
7971
7978
7988
7991
8002
8018
8033
8038
8067
8069
8071
8073
8088
8102
8108
8117
8127
8131
8137
8139
8156
8172
8178
8186
8192
8202
8210
8214
8215
8219
8238
8242
8245
8248
8252
8266
8275
8277
8278
8283
8288
8289
8290
8323
8326
8343
8363
8373
8374
8414
8430
8444
8453
8455
8459
8461
8480
8482
8487
8497
8505
8512
8522
8526
8532
8537
8552
8573
8580
8590
8603
8613
8623
8642
8646
8650
8651
8659
8661
8670
8679
8708
8710
8730
8734
8736
8750
8756
8758
8762
8784
8790
8807
8813
8826
8832
8841
8861
8862
8865
8866
8884
8888
8900
8907
8913
8921
8928
8930
8938
8943
8948
8955
8960
8962
8964
8966
8989
8992
8994
8996
9005
9017
9019
9027
9031
9050
9053
9063
9072
9075
9085
9087
9101
9104
9105
9117
9124
9129
9139
9145
9150
9153
9180
9187
9195
9197
9199
9208
9211
9219
9220
9226
9236
9252
9259
9261
9313
9324
9326
9333
9355
9412
9414
9420
9427
9428
9432
9436
9446
9461
9462
9467
9471
9492
9518
9524
9536
9544
9546
9553
9555
9563
9575
9576
9578
9579
9585
9587
9590
9598
9605
9619
9622
9623
9627
9631
9645
9654
9660
9672
9678
9682
9710
9732
9758
9759
9761
9763
9769
9771
9773
9775
9783
9793
9803
9820
9828
9835
9839
9849
9859
9865
9871
9880
9886
9899
9905
9906
9910
9912
9919
9925
9949
9953
9960
9982
9988
9991
10009
10028
10034
10036
10040
10078
10095
10120
10134
10163
10165
10169
10177
10179
10187
10193
10203
10205
10207
10237
10251
10257
10264
10272
10285
10286
10296
10303
10314
10316
10327
10332
10346
10352
10354
10356
10358
10362
10372
10374
10380
10386
10397
10399
10404
10421
10423
10430
10443
10447
10452
10458
10468
10469
10472
10474
10503
10511
10517
10526
10528
10536
10551
10557
10571
10596
10598
10600
10604
10611
10632
10643
10650
10662
10667
10685
10686
10704
10712
10713
10717
10722
10730
10734
10746
10753
10754
10758
10764
10776
10780
10782
10802
10814
10821
10846
10847
10869
10872
10874
10906
10910
10919
10921
10941
10946
10955
10957
10961
10963
10966
10980
11010
11020
11022
11039
11042
11045
11067
11073
11075
11085
11091
11096
11098
11118
11123
11124
11127
11129
11133
11134
11157
11164
11181
11192
11194
11200
11202
11205
11208
11211
11213
11219
11242
11244
11248
11260
11302
11315
11317
11322
11327
11340
11342
11343
11356
11359
11371
11386
11391
11393
11407
11413
11425
11426
11430
11433
11435
11437
11475
11479
11485
11498
11505
11516
11533
11536
11537
11545
11546
11553
11559
11565
11567
11573
11585
11595
11609
11625
11633
11669
11685
11699
11713
11723
11735
11739
11741
11770
11778
11791
11795
11827
11830
11838
11852
11854
11866
11900
11903
11915
11918
11929
11931
11933
11947
11958
11960
11962
11966
11968
11970
11982
11989
12005
12012
12016
12033
12058
12072
12076
12078
12080
12082
12094
12098
12112
12113
12152
12154
12166
12170
12172
12174
12184
12193
12200
12205
12207
12219
12225
12227
12231
12234
12272
12288
12296
12302
12304
12306
12323
12336
12338
12360
12361
12366
12374
12402
12412
12440
12462
12488
12493
12501
12502
12506
12508
12516
12520
12530
12537
12553
12557
12559
12567
12569
12592
12601
12606
12613
12619
12629
12644
12646
12673
12679
12681
12705
12713
12717
12725
12759
12765
12769
12770
12772
12800
12802
12804
12896
12897
12907
13086
13099
13113
13129
13175
13190
13195
13201
13240
13248
13279
13285
13291
13292
13310
13354
13373
14203
14232
14233
14301
14309
14326
14342
14343
14479
14507
14520
14542
14572
14606
14647
14671
14688
14714
14749
14776
14782
14811
14827
14856
14876
14891
14948
14963
14978
15061
15077
15122
15137
15143
15191
15255
15261
15277
15299
15300
15352
15362
15363
15507
15564
15582
15667
15668
15672
15690
15801
15809
15835
15889
15905
15920
15935
15994
16043
16058
16078
16128
16143
16249
16316
16324
16354
16384
16397
16456
16484
16640
16656
16778
16786
16904
17050
17170
17186
17219
17342
17387
17388
17406
17415
17457
17504
18608
18697
18744
18836
18838
18840
18928
18941
19054
19130
19158
19161
19193
19224
19236
19253
19259
19260
19264
19266
19276
19285
19286
19287
19311
19313
19325
19330
19335
19341
19344
19354
19367
19398
19410
19413
19434
19437
19460
20331
20364
20390
20415
20416
20446
20448
20478
20479
20593
20594
20633
20635
20663
20665
20666
20681
20691
20692
20700
20703
20705
20706
20708
20712
20714
20719
20720
20727
20729
20741
20744
20961
20980
20994
20996
21031
21032
21054
21057
21060
21063
21079
21083
21095
21096
21104
21114
21116
21122
21134
21165
21385
21457
21517
21519
21530
21534
21536
21547
21548
21564
21615
21621
21630
21636
21763
21769
21813
21855
21888
21951
21992
22021
22024
22029
22040
22056
22058
22062
22072
22076
22092
22100
22103
22150
22166
22175
22185
22207
22208
22209
22215
22222
22226
22253
22266
22267
22278
22281
22289
22307
22342
22374
22378
22383
22393
22506
22507
22584
22586
22620
22623
22644
22672
22714
22726
22744
22804
22809
22815
22824
22832
22839
22840
22841
22887
22890
22896
22915
22956
22958
22963
23015
23159
23190
23226
23263
23265
23285
23288
23294
23305
23324
23326
23332
23334
23373
23376
23413
23427
23458
23460
23473
23474
23477
23515
23518
23519
23530
23532
23561
23564
23576
23580
23587
23590
23595
23612
23625
23628
23641
23650
23693
23745
23748
23749
23751
23847
23855
23857
23858
23882
23906
23925
23947
23949
23955
23970
23990
24034
24043
24057
24092
24100
24101
24128
24177
24250
24267
24286
24317
24318
24319
24384
24458
24459
24478
24485
24520
24584
24602
24634
24742
24806
24815
24847
24886
24904
24949
24966
25270
25273
25294
25350
25357
25417
25541
25726
25737
25738
25739
25745
25760
25776
25793
25795
25799
25817
25825
25834
25838
25878
25895
25896
25919
25937
25939
25942
25945
25958
25959
25991
25993
25994
26007
26027
26046
26066
26074
26076
26098
26130
26160
26168
26194
26196
26198
26201
26239
26256
26260
26261
26300
26301
26304
26310
26311
26364
26367
26458
26627
26651
26660
26663
26668
26687
26691
26694
26703
26726
26757
26775
26816
26842
26857
26881
26893
26896
26899
26911
26924
26925
26936
26945
26947
26949
26955
26956
26969
26972
26978
26979
26985
27002
27010
27017
27025
27034
27037
27038
27039
27051
27073
27075
27079
27110
27136
27139
27141
27146
27148
27175
27237
27238
27267
27278
27302
27356
27392
27405
27423
27444
27451
27483
27512
27513
27521
27549
27552
27568
27569
27570
27580
27595
27599
27604
27609
27625
27633
27645
27653
27733
27741
27765
27795
27798
27808
27830
27837
27843
27851
27852
27863
27868
27887
27890
27891
27895
27897
27898
27901
27910
27976
28010
28088
28104
28110
28111
28114
28137
28157
28188
28204
28207
28245
28258
28264
28278
28284
28290
28327
28343
28443
28486
28489
28497
28499
28500
28510
28514
28578
28625
28704
28713
28723
28795
28813
28816
28832
28849
28850
28864
28896
28900
28913
28925
28938
28939
28954
28959
28984
28989
28994
29026
29053
29068
29104
29147
29264
29306
29343
29359
29466
29473
29477
29478
29493
29497
29543
29610
29611
29639
29654
29655
29709
29735
29856
29886
29889
29890
29961
29962
29970
29972
29987
29996
30033
30112
30141
30177
30192
30239
30242
30247
30251
30257
30266
30283
30293
30345
30355
30356
30367
30427
30429
30438
30441
30478
30481
30495
30505
30512
30524
30527
30531
30534
30538
30556
30561
30566
30579
30611
30645
30648
30687
30696
30738
30754
30756
30760
30778
30814
30816
30818
30870
30984
31033
31050
31197
31198
31246
31282
31316
31371
31392
31414
31433
31450
31452
31453
31460
31465
31567
31632
31685
31719
31742
31746
31869
31886
31892
31896
31900
31974
31982
32031
32032
32424
32525
32974
33110
33141
33214
33220
33222
33296
33303
33324
33381
33384
33451
33525
33529
33605
33612
33614
33615
33634
33666
33705
33804
33807
33838
33867
33869
34180
34296
34497
34498
34540
34823
34939
34967
35172
35246
35247
35677
35680
35715
35727
35739
35749
35754
35797
35810
35818
35822
35855
35859
35883
35905
35907
35913
35914
35933
35938
35939
35990
35992
36002
36013
36076
36080
36083
36087
36128
36130
36137
36141
36184
36248
36376
36449
36490
36508
36520
36528
36534
36551
36553
36624
36754
36760
36852
37087
37100
37462
37677
37797
37822
37826
37846
37878
37886
37893
37895
37903
37915
37926
37930
37936
38012
38013
38149
38169
38250
38251
38256
38278
38305
38319
38605
38769
38906
39116
39117
39373
39421
39434
39463
39480
39584
39602
39630
39679
39834
39998
40080
40098
40151
40153
40168
40178
40179
40256
40323
40326
40327
40366
40368
40372
40408
40438
40559
40602
40633
40667
40670
40771
40772
40784
40823
40836
40842
40850
40855
40858
40860
40875
40929
40963
40978
41057
41059
41125
41129
41138
41179
41186
41216
41220
41246
41259
41276
41281
41314
41316
41320
41326
41340
41342
41343
41344
41379
41406
41419
41431
41455
41508
41511
41569
41573
41576
41579
41580
41588
41591
41621
41629
41658
41659
41668
41673
41681
41682
41684
41691
41692
41698
41701
41711
41714
41715
41717
41722
41739
41745
41746
41747
41751
41767
41778
41779
41782
41794
41809
41822
41823
41825
41829
41830
41835
41849
41853
41885
41930
41941
41954
41955
41956
41973
41976
41979
41980
41983
41994
42014
42018
42021
42032
42033
42056
42077
42090
42093
42095
42101
42123
42190
42192
42196
42221
42247
42248
42263
42273
42285
42287
42288
42293
42295
42304
42310
42315
42317
42351
42358
42363
42378
42421
42424
42429
42455
42456
42473
42479
42492
42540
42549
42561
42563
42587
42591
42592
42606
42633
42639
42642
42646
42659
42685
42697
42703
42716
42734
42738
42753
42757
42758
42759
42760
42765
42779
42788
42790
42804
42807
42814
42815
42816
42817
42822
42826
42846
42851
42852
42880
42893
42894
42901
42902
42908
42911
42920
42926
42927
42940
42949
42974
42984
43008
43025
43032
43033
43092
43108
43111
43112
43126
43191
43219
43236
43254
43305
43307
43324
43325
43327
43338
43368
43479
43484
43485
43486
43550
43560
43596
43597
43600
43607
43726
43778
43780
43796
43837
43843
43846
43920
43948
43967
43985
44032
44075
44087
44119
44133
44145
44157
44231
44256
44274
44289
44329
44363
44373
44376
44392
44403
44440
44489
44507
44537
44548
44557
44576
44593
44641
44650
44659
44660
44679
44682
44692
44694
44724
44729
44749
44821
44830
44831
44846
44854
44863
44869
44895
44937
44938
44946
44948
44950
44954
44959
44966
44968
44988
44999
45004
45008
45013
45049
45074
45078
45081
45102
45113
45124
45125
45136
45138
45153
45358
45404
45525
45533
45536
45570
45575
45677
45680
45683
45704
45728
45796
45797
45822
45931
46100
46125
46129
46233
46255
46256
46257
46282
46284
46291
46293
46296
46300
46323
46331
46340
46358
46366
46368
46375
46378
46399
46423
46438
46448
46460
46463
46485
46487
46502
46514
46518
46519
46525
46526
46585
46587
46589
46590
46601
46602
46625
46628
46634
46656
46717
46721
46724
46727
46751
46758
46759
46785
46800
46807
46813
46824
46844
46855
46872
46941
46975
47013
47056
47102
47171
47217
47296
47302
47306
47315
47342
47372
47374
47395
47398
47420
47438
47444
47459
47791
48027
48150
48151
48157
48385
48409
48410
48429
48442
48443
48444
48456
48485
48491
48492
48493
48495
48505
48520
48529
48560
48577
48578
48630
48641
48748
48763
48764
48770
48785
48786
48856
48865
48866
48925
49025
49060
49081
49087
49132
49154
49166
49177
49182
49293
49294
49470
49763
51310
51384
52429
53131
53133
53373
53448
53449
53450
53460
53461
53484
53492
53497
53498
53505
53507
53508
53528
53529
53532
53564
53565
53576
53578
53591
53612
53633
53642
53647
53651
53714
53724
53732
53733
53736
53740
53742
53743
53751
53752
53755
53765
53785
53851
53922
53923
53980
54154
54163
54165
54168
