8
30
66
85
93
108
112
198
246
356
415
457
487
805
821
825
967
1033
1101
1155
1189
1199
1201
1227
1241
1345
1411
1413
1635
1721
1777
1826
1836
1854
1881
1948
2037
2060
2135
2157
2295
2298
2350
2387
2391
2569
2577
2593
2629
2637
2687
2689
2703
2737
2776
2796
2812
2822
2867
2883
2936
2939
2998
3136
3142
3227
3259
3292
3442
3474
3478
3586
3605
3614
3624
3646
3699
3780
4003
4025
4093
4113
4294
4330
4362
4445
4467
4515
4595
4616
4618
4655
4680
4813
4867
4891
4899
4940
4956
4969
4973
4983
4997
5034
5092
5121
5252
5293
5325
5342
5487
5496
5509
5549
5575
5589
5609
5665
5719
5730
5744
5788
5827
5950
5964
5988
6040
6073
6105
6283
6345
6458
6485
6528
6548
6549
6619
6620
6628
6669
6704
6726
6733
6768
6784
6846
6916
6927
6984
6990
7000
7047
7176
7231
7235
7261
7266
7276
7318
7332
7364
7365
7381
7451
7506
7511
7524
7525
7595
7623
7727
7735
7764
7803
7807
7817
7847
7867
7904
7952
7960
8121
8158
8202
8258
8684
8688
8707
8766
8792
8803
8832
8865
8877
8898
8919
8955
8988
9003
9048
9052
9119
9197
9211
9287
9305
9463
9473
9488
9514
9518
9559
9565
9639
9728
9756
9771
9801
9832
9861
9888
9925
9941
9960
10001
10068
10087
10185
10187
10322
10362
10443
10448
10536
10608
10628
10654
10666
10728
10852
10867
11018
11048
11053
11061
11081
11131
11137
11164
11200
11204
11213
11300
11329
11354
11357
11374
11431
11446
11456
11483
11537
11541
11573
11609
11649
11655
11731
11803
11881
11920
11974
11998
12014
12016
12040
12056
12128
12213
12225
12254
12304
12332
12370
12412
12422
12430
12571
12594
12629
12685
12743
13071
13171
13194
13263
13354
14734
14962
15061
15137
15226
15356
15500
15690
16044
16176
16340
16401
16769
17489
17515
18837
19208
19280
19289
19311
19327
19362
19410
20331
20415
20586
20693
20701
20954
20960
21627
21968
22049
22092
22148
22227
22233
22278
22321
22428
22532
22836
22944
23263
23508
23568
23584
23745
23747
23774
23860
24099
24478
24485
24778
24926
25302
25313
25357
25359
25745
26002
26066
26069
26149
26307
26425
26691
26712
26718
26819
26850
26856
26885
26897
27015
27034
27036
27038
27044
27074
27277
27425
27538
27550
27568
27604
27616
27632
27658
27832
27868
27905
28005
28163
28195
28206
28464
28507
28510
28822
28960
29308
29343
29499
29703
29708
29709
29739
30019
30078
30293
30623
30671
30673
30819
30862
30967
31083
31316
31328
31581
31719
31859
31932
31958
32525
32585
33218
33489
33550
33993
34006
34007
34299
35043
35682
35755
35859
35904
36080
36363
36537
36620
37091
37099
37924
39462
39505
39615
39633
40288
40439
40822
40876
40963
41063
41150
41185
41246
41326
41335
41416
41443
41558
41689
41714
41719
41747
41785
41854
41870
41973
41984
42007
42197
42231
42256
42314
42402
42564
42673
42762
42770
42776
42795
42806
42846
42874
42890
42934
43191
43254
43543
43551
43813
43864
43947
44106
44131
44145
44163
44238
44292
44310
44363
44491
44557
44586
44613
44631
44646
44659
44758
44760
44782
44829
44877
45014
45152
45404
46175
46379
46381
46398
46494
46512
46602
46634
46653
46816
46977
47052
47297
47318
48115
48452
48513
48519
48837
49147
49178
49470
53515
53556
53714
54162
