10
17
42
56
62
63
74
80
85
114
132
158
162
166
170
174
176
187
198
210
214
218
230
236
238
244
250
290
296
318
322
330
335
338
349
365
372
375
377
384
398
407
421
427
447
451
461
465
467
474
476
484
491
495
521
555
557
559
567
591
593
597
599
619
651
667
671
675
677
697
715
757
769
771
787
791
843
847
849
855
861
867
885
903
911
913
935
939
949
983
991
993
1005
1017
1023
1027
1039
1043
1046
1054
1068
1086
1101
1109
1111
1115
1117
1123
1125
1141
1145
1173
1183
1191
1205
1209
1219
1227
1289
1335
1337
1345
1377
1381
1383
1413
1416
1420
1428
1439
1445
1454
1455
1459
1470
1472
1477
1479
1489
1503
1512
1534
1580
1582
1600
1602
1608
1628
1639
1651
1653
1655
1663
1669
1685
1689
1699
1705
1713
1715
1735
1737
1745
1765
1771
1777
1799
1802
1812
1818
1832
1844
1876
1887
1890
1895
1903
1906
1911
1917
1929
1952
1956
1958
1969
1973
1975
1981
1987
1989
1995
1996
1997
2008
2031
2037
2043
2047
2076
2082
2088
2129
2145
2165
2186
2203
2211
2217
2220
2238
2246
2250
2262
2271
2275
2282
2306
2308
2341
2347
2419
2437
2447
2449
2451
2472
2486
2490
2494
2501
2521
2525
2529
2550
2554
2573
2591
2599
2603
2607
2627
2628
2638
2672
2680
2687
2697
2705
2713
2715
2737
2763
2769
2783
2796
2798
2802
2813
2814
2821
2837
2842
2847
2855
2879
2903
2921
2929
2931
2943
2953
2961
2979
2981
2986
2991
2995
3011
3018
3024
3027
3053
3067
3074
3078
3091
3099
3103
3107
3117
3134
3148
3158
3161
3182
3184
3188
3201
3206
3212
3229
3230
3232
3233
3237
3259
3268
3281
3284
3288
3296
3306
3308
3335
3347
3357
3365
3366
3376
3386
3404
3412
3426
3436
3454
3455
3456
3457
3458
3462
3482
3486
3494
3504
3510
3512
3523
3540
3542
3546
3550
3552
3560
3562
3564
3578
3580
3585
3586
3605
3607
3608
3610
3616
3620
3624
3659
3664
3676
3679
3685
3686
3688
3698
3708
3710
3722
3745
3751
3768
3796
3800
3807
3821
3827
3830
3837
3842
3848
3858
3867
3874
3876
3887
3910
3912
3918
3922
3927
3931
3934
3936
3947
3948
3953
3964
3966
3987
3989
3992
3997
3998
4011
4015
4017
4047
4075
4091
4102
4104
4109
4115
4119
4127
4141
4149
4161
4169
4171
4175
4183
4193
4215
4217
4242
4243
4268
4300
4306
4308
4314
4320
4336
4356
4380
4396
4398
4405
4407
4422
4431
4433
4439
4463
4471
4481
4489
4493
4509
4519
4521
4525
4543
4556
4572
4574
4582
4588
4596
4615
4616
4621
4640
4664
4668
4686
4692
4696
4702
4719
4724
4733
4738
4741
4752
4754
4773
4791
4810
4823
4830
4835
4849
4851
4853
4875
4903
4905
4910
4917
4929
4934
4936
4940
4943
4947
4958
4961
4969
4998
5003
5028
5040
5044
5060
5074
5076
5086
5092
5098
5100
5123
5127
5134
5135
5137
5145
5147
5153
5157
5170
5174
5180
5187
5190
5196
5205
5223
5224
5245
5250
5275
5289
5291
5298
5299
5301
5305
5311
5315
5317
5320
5335
5339
5349
5351
5359
5367
5372
5378
5384
5396
5400
5402
5412
5413
5414
5420
5441
5446
5449
5450
5453
5462
5476
5483
5493
5502
5503
5505
5511
5514
5530
5540
5545
5577
5603
5617
5625
5631
5639
5653
5663
5695
5705
5719
5724
5728
5734
5774
5778
5784
5794
5827
5831
5835
5839
5853
5855
5861
5867
5881
5885
5898
5899
5907
5912
5920
5936
5938
5942
5964
5994
6004
6016
6035
6066
6069
6073
6085
6097
6105
6144
6152
6156
6162
6168
6170
6191
6193
6194
6202
6208
6212
6224
6225
6254
6265
6267
6274
6280
6281
6285
6295
6304
6307
6310
6324
6326
6345
6351
6359
6361
6373
6400
6402
6413
6421
6426
6428
6432
6444
6460
6464
6473
6477
6501
6519
6520
6524
6526
6537
6541
6571
6587
6595
6603
6604
6615
6639
6642
6643
6649
6655
6659
6672
6678
6684
6698
6702
6704
6706
6724
6736
6738
6746
6747
6764
6765
6768
6781
6782
6795
6814
6818
6832
6839
6841
6850
6851
6853
6859
6864
6888
6914
6930
6943
6979
7008
7009
7014
7028
7040
7053
7061
7066
7074
7080
7086
7089
7101
7116
7123
7139
7178
7198
7206
7210
7218
7223
7238
7262
7266
7270
7275
7282
7283
7298
7300
7318
7324
7325
7330
7346
7354
7368
7384
7392
7403
7421
7423
7425
7427
7431
7433
7435
7446
7488
7490
7524
7529
7565
7569
7580
7581
7583
7584
7590
7593
7597
7598
7617
7625
7643
7646
7653
7659
7663
7673
7691
7714
7715
7722
7729
7743
7815
7828
7844
7845
7855
7863
7873
7877
7878
7881
7887
7889
7902
7904
7919
7921
7923
7928
7932
7938
7940
7955
7962
7984
7993
7997
8000
8010
8013
8015
8018
8026
8035
8044
8052
8060
8069
8077
8091
8114
8125
8130
8133
8135
8151
8172
8173
8178
8186
8198
8199
8200
8201
8202
8205
8214
8217
8219
8225
8231
8244
8245
8249
8252
8266
8268
8277
8287
8288
8297
8301
8308
8319
8326
8334
8349
8352
8359
8361
8367
8369
8371
8380
8385
8389
8395
8409
8414
8415
8437
8443
8510
8512
8522
8523
8526
8530
8532
8533
8539
8543
8556
8566
8572
8584
8595
8599
8629
8630
8631
8646
8648
8651
8672
8684
8700
8712
8714
8716
8718
8724
8732
8738
8742
8748
8764
8790
8791
8799
8801
8809
8815
8822
8828
8846
8847
8857
8864
8866
8868
8873
8892
8900
8911
8947
8950
8959
8970
8972
8976
8978
8988
8989
9011
9012
9017
9025
9032
9042
9049
9055
9057
9074
9076
9078
9089
9099
9105
9117
9118
9121
9124
9136
9145
9146
9152
9165
9168
9170
9171
9177
9191
9193
9215
9219
9220
9221
9222
9224
9225
9228
9247
9251
9259
9261
9269
9283
9285
9296
9303
9309
9313
9315
9333
9343
9360
9365
9367
9368
9403
9432
9433
9454
9460
9465
9471
9473
9481
9484
9485
9486
9487
9488
9492
9503
9508
9536
9571
9578
9586
9590
9602
9608
9617
9625
9651
9658
9662
9670
9676
9680
9682
9690
9700
9710
9730
9736
9742
9767
9770
9775
9809
9820
9839
9851
9853
9855
9857
9861
9875
9882
9888
9903
9906
9908
9916
9925
9927
9929
9931
9933
9941
9949
9951
9953
9960
9964
9979
9984
10010
10026
10034
10044
10052
10071
10082
10119
10120
10124
10142
10144
10148
10152
10158
10159
10181
10193
10199
10201
10205
10211
10219
10239
10249
10259
10268
10272
10275
10276
10278
10294
10302
10304
10318
10327
10330
10334
10336
10348
10360
10378
10383
10390
10410
10423
10430
10432
10433
10435
10441
10448
10458
10466
10469
10481
10487
10507
10513
10515
10522
10526
10541
10551
10557
10581
10584
10592
10594
10613
10619
10625
10643
10670
10685
10700
10715
10736
10738
10747
10762
10776
10780
10792
10802
10812
10814
10821
10824
10844
10847
10867
10869
10870
10875
10878
10887
10892
10896
10898
10963
10978
10980
10984
10994
10996
10998
11022
11026
11030
11033
11042
11049
11055
11063
11067
11073
11088
11123
11130
11141
11153
11157
11164
11166
11179
11183
11187
11210
11240
11246
11250
11262
11264
11266
11278
11293
11296
11298
11311
11317
11321
11332
11338
11345
11351
11354
11362
11375
11386
11391
11395
11397
11438
11446
11450
11460
11462
11465
11466
11483
11494
11498
11500
11509
11510
11512
11515
11532
11539
11565
11567
11569
11595
11597
11599
11635
11653
11673
11689
11691
11699
11701
11705
11707
11723
11746
11766
11770
11800
11803
11814
11826
11827
11829
11846
11856
11860
11882
11886
11903
11911
11917
11918
11920
11921
11923
11925
11927
11935
11949
11951
11954
11966
11976
11980
11988
12000
12001
12003
12021
12027
12029
12048
12066
12080
12086
12088
12090
12092
12106
12119
12129
12133
12135
12147
12151
12156
12162
12166
12174
12176
12205
12219
12246
12248
12250
12270
12272
12284
12318
12321
12326
12328
12349
12354
12360
12378
12388
12396
12432
12442
12466
12478
12504
12510
12514
12518
12522
12526
12545
12547
12551
12559
12571
12587
12605
12606
12607
12608
12613
12635
12648
12659
12663
12686
12687
12693
12710
12711
12721
12729
12734
12736
12741
12753
12755
12768
12776
12778
12780
12813
12869
12898
12907
12910
12949
12986
12997
13051
13057
13092
13113
13115
13128
13153
13175
13176
13190
13240
13242
13249
13263
13279
13287
13288
13289
14117
14126
14177
14301
14410
14466
14480
14541
14542
14556
14605
14679
14727
14781
14812
14920
14947
14963
15076
15077
15121
15122
15196
15249
15293
15299
15300
15330
15413
15443
15565
15637
15652
15749
15803
15833
15834
15988
16043
16077
16098
16143
16165
16214
16256
16257
16316
16385
16398
16401
16403
16453
16455
16482
16492
16555
16574
16616
16672
16708
16724
16755
16786
16834
16893
16911
16966
17101
17170
17186
17232
17283
17331
17384
17404
17516
18490
18620
18637
18728
18787
18840
18872
18897
18912
19118
19159
19224
19248
19252
19253
19255
19259
19260
19263
19286
19298
19309
19311
19315
19318
19319
19328
19330
19345
19358
19359
19367
19412
19414
19521
19558
19623
20382
20416
20417
20440
20535
20558
20588
20597
20598
20636
20661
20663
20665
20666
20667
20669
20674
20680
20682
20683
20689
20691
20698
20699
20700
20701
20702
20716
20725
20731
20733
20738
20741
20926
20934
20959
20960
20961
20965
20994
21019
21024
21037
21039
21051
21061
21068
21069
21072
21094
21104
21115
21117
21133
21137
21384
21440
21444
21445
21458
21460
21516
21534
21535
21553
21607
21615
21635
21636
21729
21799
21813
21888
21889
21932
21937
22024
22029
22060
22067
22073
22130
22131
22134
22151
22173
22177
22214
22222
22226
22232
22252
22257
22261
22267
22278
22280
22290
22308
22309
22310
22313
22315
22321
22322
22323
22341
22343
22352
22378
22384
22391
22401
22408
22418
22484
22529
22583
22585
22587
22633
22656
22732
22805
22811
22819
22824
22825
22832
22837
22839
22841
22845
22854
22863
22883
22887
22893
22902
22903
23067
23168
23190
23248
23254
23263
23264
23332
23346
23350
23354
23373
23412
23413
23414
23428
23429
23458
23474
23475
23488
23499
23502
23510
23520
23523
23549
23564
23566
23569
23578
23595
23631
23637
23894
23899
23906
23926
23950
23967
23971
23989
24038
24043
24047
24048
24057
24086
24089
24102
24172
24203
24248
24250
24266
24276
24285
24337
24400
24447
24452
24464
24520
24602
24603
24742
24769
24806
24815
24848
24905
24922
24934
24966
25270
25286
25290
25296
25312
25351
25352
25370
25373
25375
25385
25412
25464
25535
25691
25693
25723
25724
25734
25745
25759
25762
25770
25776
25808
25842
25897
25919
25958
25969
25987
25988
25994
25997
26034
26038
26060
26061
26125
26170
26194
26198
26209
26240
26300
26308
26347
26367
26424
26428
26461
26489
26646
26651
26686
26693
26712
26742
26752
26770
26778
26780
26825
26837
26845
26855
26871
26872
26877
26881
26882
26891
26911
26914
26935
26948
26953
26954
26970
26973
26977
26990
26997
27007
27020
27026
27028
27034
27038
27089
27094
27102
27112
27115
27141
27143
27145
27149
27155
27156
27159
27161
27177
27235
27238
27252
27253
27267
27268
27289
27356
27366
27389
27392
27424
27429
27430
27441
27449
27462
27510
27513
27520
27537
27595
27603
27604
27605
27615
27629
27648
27657
27672
27673
27698
27742
27791
27796
27821
27851
27853
27854
27864
27890
27893
27897
27898
27939
27943
27956
28002
28048
28049
28057
28065
28078
28089
28090
28117
28164
28166
28188
28196
28198
28204
28207
28225
28245
28246
28293
28327
28467
28480
28485
28486
28489
28491
28549
28616
28624
28674
28675
28741
28785
28802
28831
28843
28851
28852
28877
28878
28900
28925
28929
28955
28960
28963
28989
28994
29022
29044
29056
29067
29068
29102
29113
29147
29150
29195
29264
29303
29305
29342
29359
29565
29611
29640
29642
29654
29679
29704
29730
29781
29790
29856
29890
29976
29977
29981
30019
30049
30140
30149
30158
30179
30205
30244
30245
30267
30345
30359
30360
30362
30364
30391
30428
30429
30437
30441
30472
30475
30494
30508
30509
30526
30544
30553
30556
30558
30585
30621
30624
30671
30672
30688
30720
30760
30762
30779
30816
30927
31002
31003
31019
31021
31085
31117
31195
31237
31246
31255
31316
31327
31447
31581
31584
31585
31588
31599
31632
31643
31737
31748
31766
31770
31786
31812
31837
31889
31929
31932
31957
31960
31964
31982
31983
32016
32033
32253
32436
32525
32556
32581
32734
33181
33212
33215
33220
33264
33339
33381
33432
33485
33492
33520
33529
33545
33560
33561
33614
33634
33666
33681
33754
33786
33803
33867
33902
33917
34006
34105
34137
34182
34297
34499
34539
34583
34742
34915
34939
34941
34962
34963
34965
35042
35171
35206
35261
35506
35631
35677
35678
35689
35708
35727
35737
35748
35749
35751
35755
35786
35810
35849
35855
35868
35898
35908
35914
35938
35952
35990
35993
36087
36117
36120
36123
36130
36228
36232
36316
36362
36376
36429
36450
36474
36487
36509
36540
36547
36548
36924
37251
37464
37489
37715
37718
37797
37871
37880
37888
37892
37893
37894
37895
37913
37928
37929
37931
37971
38015
38149
38251
38288
38572
38591
38672
38692
38795
38826
38827
39116
39160
39287
39303
39334
39389
39400
39412
39435
39520
39558
39581
39593
39713
39769
39771
39772
40073
40141
40151
40152
40153
40178
40179
40293
40360
40368
40369
40439
40553
40557
40614
40620
40668
40690
40692
40725
40772
40807
40809
40813
40820
40856
40878
40909
40940
40944
40946
40954
40980
40994
41050
41059
41060
41062
41121
41146
41147
41149
41151
41179
41187
41190
41207
41219
41234
41255
41265
41308
41317
41323
41331
41333
41342
41368
41378
41396
41406
41434
41514
41519
41531
41585
41591
41615
41616
41619
41622
41635
41637
41663
41664
41678
41681
41699
41704
41707
41714
41721
41728
41742
41748
41751
41792
41808
41817
41818
41824
41826
41831
41832
41841
41844
41845
41847
41850
41858
41860
41870
41878
41882
41945
41948
41950
41953
41956
41962
41973
41974
41975
41976
41982
41993
41994
42000
42006
42007
42012
42017
42022
42024
42029
42037
42055
42060
42077
42086
42093
42101
42119
42121
42127
42155
42190
42194
42226
42227
42238
42250
42255
42260
42277
42278
42279
42286
42301
42304
42314
42315
42364
42365
42382
42385
42387
42395
42400
42402
42411
42416
42430
42433
42440
42456
42474
42477
42479
42495
42504
42529
42540
42541
42549
42553
42560
42561
42567
42579
42580
42582
42588
42590
42603
42604
42629
42631
42638
42642
42667
42670
42706
42719
42723
42752
42753
42756
42764
42767
42776
42790
42800
42801
42803
42808
42821
42827
42829
42832
42833
42836
42843
42844
42845
42865
42875
42894
42895
42905
42911
42914
42915
42917
42926
42935
42947
42952
42960
42969
43023
43026
43034
43053
43084
43109
43139
43233
43237
43244
43261
43274
43276
43277
43287
43296
43337
43369
43388
43423
43430
43454
43479
43543
43553
43556
43560
43600
43628
43669
43726
43761
43763
43779
43780
43794
43810
43832
43846
43911
43919
44031
44033
44042
44060
44068
44083
44110
44115
44119
44262
44307
44310
44316
44372
44376
44380
44388
44400
44425
44469
44490
44503
44508
44538
44556
44583
44594
44603
44609
44610
44614
44681
44686
44690
44710
44711
44715
44723
44731
44747
44758
44766
44772
44777
44791
44796
44807
44826
44862
44863
44866
44914
44923
44933
44948
44950
44961
44967
44972
44976
44989
45004
45005
45007
45009
45023
45030
45031
45032
45057
45062
45078
45083
45107
45111
45112
45125
45138
45151
45153
45510
45529
45567
45568
45573
45590
45665
45683
45753
45793
45794
45931
46091
46100
46127
46170
46180
46195
46218
46231
46247
46284
46297
46336
46355
46356
46361
46377
46379
46382
46384
46385
46386
46398
46401
46406
46408
46420
46421
46422
46424
46429
46438
46442
46453
46454
46457
46459
46462
46482
46483
46485
46502
46506
46510
46512
46518
46519
46524
46534
46540
46541
46551
46586
46590
46600
46618
46627
46628
46631
46636
46652
46656
46734
46746
46773
46800
46808
46816
46836
46855
46933
46936
46941
46976
47045
47052
47113
47301
47302
47328
47352
47372
47382
47402
47444
47476
47477
47519
47522
47560
47791
48027
48115
48116
48137
48147
48154
48158
48330
48388
48389
48402
48403
48409
48434
48446
48455
48490
48498
48510
48511
48514
48517
48523
48628
48742
48745
48755
48762
48768
48771
48773
48780
48782
48836
48837
48923
48926
48927
48928
48930
49059
49080
49128
49132
49147
49162
49176
49181
49292
49468
49667
49893
49962
51309
51386
52703
53132
53134
53375
53376
53449
53458
53461
53492
53493
53498
53511
53515
53532
53540
53542
53550
53558
53560
53561
53567
53579
53598
53613
53629
53637
53639
53651
53652
53658
53680
53732
53750
53751
53754
53755
53840
53923
53980
