6
16
17
19
24
26
28
40
43
58
60
68
76
87
89
91
95
118
122
128
140
142
180
184
189
206
208
210
216
220
230
236
242
268
272
274
277
281
290
304
306
316
320
324
325
333
340
356
359
362
371
379
389
391
403
409
430
434
439
445
451
463
497
499
507
527
529
541
553
555
559
565
591
609
611
613
617
619
623
625
629
635
651
659
673
679
681
699
717
721
723
731
739
761
767
775
781
787
799
801
803
821
823
857
861
865
913
922
924
926
939
963
965
967
981
989
995
1003
1011
1019
1031
1035
1041
1066
1084
1092
1099
1111
1123
1129
1135
1145
1189
1203
1207
1215
1239
1255
1263
1267
1285
1297
1307
1309
1325
1333
1350
1352
1362
1369
1381
1421
1432
1439
1443
1446
1452
1457
1459
1465
1467
1468
1471
1477
1479
1490
1499
1516
1520
1526
1530
1554
1578
1604
1616
1630
1649
1685
1691
1697
1783
1789
1791
1803
1814
1818
1838
1848
1852
1854
1858
1870
1874
1876
1884
1890
1891
1896
1904
1913
1919
1921
1929
1942
1946
1947
1952
1958
1964
1965
1975
1995
1996
2003
2010
2043
2060
2066
2080
2086
2094
2106
2108
2112
2118
2125
2129
2139
2169
2179
2189
2190
2193
2206
2208
2216
2228
2260
2287
2312
2316
2318
2320
2322
2329
2334
2353
2358
2367
2397
2399
2404
2411
2431
2449
2458
2462
2556
2558
2560
2565
2567
2573
2581
2603
2605
2611
2613
2624
2631
2642
2646
2650
2652
2654
2662
2672
2678
2693
2695
2701
2709
2744
2745
2755
2759
2773
2775
2776
2781
2783
2785
2800
2802
2811
2813
2828
2830
2834
2844
2845
2849
2865
2867
2883
2899
2904
2933
2943
2947
2979
2981
2993
3001
3010
3013
3018
3035
3038
3040
3043
3052
3067
3069
3072
3074
3087
3095
3146
3148
3154
3178
3186
3200
3216
3221
3223
3233
3240
3278
3279
3292
3306
3312
3328
3378
3390
3400
3404
3406
3408
3410
3416
3426
3430
3434
3436
3440
3444
3450
3452
3454
3457
3480
3482
3486
3508
3516
3527
3538
3568
3584
3597
3599
3605
3628
3636
3656
3663
3664
3667
3681
3705
3714
3741
3749
3756
3760
3782
3812
3835
3865
3878
3891
3906
3917
3920
3928
3931
3938
3940
3945
3947
3969
3976
3978
3986
3987
3997
4000
4005
4007
4021
4037
4041
4049
4057
4061
4067
4103
4106
4109
4117
4119
4133
4135
4137
4151
4155
4173
4175
4187
4191
4205
4223
4239
4245
4247
4251
4268
4290
4304
4314
4316
4318
4322
4328
4330
4344
4352
4390
4407
4420
4437
4447
4451
4457
4463
4467
4475
4479
4481
4505
4533
4538
4545
4547
4551
4563
4570
4576
4591
4597
4601
4603
4611
4616
4624
4635
4638
4645
4675
4677
4680
4685
4688
4689
4693
4700
4723
4725
4738
4745
4752
4760
4767
4769
4774
4777
4795
4798
4800
4804
4808
4810
4813
4821
4827
4831
4835
4843
4849
4851
4873
4883
4891
4893
4899
4901
4933
4951
4959
4969
4983
4987
4991
4993
4998
5006
5010
5022
5026
5030
5052
5072
5076
5084
5086
5110
5119
5123
5131
5139
5157
5170
5174
5185
5196
5205
5212
5224
5256
5264
5273
5278
5280
5298
5303
5308
5309
5310
5321
5344
5365
5369
5370
5371
5375
5384
5388
5421
5426
5430
5443
5444
5457
5458
5471
5472
5479
5492
5499
5500
5521
5526
5535
5549
5557
5581
5583
5591
5595
5601
5603
5621
5623
5645
5671
5677
5679
5681
5687
5705
5709
5713
5720
5736
5740
5750
5766
5772
5778
5796
5814
5819
5826
5849
5851
5873
5887
5899
5900
5905
5907
5952
5956
5970
5972
5978
5980
6004
6010
6014
6021
6023
6050
6054
6060
6067
6083
6117
6124
6126
6136
6148
6150
6154
6159
6162
6167
6171
6174
6176
6199
6200
6208
6215
6249
6270
6293
6306
6314
6329
6334
6339
6343
6347
6351
6353
6361
6366
6374
6377
6389
6395
6396
6400
6404
6412
6417
6425
6456
6460
6461
6482
6493
6519
6522
6536
6537
6540
6541
6546
6560
6564
6574
6583
6585
6619
6621
6639
6642
6645
6657
6667
6676
6690
6702
6731
6736
6738
6744
6753
6754
6764
6765
6768
6770
6778
6791
6793
6799
6810
6814
6826
6828
6832
6839
6853
6855
6870
6874
6878
6880
6886
6890
6896
6898
6900
6912
6914
6923
6930
6939
6947
6958
6973
7002
7006
7032
7038
7044
7045
7046
7047
7050
7060
7061
7072
7095
7097
7101
7116
7117
7127
7131
7141
7144
7152
7154
7174
7188
7196
7206
7214
7225
7228
7235
7262
7270
7280
7283
7316
7330
7332
7336
7344
7358
7360
7362
7364
7367
7395
7399
7400
7403
7404
7405
7406
7469
7474
7478
7484
7486
7488
7496
7506
7516
7524
7530
7531
7538
7551
7553
7567
7572
7573
7576
7583
7590
7597
7603
7607
7627
7631
7633
7653
7655
7661
7667
7669
7675
7699
7715
7721
7727
7729
7735
7746
7748
7750
7760
7764
7789
7803
7809
7832
7836
7849
7867
7871
7884
7910
7932
7957
7962
7963
7965
7983
7985
8004
8022
8024
8026
8033
8036
8044
8062
8063
8064
8069
8071
8075
8077
8079
8080
8085
8097
8104
8116
8121
8127
8133
8140
8145
8149
8162
8165
8203
8204
8205
8217
8231
8238
8242
8247
8251
8254
8260
8264
8287
8309
8321
8323
8324
8334
8343
8350
8363
8367
8378
8381
8383
8385
8397
8403
8407
8409
8411
8417
8425
8432
8435
8442
8459
8484
8487
8500
8504
8520
8523
8535
8537
8544
8556
8566
8573
8580
8594
8605
8607
8611
8617
8629
8667
8675
8677
8679
8690
8692
8694
8696
8704
8714
8718
8720
8746
8758
8788
8807
8809
8811
8819
8839
8848
8853
8884
8898
8908
8910
8931
8943
8958
8960
8966
8968
8974
8976
8978
8992
8996
9005
9008
9011
9021
9032
9034
9046
9048
9061
9063
9064
9080
9083
9084
9097
9098
9104
9105
9107
9109
9112
9115
9119
9122
9127
9135
9139
9157
9162
9171
9181
9182
9191
9197
9205
9208
9213
9237
9294
9311
9321
9326
9356
9382
9388
9391
9400
9401
9411
9412
9419
9422
9435
9436
9442
9471
9473
9479
9498
9503
9528
9530
9543
9551
9561
9564
9570
9581
9596
9601
9608
9611
9621
9637
9643
9649
9652
9670
9672
9674
9704
9710
9744
9759
9768
9771
9781
9785
9799
9814
9832
9841
9861
9865
9875
9880
9889
9895
9918
9921
9923
9929
9935
9939
9951
9956
9990
10005
10013
10022
10052
10070
10073
10084
10098
10109
10111
10120
10128
10138
10140
10142
10152
10167
10171
10183
10201
10203
10238
10239
10259
10262
10274
10275
10277
10304
10306
10314
10320
10322
10328
10335
10360
10370
10378
10388
10392
10401
10410
10415
10430
10433
10448
10456
10471
10473
10479
10483
10485
10487
10490
10526
10543
10545
10551
10553
10569
10584
10596
10611
10619
10621
10623
10625
10632
10636
10656
10658
10672
10702
10704
10709
10730
10736
10756
10758
10760
10762
10770
10786
10816
10833
10869
10872
10881
10886
10892
10896
10927
10929
10949
10961
10966
10972
11022
11024
11035
11037
11044
11053
11054
11063
11079
11086
11088
11090
11098
11100
11126
11135
11137
11151
11159
11166
11168
11195
11196
11199
11203
11213
11219
11242
11252
11254
11260
11276
11298
11302
11303
11322
11343
11356
11362
11368
11370
11385
11419
11433
11437
11444
11447
11454
11473
11475
11477
11484
11485
11516
11546
11563
11565
11577
11587
11589
11595
11613
11625
11645
11651
11657
11661
11667
11677
11689
11717
11725
11731
11733
11737
11743
11770
11791
11793
11798
11800
11803
11805
11809
11819
11825
11838
11844
11881
11892
11896
11917
11929
11937
11947
11949
11958
11970
11976
11993
11995
11998
12022
12036
12038
12040
12070
12072
12074
12076
12084
12100
12109
12115
12126
12128
12130
12133
12135
12139
12152
12156
12162
12164
12170
12180
12190
12202
12207
12215
12223
12227
12229
12234
12256
12266
12274
12304
12316
12321
12349
12358
12366
12372
12380
12382
12388
12392
12398
12400
12418
12428
12446
12452
12466
12480
12488
12512
12524
12528
12537
12539
12541
12549
12551
12555
12561
12593
12595
12599
12602
12603
12613
12617
12642
12657
12664
12667
12676
12687
12691
12697
12699
12703
12715
12732
12747
12780
12782
12786
12792
12794
12798
12813
12815
12913
12916
12933
12958
12962
12969
12997
13014
13058
13071
13086
13092
13129
13136
13152
13175
13184
13185
13190
13194
13195
13249
13279
13310
13353
14114
14172
14173
14176
14189
14233
14288
14360
14375
14440
14460
14479
14497
14520
14577
14605
14620
14648
14662
14688
14694
14776
14827
14857
14890
14920
14977
14978
15046
15061
15190
15227
15261
15262
15293
15329
15353
15357
15443
15565
15598
15637
15652
15690
15735
15766
15769
15803
15854
15904
15994
16098
16143
16164
16174
16175
16220
16354
16397
16398
16401
16453
16555
16597
16708
16834
16903
16999
17020
17283
17293
17331
17353
17401
17414
17457
17515
18620
18711
18728
18744
18960
18979
19130
19151
19160
19164
19224
19251
19252
19259
19260
19269
19292
19296
19318
19320
19322
19324
19334
19339
19341
19348
19359
19369
19460
19551
19574
19623
20390
20405
20415
20431
20443
20478
20595
20664
20666
20668
20675
20679
20684
20687
20693
20697
20701
20714
20717
20735
20736
20737
20739
20755
20922
20957
20958
20963
20968
20974
20975
20979
20987
21037
21066
21067
21070
21086
21111
21124
21136
21384
21398
21458
21460
21510
21513
21518
21525
21530
21535
21546
21548
21615
21621
21631
21636
21665
21669
21670
21695
21705
21729
21751
21861
21937
21969
21991
21992
22050
22059
22063
22067
22072
22100
22102
22117
22133
22135
22148
22160
22176
22192
22195
22206
22207
22214
22216
22222
22262
22263
22267
22278
22288
22293
22307
22308
22322
22324
22335
22336
22344
22376
22379
22383
22401
22427
22434
22506
22533
22583
22743
22744
22747
22804
22810
22823
22833
22840
22862
22886
22887
22901
22962
23108
23159
23192
23195
23252
23254
23272
23287
23288
23293
23297
23305
23310
23326
23334
23337
23353
23354
23376
23380
23382
23429
23475
23487
23488
23489
23499
23516
23551
23554
23562
23569
23587
23607
23643
23655
23693
23751
23774
23782
23855
23860
23887
23899
23906
23982
24039
24042
24043
24048
24052
24070
24071
24077
24140
24171
24172
24173
24204
24276
24304
24318
24319
24346
24399
24440
24448
24452
24453
24463
24466
24480
24633
24643
24754
24778
24808
24814
24890
24948
24966
25280
25312
25347
25368
25373
25374
25375
25383
25571
25647
25693
25726
25735
25736
25738
25739
25808
25876
25895
25897
25914
25919
25927
25939
25966
25992
26039
26074
26125
26149
26168
26196
26205
26308
26311
26368
26428
26476
26488
26510
26643
26650
26652
26695
26697
26723
26742
26747
26748
26750
26752
26780
26809
26818
26826
26838
26843
26856
26875
26883
26885
26903
26945
26949
26950
26954
26956
26968
26980
26993
26995
26998
27000
27002
27015
27018
27021
27028
27035
27042
27072
27073
27076
27079
27111
27156
27159
27164
27222
27253
27268
27277
27289
27290
27302
27391
27395
27396
27424
27425
27433
27438
27440
27441
27443
27476
27478
27512
27537
27549
27557
27560
27564
27613
27619
27620
27648
27649
27652
27653
27676
27773
27787
27795
27798
27821
27842
27844
27865
27869
27874
27885
27891
27892
27896
27898
27937
27975
27976
28010
28032
28049
28089
28116
28136
28176
28188
28197
28204
28205
28207
28249
28252
28260
28273
28274
28327
28466
28479
28486
28489
28493
28505
28511
28513
28549
28659
28674
28758
28791
28803
28814
28816
28822
28823
28832
28843
28849
28855
28864
28895
28896
28903
28909
28911
28926
28989
28994
29008
29021
29056
29068
29070
29083
29110
29112
29148
29151
29259
29303
29305
29308
29309
29342
29343
29466
29467
29474
29478
29497
29525
29565
29611
29641
29654
29739
29775
29783
29840
29889
29921
29962
29968
29971
29972
29975
29976
29987
29989
30020
30049
30079
30111
30140
30142
30177
30179
30191
30205
30267
30268
30351
30353
30354
30359
30363
30364
30386
30389
30425
30427
30442
30476
30496
30498
30507
30508
30527
30562
30586
30612
30645
30688
30723
30748
30754
30762
30764
30778
30814
30818
30861
30870
30983
30986
30987
30989
31029
31030
31033
31080
31246
31256
31268
31416
31449
31451
31456
31462
31527
31541
31647
31694
31735
31746
31768
31769
31862
31888
31897
31902
31932
31949
31951
31954
31959
31974
31978
32466
32536
32567
32779
33110
33142
33325
33380
33411
33431
33432
33459
33489
33520
33613
33674
33677
33712
33787
33869
33902
34136
34141
34302
34499
34539
34746
34822
34823
34969
35247
35262
35461
35507
35584
35632
35642
35680
35683
35707
35726
35727
35733
35749
35754
35775
35776
35785
35791
35810
35821
35839
35849
35851
35855
35868
35903
35909
35913
35951
35989
35990
36081
36087
36117
36118
36120
36121
36126
36143
36161
36257
36366
36368
36429
36487
36509
36534
36537
36539
36546
36570
36624
36759
36772
36957
37029
37091
37100
37462
37464
37714
37844
37855
37871
37879
37884
37885
37893
37898
37904
38149
38250
38256
38268
38306
38320
38643
38705
38795
39160
39161
39167
39301
39305
39401
39434
39437
39507
39532
39543
39581
39584
39602
39633
39750
40074
40080
40309
40362
40372
40377
40437
40438
40479
40557
40626
40688
40690
40692
40721
40772
40792
40825
40855
40858
40875
40909
40926
40940
40963
40979
40981
40991
40992
41038
41058
41064
41078
41118
41127
41132
41148
41154
41156
41159
41161
41180
41186
41200
41205
41206
41207
41214
41220
41265
41273
41276
41313
41314
41315
41318
41325
41327
41330
41331
41337
41406
41419
41455
41464
41486
41572
41576
41578
41580
41581
41596
41616
41634
41635
41650
41658
41663
41666
41668
41676
41689
41708
41733
41734
41736
41750
41773
41779
41786
41791
41819
41833
41845
41846
41848
41860
41876
41882
41930
41935
41937
41939
41944
41953
41956
41961
41973
41976
41981
41982
41987
41996
42007
42017
42034
42041
42042
42045
42051
42056
42057
42061
42065
42070
42071
42080
42081
42095
42100
42101
42115
42135
42156
42161
42195
42196
42199
42227
42250
42254
42277
42279
42307
42310
42345
42351
42385
42393
42400
42401
42402
42416
42420
42424
42427
42430
42439
42440
42449
42452
42459
42466
42473
42553
42562
42563
42567
42578
42579
42587
42595
42600
42604
42629
42630
42631
42634
42641
42669
42671
42673
42682
42702
42703
42714
42715
42720
42734
42764
42768
42787
42788
42789
42797
42805
42807
42811
42820
42824
42837
42844
42851
42858
42861
42872
42874
42897
42899
42912
42914
42920
42933
42936
42942
42947
42955
42959
42964
42974
42984
43013
43023
43024
43030
43032
43035
43092
43104
43107
43109
43110
43111
43126
43216
43261
43307
43343
43344
43368
43470
43479
43507
43545
43559
43597
43608
43612
43628
43632
43668
43774
43777
43779
43787
43788
43796
43810
43832
43894
43948
44041
44109
44112
44118
44119
44122
44124
44132
44135
44199
44202
44213
44238
44247
44256
44280
44289
44298
44310
44372
44391
44392
44401
44409
44465
44469
44472
44492
44525
44537
44553
44585
44586
44598
44638
44649
44667
44674
44690
44693
44701
44711
44716
44723
44778
44790
44811
44815
44846
44855
44865
44877
44888
44895
44896
44899
44904
44923
44934
44937
44944
44947
44950
44951
44957
44961
44980
45000
45005
45050
45057
45109
45111
45113
45130
45145
45147
45154
45503
45527
45535
45565
45585
45590
45599
45618
45661
45671
45686
45718
45728
45730
45791
45793
45931
46131
46149
46180
46195
46231
46258
46285
46295
46331
46332
46336
46360
46362
46363
46366
46368
46374
46376
46381
46382
46386
46396
46400
46421
46426
46431
46432
46433
46443
46447
46454
46471
46480
46482
46485
46491
46493
46496
46502
46506
46508
46514
46520
46525
46551
46552
46590
46595
46605
46607
46628
46632
46648
46649
46656
46667
46728
46759
46791
46792
46799
46801
46807
46818
46824
46847
46856
46974
46976
47012
47043
47052
47055
47056
47113
47171
47176
47257
47301
47310
47314
47318
47328
47334
47352
47372
47383
47388
47401
47419
47437
47520
47528
48118
48136
48144
48145
48157
48163
48164
48165
48326
48331
48410
48427
48432
48446
48447
48452
48469
48484
48491
48493
48497
48505
48515
48522
48524
48527
48560
48630
48677
48740
48746
48770
48779
48784
48848
48859
48861
48864
48896
48917
48918
48922
48923
48925
48927
48928
48929
49060
49079
49087
49094
49127
49146
49152
49154
49162
49166
49176
49181
49183
49291
49293
49470
49569
49764
49892
51302
51308
51320
51321
51322
51395
51396
52424
52425
52426
53415
53453
53493
53498
53508
53515
53525
53526
53527
53531
53532
53534
53537
53547
53558
53560
53562
53574
53581
53583
53595
53598
53614
53632
53634
53641
53647
53652
53654
53720
53724
53735
53744
53748
53752
53764
53765
53785
53790
53844
53921
53922
54162
54169
