0
36
45
128
138
200
427
445
453
489
581
597
643
731
759
851
881
901
959
963
987
1149
1207
1293
1295
1389
1470
1536
1564
1657
1679
1685
1985
1987
2008
2088
2149
2186
2479
2507
2527
2601
2626
2646
2650
2672
2711
2759
2826
2849
2967
2978
3125
3195
3345
3357
3380
3382
3386
3456
3470
3496
3558
3580
3601
3656
3681
3692
3751
3774
3845
3858
3897
3910
3955
3974
4159
4161
4185
4268
4334
4376
4388
4390
4447
4477
4505
4518
4611
4665
4720
4773
4791
4794
4847
5003
5064
5096
5151
5286
5298
5339
5398
5442
5446
5494
5519
5611
5687
5691
5744
5837
5912
5952
6004
6033
6052
6202
6222
6366
6406
6438
6460
6544
6576
6694
6729
6746
6862
6916
6957
6973
6992
7064
7111
7112
7283
7330
7368
7384
7435
7474
7536
7568
7569
7599
7631
7633
7695
7752
7789
7808
7819
7834
7847
7857
7890
7896
7965
8004
8022
8036
8063
8071
8164
8169
8231
8264
8290
8493
8555
8563
8631
8661
8675
8716
8732
8748
8758
8873
8886
8941
8952
8980
9017
9084
9100
9105
9153
9179
9363
9371
9482
9530
9548
9559
9579
9674
9968
9991
9992
10009
10044
10078
10136
10142
10159
10179
10217
10238
10249
10383
10435
10541
10545
10585
10819
10823
10826
10832
10856
10869
10900
11069
11172
11234
11320
11366
11376
11378
11417
11466
11545
11579
11623
11651
11673
11764
11782
11815
11829
11866
11905
11933
11986
12012
12064
12131
12141
12190
12229
12270
12286
12310
12343
12392
12440
12460
12484
12497
12541
12623
12638
12644
12684
12747
12802
12886
12944
12949
13046
13052
13195
13377
14480
14503
14663
15458
15507
15565
15767
15775
15802
15889
15949
16059
17219
17387
19252
19261
19348
20598
20630
20668
20703
20725
20959
20971
20979
21020
21053
21062
21085
21117
21573
21920
22062
22207
22948
22956
23304
23323
23432
23470
23549
23564
23565
23577
23883
23884
23949
23955
24052
24399
24481
24755
24778
25287
25308
25371
25719
25926
25996
26074
26155
26207
26243
26476
26770
26816
26850
26886
26925
26942
26981
27046
27174
27276
27278
27285
27472
27549
27623
27641
27671
27674
27703
27843
27886
27907
28032
28094
28251
28273
28466
28508
28511
28680
29083
29144
29735
30023
30112
30130
30139
30143
30164
30191
30205
30239
30347
30360
30430
30443
30472
30674
31198
31314
31328
31444
31458
31465
31643
31902
31903
31973
32031
32253
32548
33208
33485
33506
34007
34010
34938
35248
35631
35634
35748
35810
35819
35908
36124
36141
36184
36257
37001
37100
37535
37747
37847
37890
37918
38826
39353
39421
39679
40096
40133
40667
40670
40692
40766
40818
40834
40869
40980
41061
41125
41137
41159
41308
41313
41340
41343
41374
41420
41486
41519
41586
41592
41671
41672
41690
41734
41735
41870
41965
42005
42012
42092
42196
42199
42253
42281
42325
42392
42427
42587
42606
42624
42631
42783
42792
42802
42813
42815
42820
43028
43035
43067
43111
43189
43327
43794
43810
43823
43845
44116
44517
44522
44577
44731
44868
44936
44973
45008
45111
45525
45605
45671
45780
45788
46129
46329
46347
46358
46377
46402
46430
46438
46452
46459
46494
46497
46512
46610
46621
46717
46854
47010
47354
48027
48146
48446
48450
48503
48760
49128
49146
49150
49162
49164
51302
51381
51386
51396
53133
53497
53527
53548
53744
53746
53760
