74
132
313
318
324
345
589
691
721
899
959
1147
1149
1161
1165
1247
1381
1385
1512
1578
1600
1647
1667
1725
1741
1751
1783
1923
2018
2037
2183
2190
2193
2201
2211
2322
2399
2480
2546
2563
2605
2705
2777
2795
2812
2826
2915
2971
3062
3074
3115
3134
3138
3244
3284
3337
3347
3455
3584
3621
3656
3694
3716
3778
3891
3902
3931
3936
3997
4053
4055
4081
4087
4113
4147
4193
4207
4255
4261
4322
4356
4398
4445
4456
4481
4501
4503
4563
4565
4626
4661
4690
4761
4777
4791
4949
4977
4991
5014
5114
5147
5299
5323
5365
5411
5418
5536
5561
5591
5611
5629
5673
5679
5764
5821
5865
5877
5891
5900
5918
5930
5962
5968
6025
6071
6115
6140
6160
6226
6249
6280
6285
6302
6368
6463
6497
6534
6538
6549
6560
6575
6587
6591
6613
6616
6740
6799
6801
6805
6884
6933
7005
7109
7111
7137
7228
7231
7322
7340
7352
7392
7410
7482
7524
7532
7555
7570
7583
7607
7643
7665
7703
7731
7745
7779
7817
7836
7900
8014
8097
8100
8133
8186
8202
8235
8262
8282
8297
8471
8473
8492
8523
8526
8659
8705
9033
9040
9226
9243
9246
9252
9292
9367
9414
9438
9490
9551
9584
9592
9605
9633
9641
9725
9762
9781
9818
9853
9889
9929
9947
9975
10028
10134
10276
10334
10509
10557
10613
10706
10810
10939
10976
11047
11088
11092
11210
11240
11247
11347
11354
11555
11559
11633
11793
11947
12090
12119
12156
12182
12213
12223
12232
12234
12270
12339
12380
12526
12559
12581
12583
12592
12633
12654
12683
12687
12710
12913
13045
13052
13168
13200
13243
13301
14342
14647
14826
15061
15249
15413
15428
15501
15810
15904
15934
15950
16174
16385
17007
17130
17186
18659
19259
19276
19333
19382
19402
19504
19558
20391
20478
20479
20605
20661
20685
20742
20983
21086
21118
21398
21438
21444
21517
21532
21552
21696
22035
22059
22067
22288
22714
22887
22901
23120
23202
23304
23567
23574
23643
23746
23749
24044
24198
24399
24806
24886
24921
25269
25351
25738
25816
26459
26646
26664
26697
26712
26752
26975
26999
27027
27047
27175
27223
27297
27394
27522
27564
27570
27584
27608
27825
27890
27976
28114
28239
28263
28490
28785
28829
28903
28938
28960
29076
29366
29462
29561
29611
29612
29641
29739
29969
30118
30250
30470
30495
30530
30544
30552
30621
30674
30753
30910
30927
30942
30943
31686
31929
31930
31963
31980
32015
32016
32025
32250
32865
33709
33902
33992
34583
34969
34970
35633
35736
35737
35906
35937
35939
36127
36131
36151
36523
36547
36760
37677
37902
37927
37930
37933
38016
38801
39532
40179
40368
40836
40992
41318
41344
41362
41379
41577
41583
41585
41589
41590
41592
41665
41729
41762
41840
41847
41970
41993
42061
42070
42108
42221
42250
42281
42295
42388
42433
42450
42563
42640
42738
42831
42895
43081
43106
43109
43219
43236
43338
43339
43471
43486
43487
43758
43794
43796
43864
43908
44172
44189
44307
44316
44391
44507
44608
44609
44649
44679
44681
44748
44954
44963
45041
45049
45102
45111
45149
45505
45561
46026
46149
46247
46254
46256
46276
46333
46377
46410
46430
46433
46601
46627
46751
46752
46945
47279
47296
47354
47402
48115
48490
48499
48502
48630
48677
48764
48785
49087
49088
49667
53449
53450
53570
53595
53632
53644
53645
53646
53773
53842
54168
