0
55
69
85
130
134
138
139
145
167
173
187
195
203
212
230
261
265
269
301
340
375
418
457
459
471
481
497
498
499
509
538
544
573
622
626
667
681
709
711
712
717
725
731
747
749
774
776
781
801
837
838
840
886
898
902
919
969
981
1006
1013
1038
1040
1042
1056
1060
1062
1092
1104
1128
1136
1148
1150
1173
1179
1213
1219
1265
1274
1282
1351
1355
1382
1406
1410
1422
1450
1458
1460
1463
1555
1562
1564
1573
1585
1586
1593
1616
1620
1656
1687
1705
1730
1736
1765
1783
1789
1794
1799
1814
1816
1827
1830
1841
1871
1893
1897
1975
1989
1997
2003
2029
2051
2057
2067
2097
2120
2148
2160
2162
2175
2223
2225
2282
2290
2302
2317
2326
2334
2360
2390
2403
2421
2450
2452
2495
2508
2526
2533
2556
2564
2568
2582
2588
2614
2622
2667
2675
2682
2728
2760
2764
2768
2799
2801
2833
2845
2857
2865
2871
2881
2887
2903
2907
2927
2931
2991
3005
3007
3029
3033
3043
3054
3056
3065
3076
3079
3082
3140
3161
3164
3168
3169
3173
3190
3258
3259
3266
3297
3317
3330
3344
3384
3389
3406
3412
3426
3445
3447
3458
3478
3479
3491
3492
3498
3538
3551
3555
3583
3619
3633
3637
3667
3685
3689
3701
3758
3788
3803
3812
3823
3825
3839
3846
3853
3855
3871
3885
3895
3899
3903
3909
3913
3922
3933
3940
3942
3945
3950
3952
3978
4002
4017
4022
4038
4057
4067
4079
4115
4123
4137
4141
4161
4162
4169
4174
4184
4223
4275
4280
4282
4302
4306
4310
4346
4359
4369
4393
4413
4431
4441
4446
4452
4454
4464
4506
4518
4527
4538
4558
4577
4586
4602
4621
4623
4649
4684
4715
4743
4751
4766
4799
4809
4841
4845
4851
4864
4906
4908
4920
4940
4942
4946
4976
4992
5008
5016
5020
5048
5060
5080
5090
5103
5111
5125
5129
5226
5237
5285
5293
5297
5301
5351
5380
5403
5405
5407
5428
5440
5446
5457
5464
5490
5505
5524
5538
5540
5570
5584
5590
5612
5614
5689
5695
5699
5719
5729
5764
5778
5790
5794
5812
5917
5924
5928
5932
5964
5967
6034
6036
6037
6088
6181
6198
6199
6258
6389
6590
6620
6636
6694
6702
6703
6705
6764
6765
6773
6794
6829
6851
6859
6876
6899
6962
6972
6974
7018
7021
7040
7050
7075
7078
7150
7173
7190
7200
7218
7225
7259
7275
7297
7323
7327
7360
7363
7368
7383
7408
7415
7424
7435
7436
7443
7462
7486
7498
7499
7504
7505
7519
7576
7583
7587
7597
7603
7606
7616
7630
7647
7648
7664
7674
7687
7713
7717
7735
7739
7740
7761
7769
7803
7808
7875
7894
7897
7900
7922
7937
7948
7949
7950
8041
8049
8050
8075
8078
8101
8104
8108
8116
8127
8189
8228
8230
8247
8309
8318
8328
8338
8366
8384
8443
8471
8473
8497
8509
8537
8568
8595
8600
8656
8719
8732
8735
8748
8759
8765
8798
8803
8851
8876
8916
8951
8954
8975
8978
8989
9134
9135
9175
9180
9192
9206
9208
9211
9283
9326
9332
9341
9343
9351
9354
9356
9369
9377
9407
9408
9420
9429
9472
9509
9520
9562
9572
9613
9614
9634
9645
9658
9756
9781
9890
9970
9975
9976
10050
10089
10090
10096
10137
10156
10181
10194
10228
10290
10373
10376
10377
10380
10390
10396
10418
10432
10434
10447
10457
10581
10582
10586
10589
10610
10612
10636
10643
10645
10689
10693
10694
10715
10717
10742
10752
10754
10808
10823
10828
10838
10841
10863
10978
11028
11042
11077
11090
11123
11124
11147
11183
11219
11225
11226
11257
11270
11271
11282
11287
11320
11324
11338
11344
11389
11406
11416
11425
11439
11512
11526
11606
11617
11631
11638
11639
11649
11664
11679
11692
11696
11698
11746
11784
11797
11801
11804
11816
11865
11897
11908
11911
11921
11939
11984
12050
12060
12065
12069
12103
12107
12149
12150
12151
12226
12231
12246
12313
12315
12325
12342
12392
12401
12419
12433
12493
12501
12505
12531
12544
12555
12556
12557
12577
12578
12589
12630
12642
12651
12678
12685
12686
12690
12783
12791
12795
12849
12850
12860
12894
12953
12955
12962
12980
13073
13074
13075
13076
13087
13134
13144
13161
13190
13210
13218
13250
13256
13261
13269
13334
13358
13363
13384
13446
13479
13483
13505
13506
13510
13545
13546
13573
13668
13669
13694
13780
13783
13793
13812
13815
13817
13840
13962
14010
14013
14018
14020
14022
14026
14028
14040
14043
14044
14046
14052
14068
14076
14093
14096
14105
14111
14140
14143
14147
14149
14157
14179
14278
14288
14319
14352
15091
15191
15194
15223
15239
15291
15317
15323
15328
15329
15335
15376
15386
15389
15400
15405
