0
12
20
37
61
73
123
136
150
173
185
193
199
201
203
224
247
275
286
293
322
328
332
340
344
381
387
401
412
459
496
515
532
538
556
592
598
602
628
650
658
669
685
700
710
727
739
795
866
882
884
914
921
931
934
938
966
972
980
1006
1011
1014
1025
1042
1076
1086
1090
1102
1104
1108
1138
1168
1179
1191
1211
1215
1217
1251
1257
1261
1286
1292
1314
1378
1379
1382
1400
1418
1426
1432
1440
1456
1461
1470
1475
1477
1523
1527
1537
1555
1569
1586
1614
1616
1635
1675
1681
1689
1695
1711
1717
1724
1744
1759
1779
1784
1794
1821
1834
1835
1855
1875
1903
1909
1923
1931
1955
1973
2015
2049
2097
2100
2104
2176
2178
2239
2266
2272
2278
2284
2332
2358
2362
2394
2401
2409
2415
2430
2446
2522
2530
2542
2568
2574
2580
2584
2610
2647
2671
2718
2756
2815
2839
2847
2859
2861
2863
2901
2919
2929
2941
2971
2989
3027
3044
3046
3058
3069
3100
3102
3128
3134
3140
3141
3180
3186
3205
3208
3211
3216
3221
3222
3228
3238
3239
3243
3253
3272
3276
3279
3293
3296
3302
3318
3330
3332
3348
3358
3399
3421
3424
3476
3487
3501
3504
3508
3527
3537
3558
3567
3585
3596
3603
3605
3623
3639
3701
3721
3723
3746
3758
3775
3789
3808
3813
3866
3872
3879
3881
3885
3887
3899
3909
3923
3940
3948
3957
3987
4004
4006
4035
4043
4057
4073
4147
4182
4186
4187
4196
4210
4231
4234
4264
4279
4284
4298
4310
4311
4319
4322
4330
4337
4346
4356
4359
4360
4365
4370
4385
4391
4411
4424
4435
4448
4464
4478
4482
4497
4503
4527
4560
4602
4611
4633
4641
4649
4659
4678
4698
4734
4745
4755
4762
4770
4786
4791
4799
4801
4829
4833
4837
4849
4870
4883
4910
4914
4926
4946
4984
4986
5014
5016
5022
5026
5028
5030
5036
5060
5072
5084
5090
5101
5113
5119
5123
5133
5147
5165
5177
5179
5201
5232
5236
5255
5261
5301
5313
5329
5362
5366
5372
5380
5385
5409
5419
5421
5440
5450
5455
5484
5524
5534
5536
5562
5574
5586
5596
5614
5659
5671
5693
5699
5701
5703
5709
5776
5780
5808
5824
5879
5883
5892
5981
5984
6025
6094
6182
6197
6212
6213
6377
6399
6504
6524
6620
6638
6690
6759
6770
6774
6790
6803
6830
6860
6864
6896
6897
6917
6977
7063
7150
7187
7188
7190
7193
7236
7246
7291
7309
7316
7320
7331
7366
7397
7437
7439
7467
7472
7480
7485
7499
7505
7535
7588
7608
7610
7611
7614
7656
7669
7675
7679
7702
7707
7723
7753
7754
7767
7802
7808
7858
7894
7903
7937
7939
7941
7943
7962
8004
8063
8082
8089
8098
8122
8130
8197
8203
8225
8229
8233
8243
8244
8247
8250
8262
8265
8266
8285
8294
8295
8297
8304
8307
8318
8320
8325
8326
8360
8365
8374
8375
8384
8455
8473
8504
8519
8538
8596
8597
8601
8652
8665
8666
8673
8701
8707
8719
8765
8813
8851
8856
8905
8911
8922
8928
8941
8950
8957
8989
9013
9137
9162
9173
9175
9176
9211
9299
9303
9325
9327
9333
9334
9346
9392
9416
9427
9453
9518
9524
9525
9563
9594
9609
9645
9701
9783
9791
9887
9924
9939
9940
9952
9956
9986
10089
10111
10117
10123
10128
10137
10140
10141
10143
10149
10158
10172
10187
10203
10226
10269
10308
10326
10335
10370
10371
10381
10432
10436
10484
10533
10688
10715
10736
10743
10751
10840
10842
10873
10875
10932
10945
11031
11032
11038
11065
11073
11081
11089
11098
11102
11111
11126
11128
11164
11278
11317
11328
11333
11345
11360
11392
11417
11424
11437
11463
11480
11481
11530
11578
11639
11640
11667
11704
11748
11756
11761
11773
11786
11802
11814
11821
11833
11908
11924
12043
12048
12101
12170
12182
12199
12233
12243
12251
12260
12307
12331
12399
12429
12440
12457
12482
12488
12499
12506
12508
12509
12520
12524
12528
12534
12535
12538
12542
12588
12593
12600
12611
12612
12617
12666
12669
12670
12675
12738
12805
12814
12860
12882
12903
12945
12962
13063
13080
13087
13094
13096
13105
13127
13133
13139
13157
13163
13169
13184
13185
13206
13244
13245
13259
13260
13265
13266
13291
13316
13327
13335
13358
13383
13389
13471
13473
13494
13510
13527
13529
13531
13534
13535
13548
13552
13614
13653
13669
13676
13694
13713
13755
13756
13757
13761
13775
13784
13797
13800
13809
13840
13995
14010
14018
14026
14056
14060
14089
14105
14109
14155
14158
14165
14180
14206
14277
14320
14339
14340
14343
14344
14348
15136
15224
15240
15258
15259
15267
15275
15317
15319
15341
15344
15369
15374
15391
15399
15405
