0
20
55
59
63
77
79
102
112
125
138
156
173
184
197
222
233
275
313
387
402
421
429
433
451
467
497
519
524
544
560
582
594
598
604
608
640
671
678
685
691
693
703
715
745
753
765
774
789
830
842
876
878
882
915
921
952
953
955
962
969
971
983
985
986
988
996
998
1002
1017
1036
1042
1064
1072
1088
1102
1110
1130
1154
1168
1203
1227
1229
1236
1245
1270
1272
1310
1326
1340
1365
1378
1380
1387
1389
1408
1438
1461
1476
1477
1495
1519
1523
1547
1575
1583
1607
1614
1620
1647
1651
1659
1666
1691
1695
1703
1707
1719
1736
1741
1742
1744
1750
1763
1772
1780
1785
1823
1843
1879
1881
1883
1901
1999
2067
2102
2108
2126
2164
2177
2186
2195
2203
2205
2221
2223
2272
2278
2284
2288
2315
2369
2378
2409
2434
2465
2475
2477
2481
2483
2485
2497
2520
2574
2592
2599
2640
2660
2669
2687
2716
2726
2750
2754
2783
2791
2812
2831
2845
2847
2859
2861
2867
2921
2955
2977
2985
3005
3017
3019
3031
3054
3058
3063
3080
3114
3128
3130
3143
3150
3157
3159
3166
3213
3225
3227
3243
3249
3257
3270
3289
3300
3333
3376
3385
3396
3397
3407
3410
3421
3432
3447
3499
3530
3543
3565
3581
3594
3595
3623
3645
3657
3665
3685
3701
3715
3749
3753
3763
3772
3800
3836
3840
3842
3851
3855
3866
3869
3879
3889
3919
3929
3933
3934
3955
3963
3964
3989
3995
4012
4014
4029
4043
4047
4055
4059
4063
4125
4133
4161
4169
4171
4181
4208
4233
4271
4275
4292
4304
4330
4352
4354
4370
4413
4431
4448
4450
4454
4497
4529
4546
4556
4560
4577
4584
4613
4639
4696
4724
4745
4748
4753
4766
4780
4805
4813
4815
4821
4833
4835
4843
4847
4855
4859
4861
4886
4892
4898
4934
4954
4956
5004
5014
5020
5038
5044
5046
5064
5066
5074
5084
5088
5115
5127
5135
5153
5207
5213
5220
5265
5295
5317
5323
5353
5455
5463
5505
5514
5528
5540
5556
5570
5667
5677
5683
5685
5687
5695
5699
5713
5715
5721
5725
5755
5757
5770
5780
5782
5812
5816
5879
5883
5925
5929
5931
5932
5964
5984
6024
6032
6093
6187
6377
6389
6488
6521
6550
6584
6590
6623
6642
6765
6777
6782
6789
6792
6801
6818
6820
6868
6878
6898
6899
6917
6920
6957
6964
6970
6975
6977
6981
6985
7006
7078
7099
7114
7182
7190
7217
7226
7253
7313
7314
7324
7338
7348
7358
7361
7385
7387
7390
7393
7394
7408
7409
7413
7415
7435
7442
7454
7474
7479
7481
7484
7485
7522
7580
7601
7607
7611
7620
7646
7653
7668
7693
7698
7716
7718
7740
7754
7839
7900
7903
7935
7941
7957
7963
7965
8036
8037
8040
8042
8060
8069
8076
8078
8178
8202
8203
8205
8228
8231
8244
8261
8267
8273
8287
8293
8294
8299
8302
8304
8308
8309
8310
8315
8316
8327
8335
8336
8359
8379
8400
8418
8435
8459
8471
8474
8509
8543
8550
8555
8559
8583
8592
8721
8729
8746
8747
8769
8804
8809
8876
8927
8928
8943
8967
8988
8998
9080
9152
9174
9177
9188
9213
9230
9283
9297
9322
9328
9333
9352
9377
9390
9395
9420
9425
9470
9520
9523
9524
9525
9566
9596
9620
9629
9640
9650
9659
9791
9890
9929
9988
9989
10033
10084
10107
10116
10117
10118
10119
10121
10130
10152
10154
10156
10159
10161
10193
10273
10285
10356
10374
10377
10411
10419
10433
10457
10596
10597
10600
10613
10615
10635
10677
10701
10715
10735
10737
10750
10755
10759
10779
10825
10829
10841
10927
10928
10944
11073
11074
11086
11159
11160
11183
11257
11266
11320
11346
11352
11354
11433
11462
11510
11607
11617
11622
11626
11630
11632
11761
11795
11814
11829
11905
12051
12053
12104
12146
12150
12153
12199
12245
12250
12260
12278
12323
12355
12371
12381
12407
12441
12448
12511
12519
12526
12532
12552
12580
12625
12668
12677
12694
12781
12787
12791
12795
12805
12813
12825
12846
12875
12884
12888
12902
12904
12908
12963
13026
13070
13076
13103
13107
13111
13126
13130
13139
13144
13145
13156
13163
13169
13187
13189
13190
13211
13213
13244
13351
13358
13377
13388
13391
13406
13413
13481
13495
13497
13505
13508
13527
13538
13541
13551
13553
13614
13641
13653
13663
13684
13689
13707
13758
13781
13798
13815
13824
13836
13838
13995
14010
14028
14038
14039
14040
14046
14052
14057
14058
14061
14077
14093
14094
14105
14140
14145
14153
14157
14159
14168
14210
14344
15238
15264
15265
15268
15293
15298
15309
15313
15320
15323
15325
15326
15333
15342
15346
15368
15371
15372
15386
15395
15408
