10
35
53
67
69
75
79
83
106
108
140
151
161
175
216
218
220
222
224
235
271
284
286
289
301
320
348
352
363
373
379
394
397
408
414
418
431
443
445
447
455
465
528
550
576
588
648
659
683
712
715
723
734
736
743
751
753
776
837
884
915
919
921
929
942
1017
1050
1060
1074
1090
1110
1158
1164
1170
1175
1179
1213
1215
1227
1229
1236
1257
1259
1284
1290
1308
1336
1382
1395
1426
1440
1452
1465
1469
1473
1476
1477
1483
1523
1539
1543
1553
1561
1566
1568
1571
1581
1584
1641
1643
1649
1653
1660
1666
1695
1721
1746
1750
1772
1797
1808
1828
1843
1861
1871
1879
1895
1913
1943
1975
1983
2005
2033
2045
2055
2087
2095
2104
2112
2120
2162
2173
2197
2205
2213
2215
2227
2237
2247
2264
2268
2284
2292
2298
2309
2311
2344
2350
2367
2390
2399
2413
2421
2432
2442
2444
2452
2463
2469
2475
2483
2487
2493
2504
2510
2512
2520
2526
2556
2593
2595
2602
2634
2647
2649
2671
2688
2698
2716
2772
2780
2803
2805
2809
2833
2895
2940
2945
2961
2987
2999
3028
3044
3046
3053
3054
3058
3069
3079
3082
3086
3101
3102
3141
3152
3190
3194
3208
3235
3236
3238
3274
3279
3287
3289
3292
3302
3303
3318
3327
3338
3364
3389
3413
3418
3426
3434
3435
3437
3439
3457
3460
3484
3540
3558
3579
3595
3598
3613
3627
3649
3651
3675
3677
3691
3707
3713
3756
3769
3793
3804
3814
3830
3838
3844
3850
3856
3866
3879
3888
3890
3903
3909
3916
3921
3945
3957
3959
3963
3972
3989
4001
4009
4013
4015
4023
4047
4069
4075
4131
4151
4161
4176
4178
4195
4196
4204
4209
4237
4239
4262
4308
4351
4367
4370
4374
4376
4379
4395
4397
4411
4443
4452
4503
4512
4544
4548
4566
4592
4604
4609
4619
4623
4649
4665
4702
4715
4728
4732
4734
4753
4760
4788
4801
4805
4819
4831
4853
4866
4868
4884
4922
4938
4946
4982
4986
4996
5026
5028
5072
5096
5099
5109
5151
5173
5175
5177
5179
5195
5230
5247
5251
5255
5265
5273
5279
5281
5291
5299
5309
5313
5315
5333
5360
5368
5378
5385
5393
5403
5409
5419
5434
5468
5540
5548
5584
5623
5665
5671
5673
5689
5703
5709
5713
5743
5792
5796
5822
5879
5923
5926
5947
6025
6027
6030
6033
6037
6112
6152
6182
6198
6200
6212
6496
6520
6573
6605
6606
6705
6773
6775
6779
6781
6789
6790
6803
6805
6809
6816
6843
6849
6884
6903
6905
6917
6965
6966
6971
6978
6984
7012
7018
7063
7078
7098
7218
7220
7221
7249
7266
7268
7272
7277
7306
7311
7347
7348
7394
7395
7406
7413
7419
7431
7462
7471
7476
7491
7496
7524
7585
7599
7611
7626
7637
7644
7658
7662
7670
7673
7678
7688
7718
7726
7740
7746
7747
7774
7803
7840
7841
7844
7911
7923
7949
7956
7958
7959
7963
7965
8033
8041
8070
8076
8093
8203
8216
8240
8243
8247
8249
8250
8254
8274
8277
8280
8294
8310
8323
8329
8383
8457
8458
8538
8555
8556
8601
8633
8653
8670
8671
8678
8758
8804
8811
8831
8905
8917
8926
8946
8951
8953
8988
8989
8993
9009
9015
9024
9050
9080
9095
9136
9153
9157
9212
9217
9234
9237
9277
9298
9353
9368
9370
9392
9408
9501
9522
9525
9559
9560
9597
9613
9620
9680
9683
9755
9791
9802
9848
9941
9948
9952
9977
9988
9993
10034
10084
10085
10089
10120
10127
10140
10144
10154
10176
10192
10205
10226
10293
10313
10389
10396
10412
10431
10435
10436
10484
10588
10612
10644
10677
10689
10748
10756
10772
10775
10807
10828
10838
10865
10932
10945
10978
11074
11219
11429
11433
11513
11523
11578
11630
11645
11650
11655
11690
11696
11704
11746
11748
11752
11782
11830
11832
11862
11864
11865
11868
11877
11880
11890
11905
11914
11927
12051
12065
12103
12173
12251
12260
12278
12285
12305
12381
12433
12436
12451
12492
12496
12501
12506
12531
12582
12600
12605
12608
12625
12630
12657
12668
12672
12681
12684
12785
12790
12847
12850
12859
12892
12902
12904
12922
12948
13026
13085
13110
13131
13135
13153
13173
13183
13199
13201
13202
13223
13291
13293
13294
13335
13342
13353
13389
13411
13476
13479
13485
13486
13489
13499
13506
13547
13578
13592
13593
13707
13711
13712
13713
13757
13763
13775
13776
13779
13793
13808
13813
13814
13817
13962
14010
14022
14035
14039
14073
14094
14106
14143
14149
14290
14343
15136
15238
15241
15258
15263
15264
15267
15275
15299
15310
15312
15315
15319
15323
15328
15330
15341
15347
15364
15371
15373
15380
15381
15399
15401
