12
77
179
184
188
303
315
477
618
681
712
819
862
1025
1148
1261
1379
1408
1442
1456
1497
1588
1609
1635
1774
1853
2019
2041
2168
2182
2221
2241
2307
2350
2506
2558
2597
2843
2879
2889
2993
3081
3143
3152
3170
3192
3225
3317
3481
3560
3564
3613
3791
3803
3806
3836
3929
3987
4018
4037
4123
4370
4426
4429
4607
4684
4847
4932
4982
5020
5123
5193
5230
5411
5625
5681
6071
6637
6775
7023
7076
7352
7379
7454
7462
7470
7477
7487
7492
7529
7642
7736
7739
7894
8010
8220
8252
8294
8372
8435
8498
8510
8595
8769
8782
8791
8829
8859
8911
8917
9180
9188
9390
9847
9894
9941
10087
10334
10586
10643
10776
11337
11563
11663
11905
12218
12278
12348
12521
12538
12577
12992
13057
13067
13102
13103
13123
13155
13264
13513
13545
13552
13600
13776
13779
13824
13963
14035
14037
14083
14349
15325
15334
15337
