16
49
146
147
243
265
524
526
530
546
711
717
851
921
1013
1036
1088
1215
1231
1253
1322
1391
1481
1586
1775
2059
2063
2087
2324
2500
2574
2599
2642
2700
2801
2815
2865
3028
3031
3050
3104
3110
3114
3126
3224
3396
3412
3434
3469
3478
3633
3879
3883
3887
3899
3989
4021
4119
4195
4239
4264
4310
4365
4596
4617
4886
4948
4980
5052
5131
5159
5226
5237
5239
5287
5317
5405
5436
5532
5542
5669
5721
5725
5735
5780
5800
5917
5980
6038
6093
6571
6899
7190
7357
7368
7424
7436
7437
7439
7463
7588
7596
7626
7885
8105
8109
8210
8255
8293
8378
8382
8434
8592
8595
8619
8759
8809
8907
9162
9209
9342
9355
9369
9407
9463
9675
10099
10436
10928
11285
11747
11825
11837
11868
12058
12543
12666
12805
12812
12824
13074
13234
13556
13586
13694
13829
14089
14169
14347
14349
15136
15255
15313
15392
