37
175
181
267
401
435
646
652
655
701
731
810
1134
1168
1236
1385
1389
1467
1479
1481
1517
1583
1645
1750
1808
1828
1855
1965
2191
2263
2264
2344
2428
2491
2504
2537
2660
2799
2817
2951
3044
3218
3281
3326
3327
3342
3385
3391
3415
3504
3553
3639
3641
3665
3755
3763
3779
3795
3888
3893
3895
4034
4049
4182
4188
4310
4369
4538
4607
4736
4819
4843
4874
5016
5018
5032
5060
5082
5123
5323
5360
5401
5454
5607
5774
5820
6523
6571
6701
6722
6925
7201
7229
7350
7383
7434
7581
7603
7664
7712
7713
7717
7739
8122
8127
8240
8282
8340
8658
8677
8729
8997
9265
9330
9508
9562
9790
10141
10160
10237
10260
10277
10307
10753
10936
11029
11086
11512
11603
11605
11831
11905
12055
12361
12517
12588
12590
12617
12755
12952
13029
13076
13176
13255
13321
13343
13408
13531
13540
14070
14369
15256
15312
15333
