39
127
156
293
393
404
459
628
650
743
767
828
948
960
998
1052
1098
1175
1395
1511
1571
1576
1586
1639
1738
1753
1971
2077
2093
2304
2483
2608
2654
2663
2787
2849
2997
3042
3168
3241
3421
3521
3529
3565
3606
3629
3651
3796
3833
3864
3916
3995
4099
4207
4211
4228
4229
4259
4262
4294
4395
4424
4441
4678
4709
4734
4745
4748
4851
4964
5036
5066
5098
5107
5311
5376
5503
5749
5880
6077
6421
6795
6800
6922
7228
7298
7350
7366
7368
7402
7432
7531
7590
7727
7739
7910
7947
8043
8075
8243
8250
8283
8302
8375
8458
8506
8922
8969
8990
8997
9395
9441
9461
9539
9566
9614
9969
10111
10135
10173
10277
10433
10447
10687
11034
11063
11638
11705
11928
12531
12542
12623
12738
12847
12923
13081
13104
13125
13211
13338
13472
13482
13499
13662
13675
13684
14045
14320
14350
14351
15270
15272
15333
15395
