0
6
14
15
17
54
58
63
118
124
128
132
160
176
194
206
233
235
263
282
287
307
311
313
328
336
352
376
379
381
389
417
440
449
468
472
484
489
492
498
504
520
526
536
540
551
565
583
584
586
589
595
619
621
622
632
635
670
672
674
679
713
716
745
773
782
788
790
800
811
813
833
839
845
863
873
889
897
930
938
944
958
986
1016
1071
1099
1107
1117
1127
1131
1140
1141
1148
1164
1172
1183
1185
1189
1212
1224
1230
1238
1248
1252
1256
1257
1264
1265
1278
1290
1292
1296
1306
1335
1337
1342
1375
1377
1400
1404
1423
1463
1471
1487
1489
1490
1514
1516
1519
1528
1530
1542
1585
1594
1600
1610
1625
1666
1678
1685
1696
1705
1709
1769
1787
1791
1806
1813
1821
1822
1869
1885
1892
1909
1911
1923
1957
1961
1965
1983
2013
2020
2024
2050
2073
2134
2137
2163
2164
2172
2186
2201
2206
2210
2228
2237
2241
2249
2257
2264
2268
2269
2270
2282
2286
2288
2296
2299
2303
2357
2365
2380
2381
2392
2421
2423
2453
2460
2478
2495
2496
2505
2517
2528
2529
2531
2553
2574
2587
2591
2597
2602
2608
2635
2647
2651
2657
2659
2667
2680
2695
2708
2715
2720
2729
2755
2760
2762
2771
2773
2777
2779
2781
2790
2803
2812
2814
2830
2832
2838
2861
2877
2886
2896
2906
2912
2918
2950
2958
2964
2981
2984
2989
2995
3008
3010
3023
3030
3033
3068
3092
3100
3111
3117
3170
3172
3179
3181
3192
3198
3216
3228
3232
3240
3262
3277
3290
3307
3316
3319
3320
3338
3342
3384
3424
3430
3458
3466
3480
3499
3525
3528
3531
3540
3545
3554
3558
3579
3621
3633
3670
3678
3683
3701
3731
3747
3784
3804
3810
3840
3844
3850
3857
3875
3884
3891
3908
3915
3919
3923
3942
3943
3965
4006
4023
4025
4039
4040
4041
4045
4055
4062
4075
4112
4118
4126
4149
4158
4165
4168
4170
4183
4226
4231
4239
4245
4255
4257
4259
4269
4279
4297
4316
4318
4362
4370
4392
4402
4422
4430
4439
4495
4506
4520
4522
4524
4530
4601
4603
4634
4642
4646
4670
4679
4711
4734
4741
4761
4769
4788
4797
4799
4810
4813
4814
4817
4820
4825
4838
4839
4840
4848
4852
4856
4861
4880
4883
4886
4898
4914
4921
4925
4938
4939
4957
4962
4997
5003
5004
5006
5015
5026
5046
5049
5053
5054
5057
5086
5092
5134
5142
5151
5156
5162
5166
5170
5195
5225
5235
5261
5268
5269
5281
5304
5326
5333
5336
5345
5347
5354
5390
5473
5481
5530
5569
5575
5587
5592
5604
5615
5661
5700
5708
5716
5729
5738
5740
5761
5785
5797
5821
5825
5837
5843
5857
5873
5881
5894
5906
5910
5973
5984
5991
6013
6047
6054
6058
6071
6073
6076
6118
6128
6142
6144
6164
6193
6204
6206
6212
6215
6217
6238
6250
6263
6280
6287
6304
6306
6315
6337
6344
6346
6369
6400
6402
6404
6438
6459
6463
6484
6510
6517
6521
6531
6534
6547
6559
6585
6611
6619
6621
6646
6679
6684
6685
6694
6696
6702
6704
6706
6715
6726
6759
6765
6777
6793
6814
6823
6826
6847
6857
6884
6925
6929
6933
6941
6945
6980
7008
7016
7018
7023
7032
7045
7075
7097
7129
7131
7159
7161
7165
7187
7209
7219
7259
7263
7283
7292
7306
7310
7314
7335
7337
7348
7367
7371
7377
7389
7394
7396
7398
7410
7434
7481
7487
7495
7507
7513
7529
7537
7554
7567
7579
7587
7597
7601
7607
7610
7656
7692
7705
7754
7768
7775
7785
7789
7801
7807
7812
7814
7819
7822
7823
7843
7851
7860
7872
7874
7897
7922
7925
7937
7954
7959
7971
7977
7983
7985
8022
8024
8026
8030
8031
8045
8051
8055
8063
8098
8105
8109
8123
8127
8169
8179
8195
8211
8218
8224
8238
8242
8250
8252
8258
8289
8307
8311
8313
8322
8335
8375
8395
8404
8406
8409
8443
8451
8469
8471
8477
8494
8508
8511
8520
8526
8539
8552
8570
8587
8601
8603
8607
8658
8685
8687
8697
8722
8731
8737
8743
8749
8768
8772
8774
8778
8796
8798
8818
8820
8828
8850
8854
8865
8867
8877
8888
8891
8894
8900
8903
8908
8918
8939
8960
8967
8980
8995
9023
9029
9039
9046
9057
9065
9080
9086
9098
9123
9129
9162
9180
9247
9267
9323
9333
9345
9377
9390
9392
9398
9404
9417
9425
9427
9428
9433
9467
9471
9473
9488
9502
9514
9524
9528
9530
9554
9611
9614
9621
9628
9639
9652
9653
9727
9730
9732
9746
9749
9759
9776
9786
9794
9800
9804
9818
9830
9836
9838
9839
9844
9851
9884
9898
9904
9921
9937
9944
9967
9996
10022
10052
10060
10075
10094
10097
10103
10105
10108
10116
10136
10147
10167
10169
10176
10180
10208
10211
10224
10229
10230
10236
10241
10250
10256
10258
10261
10267
10271
10273
10295
10299
10313
10319
10338
10347
10348
10354
10359
10365
10371
10373
10376
10379
10383
10404
10405
10406
10413
10423
10440
10448
10451
10455
10457
10469
10539
10543
10567
10579
10587
10590
10616
10617
10623
10631
10700
10742
10751
10757
10772
10777
10781
10782
10826
10848
10870
10878
10886
10922
10926
10930
10968
11010
11014
11016
11030
11036
11074
11080
11112
11124
11150
11170
11180
11197
11199
11237
11239
11251
11264
11287
11292
11299
11304
11309
11375
11379
11395
11455
11463
11465
11471
11485
11496
11508
11513
11532
11545
11559
11561
11565
11578
11592
11602
11607
11620
11621
11632
11639
11679
11688
11700
11723
11747
11751
11752
11778
11802
11810
11827
11861
11868
11881
11893
11903
11921
11978
11983
11986
11997
11999
12001
12017
12019
12029
12031
12035
12039
12041
12057
12074
12078
12080
12100
12116
12123
12147
12154
12156
12158
12166
12177
12189
12199
12207
12218
12233
12234
12248
12253
12264
12273
12292
12304
12312
12314
12316
12323
12329
12337
12340
12345
12357
12372
12405
12409
12413
12430
12443
12495
12532
12533
12573
12574
12603
12611
12685
12687
12695
12723
12740
12762
12778
12792
12823
12831
12856
12870
12872
12911
12922
12958
12959
12972
12974
12985
12987
13004
13016
13025
13028
13034
13045
13049
13057
13082
13118
13134
13138
13140
13146
13168
13174
13180
13185
13221
13243
13245
13247
13252
13260
13284
13286
13288
13296
13309
13328
13348
13360
13365
13372
13378
13397
13407
13424
13426
13480
13484
13492
13532
13548
13552
13559
13571
13572
13579
13587
13595
13598
13601
13609
13612
13618
13635
13663
13669
13675
13700
13715
13732
13734
13748
13761
13772
13774
13780
13782
13786
13796
13803
13827
13840
13875
13877
13881
13882
13886
13895
13911
13927
13934
13937
13943
13979
13983
13998
14019
14024
14026
14028
14052
14057
14063
14073
14079
14084
14106
14130
14134
14145
14153
14155
14159
14161
14163
14197
14207
14219
14221
14229
14245
14258
14278
14286
14309
14312
14319
14325
14334
14338
14347
14381
14395
14407
14417
14425
14431
14434
14459
14460
14463
14477
14489
14498
14509
14543
14545
14570
14593
14603
14612
14621
14625
14647
14649
14651
14659
14666
14670
14693
14700
14703
14708
14711
14715
14717
14724
14758
14763
14778
14790
14791
14805
14817
14823
14831
14845
14855
14871
14880
14898
14932
14955
14968
14972
14976
14998
15004
15014
15021
15032
15049
15067
15078
15079
15091
15094
15108
15133
15139
15148
15162
15164
15174
15199
15203
15218
15220
15232
15234
15275
15297
15299
15307
15343
15355
15367
15368
15379
15380
15388
15398
15427
15436
15442
15460
15475
15483
15489
15505
15521
15552
15570
15571
15585
15587
15625
15628
15644
15665
15668
15671
15695
15699
15713
15722
15755
15757
15761
15772
15778
15792
15797
15798
15800
15802
15806
15818
15830
15840
15842
15872
15896
15910
15928
15932
15950
15952
15958
15961
15971
15975
15977
15991
16007
16013
16015
16030
16040
16044
16052
16053
16063
16066
16071
16073
16075
16082
16100
16124
16135
16148
16192
16194
16213
16216
16221
16259
16268
16274
16296
16298
16314
16321
16342
16379
16393
16414
16435
16438
16450
16464
16467
16471
16483
16517
16525
16539
16549
16554
16555
16564
16566
16574
16580
16607
16625
16639
16645
16647
16651
16660
16670
16672
16691
16693
16714
16716
16736
16738
16746
16749
16752
16778
16806
16816
16832
16848
16876
16888
16902
16903
16918
16924
16965
16976
17030
17059
17068
17074
17078
17079
17084
17090
17096
17130
17162
17198
17218
17226
17234
17265
17281
17293
17318
17324
17338
17342
17350
17356
17374
17382
17390
17394
17400
17405
17409
17415
17423
17441
17447
17475
17477
17493
17499
17511
17585
17591
17595
17598
17607
17612
17619
17630
17634
17643
17655
17684
17688
17716
17718
17719
17737
17739
17754
17759
17763
17778
17794
17799
17824
17849
17851
17855
17859
17879
17886
17898
17911
17923
17941
17947
17959
17961
17962
17970
17972
18019
18022
18031
18060
18068
18070
18084
18100
18112
18131
18135
18144
18148
18159
18166
18169
18187
18208
18214
18231
18234
18237
18244
18259
18269
18287
18293
18311
18323
18347
18369
18371
18375
18381
18390
18421
18425
18427
18436
18444
18462
18468
18479
18486
18528
18536
18538
18546
18556
18574
18578
18590
18592
18594
18596
18608
18614
18634
18646
18658
18668
18676
18692
18694
18696
18704
18726
18772
18776
18790
18808
18839
18842
18851
18871
18879
18890
18914
18928
18936
18974
18980
19004
19010
19028
19034
19050
19052
19056
19061
19116
19123
19132
19138
19148
19151
19158
19205
19231
19237
19268
19273
19278
19348
19350
19358
19370
19379
19389
19393
19402
19406
19416
19424
19447
19452
19462
19480
19481
19496
19516
19520
19529
19532
19533
19552
19562
19602
19604
19617
19662
19723
19725
19741
19745
19753
19789
19791
19811
19824
19827
19853
19857
19884
19886
19891
19896
19904
19908
19912
19941
19946
19950
19951
19982
19986
19990
20000
20008
20011
20014
20018
20032
20069
20102
20118
20126
20130
20159
20165
20167
20182
20198
20203
20232
20234
20243
20246
20247
20278
20282
20298
20307
20314
20321
20330
20334
20353
20359
20382
20405
20422
20428
20521
20527
20528
20530
20536
20543
20546
20549
20556
20579
20582
20584
20587
20591
20617
20630
20640
20641
20656
20689
20700
20708
20730
20735
20764
20765
20766
20775
20781
20783
20798
20810
20812
20840
20862
20868
20870
20872
20888
20895
20908
20924
20927
20976
20983
20988
21014
21019
21031
21047
21051
21055
21057
21063
21082
21084
21085
21099
21108
21118
21121
21145
21149
21164
21173
21176
21179
21181
21185
21199
21223
21227
21233
21238
21253
21260
21268
21284
21322
21328
21339
21340
21345
21348
21351
21352
21354
21357
21361
21372
21427
21429
21433
21437
21470
21474
21482
21488
21496
21522
21536
21542
21546
21560
21578
21580
21594
21616
21629
21637
21648
21679
21683
21691
21708
21723
21760
21773
21821
21829
21837
21845
21847
21853
21906
21931
21935
21941
21949
21951
21958
21962
21964
21978
21980
22036
22038
22048
22063
22066
22068
22078
22121
22135
22144
22153
22166
22192
22197
22201
22203
22244
22250
22252
22257
22259
22265
22283
22287
22293
22301
22302
22310
22322
22326
22350
22353
22365
22375
22393
22408
22427
22442
22450
22464
22488
22491
22507
22511
22514
22522
22536
22539
22548
22550
22552
22564
22614
22620
22622
22624
22629
22639
22651
22678
22688
22696
22702
22725
22726
22735
22744
22749
22751
22762
22774
22776
22791
22792
22805
22812
22813
22830
22834
22851
22852
22854
22860
22871
22872
22891
22892
22893
22913
22914
22918
22920
22922
22925
22930
22935
22938
22958
22965
22969
22976
22988
22996
23001
23031
23035
23037
23052
23056
23066
23079
23087
23092
23096
23109
23119
23154
23187
23188
23198
23199
23208
23214
23221
23225
23236
23237
23251
23271
23277
23289
23292
23294
23298
23309
23313
23327
23340
23368
23380
23383
23388
23402
23406
23412
23427
23430
23449
23474
23478
23482
23488
23505
23543
23554
23559
23565
23568
23574
23582
23608
23619
23630
23652
23678
23702
23703
23716
23724
23735
23741
23751
23805
23807
23808
23849
23854
23874
23878
23880
23884
23886
23887
23889
23891
23893
23909
23912
23915
23917
23920
23924
23931
23951
23956
23961
24005
24009
24012
24014
24025
24054
24081
24085
24098
24100
24123
24139
24142
24145
24153
24162
24164
24165
24222
24233
24237
24248
24257
24259
24267
24271
24276
24286
24291
24292
24294
24304
24319
24343
24347
24360
24388
24390
24396
24421
24426
24428
24445
24459
24488
24517
24530
24544
24562
24577
24595
24603
24615
24619
24621
24623
24625
24633
24641
24665
24675
24677
24702
24706
24709
24712
24714
24715
24729
24732
24738
24740
24746
24760
24771
24788
24791
24796
24798
24805
24813
24828
24837
24854
24864
24873
24889
24899
24900
24909
24911
24920
24936
24937
24958
24996
25010
25019
25033
25040
25067
25093
25128
25130
25132
25134
25191
25217
25220
25248
25259
25283
25292
25295
25303
25305
25307
25315
25328
25350
25370
25401
25402
25404
25414
25416
25417
25433
25452
25460
25462
25474
25492
25518
25527
25539
25553
25555
25569
25613
25617
25626
25644
25650
25656
25665
25686
25757
25765
25769
25785
25795
25799
25808
25810
25819
25823
25844
25846
25860
25866
25885
25919
25925
25934
25967
25969
25975
25982
25983
25991
25993
25997
26014
26016
26068
26081
26099
26157
26161
26168
26171
26199
26217
26225
26228
26246
26248
26250
26253
26266
26272
26282
26289
26303
26333
26350
26373
26391
26401
26423
26431
26434
26437
26441
26449
26461
26463
26478
26496
26498
26499
26500
26506
26509
26544
26546
26554
26556
26573
26575
26583
26592
26620
26627
26633
26637
26640
26659
26713
26740
26748
26784
26790
26800
26803
26807
26828
26829
26842
26848
26868
26870
26881
26903
26941
26980
27035
27039
27043
27053
27057
27067
27072
27092
27109
27121
27129
27132
27136
27138
27146
27150
27162
27176
27209
27220
27222
27249
27255
27269
27272
27315
27330
27342
27353
27363
27372
27392
27396
27422
27424
27445
27453
27468
27507
27517
27523
27526
27538
27545
27550
27568
27569
27577
27610
27622
27661
27675
27677
27680
27685
27695
27697
27701
27714
27721
27724
27749
27776
27805
27814
27820
27821
27822
27841
27847
27848
27853
27860
27869
27891
27894
27898
27909
27919
27922
27941
27943
27945
27953
27962
27964
27973
27988
28009
28011
28025
28032
28043
28055
28058
28063
28066
28077
28085
28086
28089
28092
28093
28101
28102
28110
28114
28116
28118
28132
28157
28192
28215
28224
28230
28246
28250
28258
28264
28301
28309
28315
28319
28326
28327
28328
28329
28332
28346
28350
28359
28360
28376
28400
28423
28426
28460
28463
28469
28491
28492
28501
28507
28511
28557
28568
28586
28596
28597
28600
28611
28620
28635
28636
28648
28657
28660
28664
28667
28681
28694
28698
28716
28718
28719
28733
28744
28752
28762
28767
28773
28783
28793
28801
28805
28811
28821
28833
28849
28867
28875
28882
28894
28925
28939
28948
28972
28983
28989
28993
29039
29041
29043
29049
29060
29077
29078
29091
29097
29101
29105
29111
29118
29129
29142
29153
29185
29221
29225
29228
29229
29235
29243
29244
29251
29254
29256
29282
29283
29285
29307
29320
29340
29348
29351
29358
29365
29368
29372
29401
29416
29433
29435
29437
29445
29469
29484
29490
29493
29498
29505
29514
29527
29531
29533
29534
29539
29545
29550
29585
29586
29590
29597
29601
29633
29650
29664
29690
29699
29706
29712
29729
29732
29746
29750
29755
29760
29764
29769
29773
29780
29781
29786
29789
29790
29827
29830
29833
29839
29840
29843
29845
29854
29859
29866
29887
29893
29894
29903
29906
29912
29916
29922
29931
29945
29947
29970
29974
29987
30009
30016
30017
30020
30028
30030
30031
30033
30036
30044
30055
30060
30072
30085
30098
30106
30110
30120
30123
30126
30130
30141
30148
30156
30157
30161
30181
30195
30196
30203
30215
30217
30240
30252
30258
30287
30298
30302
30303
30310
30313
30315
30316
30327
30331
30339
30349
30354
30360
30365
30378
30383
30388
30390
30403
30412
30416
30417
30420
30444
30448
30468
30476
30480
30488
30500
30502
30511
30518
30520
30526
30529
30536
30546
30548
30556
30557
30558
30566
30568
30569
30576
30582
30591
30613
30621
30627
30639
30647
30653
30665
30677
30682
30689
30692
30693
30702
30719
30733
30743
30744
30747
30748
30761
30779
30787
30788
30815
30835
30873
30879
30884
30905
30911
30941
30943
30949
30965
30984
31006
31071
31077
31079
31083
31129
31140
31142
31152
31165
31166
31177
31188
31203
31230
31241
31264
31266
31274
31284
31289
31298
31324
31364
31369
31402
31414
31425
31439
31458
31471
31474
31481
31486
31494
31496
31525
31526
31530
31537
31540
31544
31546
31560
31564
31569
31593
31603
31619
31637
31651
31665
31674
31701
31709
31717
31735
31743
31747
31751
31757
31763
31769
31773
31786
31788
31790
31796
31821
31824
31826
31838
31865
31871
31886
31902
31905
31925
31934
31953
31955
31960
31963
32002
32011
32020
32067
32082
32091
32104
32109
32111
32127
32134
32147
32150
32154
32177
32182
32196
32215
32220
32222
32229
32266
32281
32291
32307
32316
32322
32327
32330
32368
32372
32386
32427
32440
32450
32452
32456
32463
32484
32491
32493
32508
32536
32540
32548
32557
32563
32567
32568
32609
32615
32627
32670
32686
32714
32720
32740
32744
32750
32754
32769
32783
32789
32799
32834
32874
32893
32908
32917
32923
32939
32941
32945
32992
32998
33028
33040
33062
33066
33094
33106
33107
33122
33143
33144
33148
33181
33193
33198
33205
33215
33217
33222
33229
33233
33240
33241
33246
33248
33250
33263
33264
33292
33311
33333
33358
33370
33403
33408
33410
33423
33426
33457
33460
33464
33469
33471
33505
33526
33528
33533
33545
33551
33563
33569
33587
33588
33590
33596
33602
33633
33639
33666
33680
33689
33720
33724
33759
33763
33792
33830
33833
33848
33850
33860
33873
33883
33897
33899
33900
33903
33904
33917
33946
33972
33983
34015
34022
34026
34036
34038
34050
34056
34058
34063
34073
34078
34112
34116
34120
34124
34132
34140
34175
34198
34199
34203
34207
34212
34219
34221
34236
34244
34263
34278
34280
34290
34294
34298
34300
34304
34310
34312
34326
34330
34351
34372
34379
34409
34413
34424
34435
34436
34438
34442
34443
34445
34446
34453
34460
34471
34474
34480
34503
34509
34511
34517
34529
34544
34550
34598
34604
34618
34632
34641
34646
34651
34655
34672
34680
34711
34716
34728
34741
34762
34766
34772
34774
34782
34789
34795
34803
34810
34831
34833
34847
34852
34858
34873
34888
34896
34898
34905
35025
35046
35048
35050
35062
35070
35071
35076
35078
35083
35098
35114
35117
35127
35135
35137
35146
35172
35190
35208
35213
35215
35219
35223
35235
35238
35242
35245
35258
35262
35291
35309
35311
35317
35318
35341
35345
35351
35360
35372
35400
35448
35454
35460
35468
35513
35517
35527
35539
35555
35565
35579
35585
35637
35643
35657
35660
35675
35682
35694
35705
35713
35715
35727
35734
35769
35775
35777
35779
35789
35831
35833
35847
35890
35892
35900
35908
35909
35927
35942
35944
35953
35986
35988
35992
35995
36021
36027
36032
36034
36045
36047
36058
36064
36073
36074
36092
36100
36108
36112
36114
36128
36130
36136
36152
36162
36185
36190
36195
36199
36203
36238
36240
36242
36256
36268
36295
36297
36308
36328
36335
36341
36347
36348
36352
36353
36370
36375
36376
36382
36384
36392
36400
36410
36418
36424
36432
36435
36448
36471
36476
36502
36538
36542
36549
36556
36569
36586
36594
36606
36608
36620
36629
36632
36644
36702
36704
36717
36720
36736
36744
36756
36761
36769
36779
36815
36823
36825
36830
36887
36907
36919
36923
36940
36945
36958
36969
36986
36988
36991
36997
37013
37037
37040
37054
37062
37089
37097
37103
37167
37170
37207
37217
37237
37247
37248
37251
37268
37276
37280
37289
37291
37316
37321
37338
37341
37349
37373
37397
37411
37413
37437
37457
37463
37469
37487
37491
37495
37527
37533
37559
37573
37595
37601
37611
37619
37628
37629
37631
37633
37645
37649
37676
37692
37700
37761
37828
37955
37965
37967
38086
38202
38217
38292
38419
38478
38501
38503
38505
38539
38543
38544
38552
38555
38593
38690
38705
38736
38779
38880
38881
38894
39127
39137
39146
39169
39278
39320
39412
39415
39440
39491
39548
39564
39573
39662
39675
39679
39690
39696
39698
39704
39707
39715
39776
39777
39788
39810
39811
39826
39837
39855
39874
39953
39954
39955
39972
39973
39981
39995
40026
40039
40121
40215
40223
40224
40234
40248
40288
40384
40404
40432
40435
40449
40451
40502
40544
40548
40561
40562
40570
40610
40611
40642
40643
40645
40715
40730
40741
40757
40761
40763
40766
40826
40856
40919
40929
41131
41137
41194
41246
41268
41271
41330
41336
41341
41347
41407
41408
41412
41414
41466
41474
41498
41506
41508
41519
41521
41526
41527
41530
41531
41533
41578
41586
41592
41613
41615
41672
41687
41688
41724
41823
41831
41840
41876
41931
41941
41943
41954
41956
41967
42004
42087
42098
42137
42184
42185
42204
42225
42239
42240
42279
42299
42316
42329
42332
42346
42353
42371
42391
42392
42397
42399
42421
42438
42462
42463
42464
42468
42471
42472
42514
42515
42723
42751
42756
42757
42760
42875
42885
42909
42911
42931
42966
42999
43014
43041
43142
43167
43205
43218
43269
43282
43455
43471
43472
43479
43497
43522
43592
43602
43603
43605
43615
43620
43627
43668
43730
43751
43771
43840
43933
43980
44010
44011
44099
44116
44202
44436
44437
44838
44858
44869
44886
44887
44983
45012
45085
45132
45315
45699
45702
45826
45855
45857
45936
46270
46323
46515
46893
46897
46907
47011
47045
47060
47076
47103
47224
47291
47303
47305
47346
47377
47402
47478
47479
47502
47543
47547
47599
47724
47875
47966
47993
48089
48411
48743
48901
48984
48992
49088
49094
49252
49436
49472
49515
49520
49545
49546
49547
49548
49628
49811
49812
49882
49890
49926
50139
50439
50442
50497
50519
50524
50525
50564
50584
50600
50608
50893
51114
51127
51203
51252
51277
51458
51474
51487
51507
51606
51614
51624
51749
51787
51794
51887
51972
51990
52100
52211
52212
52219
52341
52593
52797
52808
52875
52951
53022
53036
53040
53058
53059
53074
53081
53093
53114
53137
53143
53192
53252
53256
53262
53267
53333
53340
53345
53351
53354
53363
53379
53403
53454
53630
53743
53806
53840
53848
53908
54001
54086
54087
54103
54160
54199
54221
54257
54384
54440
54483
54491
54497
54619
54638
54641
54675
54688
54692
54702
54721
54728
54750
54758
54785
54796
54817
54841
54843
54854
54897
54898
54951
54998
55029
55059
55280
55367
55450
55553
55554
55756
55799
55811
55813
55815
55816
55817
55999
56004
56011
56015
56135
56155
56250
56329
56330
56343
56382
56391
56446
56453
56519
56532
56661
56759
56794
56795
56947
57025
57035
57074
57082
57187
57202
57230
57313
57314
57505
57551
57557
57561
57632
57651
57654
57667
57698
57728
57782
57812
57816
57949
57993
58121
58190
58201
58211
58301
58313
58325
58331
58337
58387
58441
58499
58507
58548
58550
58586
58591
58623
58641
58647
58651
58686
58689
58693
58696
58700
58719
58728
58774
58777
58778
58786
58793
58808
58810
58811
58823
58824
58826
58845
58854
58883
58995
59199
59232
59345
59483
59545
59608
59666
59667
59866
59889
59890
59891
59896
59917
59921
59922
59932
59937
59945
59953
59964
59973
59978
59983
59995
60016
60017
60032
60126
60165
60203
60226
60241
60264
60327
60331
60475
60525
60542
60551
60555
60676
60697
60786
60818
60869
60888
60956
60964
60990
61008
61014
61035
61083
61099
61109
61153
61371
61406
61442
61482
61521
61535
61556
61564
61634
61638
61695
61710
61726
61745
61748
61767
61772
61812
61925
61940
61954
62007
62058
62100
62104
62106
62107
62162
62167
62197
62198
62201
62293
62299
62318
62377
62394
62449
62531
62546
62547
62552
62637
62638
62709
62710
62714
62818
62841
62884
62903
62957
62959
62970
63005
63008
63029
63067
63090
63218
63221
63225
63262
63310
63313
63367
63425
63496
63507
63531
63541
63549
63581
63588
63593
63616
63655
63745
63788
63819
63821
63842
63844
63845
63867
63906
63929
63954
63990
63993
63998
64054
64067
64068
64082
64114
64204
64286
64287
64359
64470
64474
64518
64527
64557
64575
65004
65009
65027
65029
65045
65050
65061
65099
65112
65114
65121
65141
65164
65174
65291
65293
65319
65326
65333
65369
65381
65398
65402
65509
65632
65638
65643
65647
65651
65661
65662
65667
65791
65835
65841
65847
65876
65966
65979
65994
66000
66018
66065
66102
66192
66249
66286
66287
66308
66312
66313
66316
66324
66327
66328
66332
66353
66398
66399
66412
66422
66427
66481
66517
66548
66560
66571
66634
66641
66713
66716
66722
66734
66735
66738
66753
66872
66903
67033
67064
67068
67078
67213
67223
67228
67272
67298
67390
67421
67567
67731
67744
67778
67840
67846
67855
67876
67878
67884
67903
67976
67999
68004
68009
68062
68067
68070
68072
68077
68080
68087
68095
68103
68112
68114
68118
68144
68152
68164
68214
68239
68294
68298
68299
68308
68324
68330
68343
68354
68548
68549
68805
69149
69172
69173
69201
69219
69224
69241
69267
69287
69453
69458
69499
69500
69523
69530
69539
69542
69574
69591
69605
69616
69617
69659
69660
69667
69676
69681
69696
69701
69757
69789
69817
69820
69824
69828
69837
69840
69841
69854
69860
69876
69883
69903
69927
69928
69929
69932
69933
69941
69947
69951
69955
69960
70007
70020
70060
70062
70064
70066
70090
70134
70229
70287
70349
70432
70448
70449
70450
70453
70457
70464
70465
70468
70473
70477
70479
70495
70498
70518
70521
70522
70528
70559
70572
70649
70720
70721
70736
70740
70848
70994
70998
71004
71077
71203
71213
71292
71302
71312
71365
71366
71375
71393
71413
71442
71473
71477
71486
71497
71503
71505
71517
71527
71534
71538
71548
71591
71627
71628
71641
71646
71676
71703
71704
71705
71711
71742
71743
71747
71757
71766
71801
71809
71811
71813
71859
71860
71863
71869
71886
71890
71891
71904
71923
71925
71936
71953
71957
71962
71999
72022
72023
72026
72033
72037
72054
72068
72073
72094
72095
72141
72151
72156
72160
72165
72173
72181
72203
72211
72233
72243
72244
72245
72250
72258
72270
72291
72378
72390
72401
72402
72403
72435
72439
72464
72542
72625
72626
72721
72791
72793
72803
72816
72824
72834
72859
72982
73031
73032
73068
73179
73223
73270
73310
73314
73315
73424
73483
73520
73548
73549
73550
73598
73602
73605
73609
73611
73614
73616
73619
73624
73628
73643
73644
73657
73677
73695
73742
73795
73807
73809
73819
73870
73894
73939
73941
73944
73953
73973
74031
74054
74055
74121
74130
74140
74147
74149
74153
74154
74159
74164
74167
74175
74178
74183
74194
74202
74226
74227
74234
74238
74239
74248
74265
74267
74268
74283
74295
74297
74299
74320
74341
74357
74358
74360
74361
74363
74364
74367
74380
74384
74389
74394
74400
74409
74427
74442
74443
74492
74499
74500
74508
74527
74537
74540
74542
74544
74555
74562
74571
74577
74586
74589
74595
74599
74619
74627
74634
74641
74659
74668
74670
74672
74674
74696
74698
74707
74708
74717
74743
74749
74777
74819
74827
74836
74839
74840
74841
74845
74859
74862
74864
74933
74936
74953
75366
75375
75378
75381
75396
75541
75574
75602
75608
75736
75762
75885
75971
75984
75987
75988
76003
76016
76018
76023
76070
76074
76075
76076
76079
76084
76086
76090
76130
76143
76144
76184
76185
76186
76192
76206
76214
76267
76292
76326
76345
76374
76419
76428
76452
76509
76512
76571
76603
76634
76663
76672
76680
76682
76709
76754
76828
76829
76873
76882
76883
76951
76953
76971
76995
77021
77023
77026
77029
77033
77035
77048
77055
77061
77064
77069
77075
77114
77117
77126
77138
77145
77166
77186
77371
77372
77373
77374
77376
77377
77406
77417
77434
77437
77439
77442
77485
77486
77490
77495
77517
77552
77553
77600
77601
77612
77615
77617
77621
77624
77692
77720
77769
77786
77791
77817
77829
77832
77859
77909
77962
77993
78026
78033
78069
78083
78091
78098
78142
78263
78281
78285
78316
78323
78333
78334
78386
78392
78396
78410
78451
78463
78467
78487
78488
78495
78517
78552
78558
78600
78615
78618
78631
78667
78687
78696
78699
78700
78709
78738
78741
78746
78761
78766
78777
78784
78786
78844
78871
78900
78906
78912
78913
78954
78992
78999
79000
79003
79005
79038
79039
79073
79083
79087
79088
79097
79116
79148
79150
79175
79182
79189
79195
79217
79235
79275
79311
79345
79379
79405
79436
79463
79794
80037
80130
80139
80144
80152
80179
80183
80203
80211
80212
80230
80275
80304
80318
80328
80335
80351
80355
80357
80364
80376
80394
80402
80413
80424
80426
80436
80439
80441
80445
80464
80474
80513
80517
80518
80519
80532
80541
80542
80547
80559
80575
80587
80597
80599
80600
80604
80610
80614
80615
80629
80630
80631
80645
80646
80657
80666
80673
80686
80692
80711
80722
80727
80754
80757
80767
80768
80771
80773
80776
80785
80792
80793
80799
80804
80835
80855
80860
80862
80875
80890
80896
80902
80904
80915
80916
80918
80922
80931
80996
81001
81008
81017
81020
81022
81024
81026
81032
81045
81053
81064
81070
81108
81110
81121
81132
81158
81175
81235
81252
81273
81274
81285
81301
81333
81336
81350
81354
81368
81387
81402
81423
81424
81429
81436
81440
81451
81457
81467
81472
81473
81479
81501
81502
81516
81517
81518
81519
81527
81531
81667
81688
81746
81753
81842
81932
81942
81950
81962
81964
81970
82112
82117
82127
82146
82162
82163
82293
82374
82542
82561
82567
82599
82673
82691
82805
82817
82819
82824
82827
82848
82901
83119
83122
83123
83129
83131
83132
83150
83232
83236
83255
83351
83355
83374
83380
83384
83437
83462
83496
83546
83587
83658
83677
83688
83704
83805
83888
84021
84023
84110
84169
84199
84203
84221
84289
84300
84304
84426
84429
84716
84764
84907
84963
84992
85013
85016
85022
85109
85138
85147
85163
85182
85430
85438
85450
85475
85476
85480
85496
85500
85559
85584
85635
85652
85656
85700
85712
85725
85749
85750
85827
85832
85842
85843
85859
85861
85922
85950
85977
85982
85985
86001
86005
86012
86013
86045
86046
86076
86081
86121
86122
86123
86130
86137
86138
86180
86232
86248
86270
86271
86429
86673
86686
86708
86725
86743
86893
86936
86938
87030
87122
87124
87196
87220
87247
87346
87357
87529
87593
87610
87632
87728
87838
87917
88464
88469
88481
88518
88530
88776
88780
88858
88873
88945
89037
89040
89068
89145
89374
89376
89401
89432
89463
89584
89587
89590
89595
89600
89610
89613
89623
89641
89651
89653
89660
89691
89692
89694
89699
89707
89710
89713
89717
89719
89723
89729
89730
89735
89736
89739
89748
89751
89770
89771
89799
89804
89825
89827
89841
89842
89845
89851
89855
89872
89900
90042
90068
90079
90081
90084
90087
90090
90101
90108
90110
90112
90116
90125
90127
90129
90131
90132
90137
90143
90147
90161
90170
90280
90345
90366
90367
90400
90403
90439
90463
90479
90489
90490
90538
90561
90645
90700
91053
91091
91139
91191
91311
91313
91325
91328
91402
91443
91481
91530
91552
91553
91560
91599
91600
91605
91609
91628
91935
91937
91939
91946
91998
92019
92099
92131
92144
92145
92162
92166
92170
92218
92219
92284
92584
92720
92742
92745
92765
92914
92916
93164
93167
93278
93280
93301
93305
93309
93316
93320
93324
93327
93346
93355
93372
93406
93415
93456
93492
93496
93517
93533
93535
93543
93551
93555
93593
93609
93611
93622
93623
93626
93628
93629
93645
93661
93677
93678
93688
93717
93727
93737
93742
93746
93779
93795
93802
93809
93810
93813
93826
93836
93845
93846
93861
93863
93885
93886
93888
93901
93928
93931
93994
94014
94021
94023
94107
94116
94150
94174
94175
94176
94179
94183
94350
94352
94354
94365
94444
94473
94482
94516
94690
94710
94725
94746
94836
94862
94886
94891
94984
95013
95041
95077
95180
95189
95217
95218
95222
95254
95257
95258
95552
95601
95740
95744
95818
95903
95913
95926
95945
95961
95977
96010
96011
96019
96073
96083
96084
96096
96123
96126
96135
96141
96150
96158
96168
96184
96200
96208
96217
96266
96272
96353
96374
96382
96384
96390
96391
96394
96396
96400
96409
96425
96435
96437
96464
96471
96473
96490
96582
96615
96694
96709
96715
96726
96762
96774
96777
96788
96792
96794
96806
96820
96821
96862
96923
96940
97044
97054
97097
97151
97154
97156
97499
97554
97555
97570
97571
97573
97592
97607
97735
97743
97826
97829
97866
97886
97951
97957
98013
98035
98072
98115
98117
98120
98125
98126
98174
98201
98216
98220
98232
98272
98290
98291
98303
98310
98335
98342
98373
98400
98410
98442
98445
98487
98539
98594
98685
98823
99068
99185
99212
99422
99433
99436
99462
99533
99606
99611
99652
99655
99656
99986
100118
100243
100565
100566
100567
100595
100625
100627
100637
100646
100693
100707
100727
100750
100756
100883
100897
100914
100972
100981
100993
100994
101010
101032
101037
101077
101092
101111
101125
101127
101130
101140
101147
101206
101209
101213
101283
101294
101302
101354
101389
101422
101427
101468
101471
101481
101486
101570
101630
101655
101657
101661
101684
101694
101698
101699
101703
101706
101708
101723
101792
101831
101845
101847
101849
101850
101865
101867
101876
101878
101893
101895
101910
101911
101951
101968
101980
101985
101992
101995
102009
102011
102013
102034
102090
102095
102100
102101
102115
102124
102128
102130
102154
102156
102173
102212
102222
102225
102226
102236
102249
102267
102275
102279
102321
102353
102388
102391
102408
102412
102436
102437
102443
102447
102458
102469
102474
102485
102539
102545
102572
102575
102586
102600
102607
102616
102635
102642
102654
102690
102724
102741
102743
102749
102770
102776
102807
102813
102814
102837
102850
102931
102934
102946
102952
102957
102988
103150
103161
103226
103331
103520
103530
103590
103593
103600
103601
103602
103661
103705
103767
104221
104222
104782
104955
105084
105181
105219
105222
105277
105538
105731
105734
105736
105837
105899
105958
105959
105983
105989
105992
105996
106004
106039
106205
106211
106222
106223
106225
106296
106524
106566
106644
106647
106670
106671
106672
106685
106686
106693
106726
106727
106728
106729
106761
106762
106798
106971
106976
106979
106994
107008
107009
107010
107012
107021
107027
107032
107033
107034
107041
107071
107074
107096
107109
107114
107151
107152
107199
107220
107320
107350
107351
107367
107399
107409
107467
107475
107481
107489
107525
107533
107576
107585
107589
107703
107715
107717
107723
107724
107747
107753
107757
107759
107765
107775
107780
107783
107798
107860
107865
108182
108201
108213
108239
108242
108336
108350
108364
108365
108367
108374
108380
108383
108387
108390
108404
108405
108406
108412
108413
108426
108440
108448
108449
108451
108453
108461
108462
108474
108476
108481
108501
108508
108510
108521
108523
108524
108532
108551
108565
108578
108585
108602
108610
108775
108776
108859
108861
108864
108868
109020
109163
109172
109311
109318
109325
109328
109345
109352
109366
109392
109393
109395
109397
109422
109457
109529
109531
109932
109935
110085
110097
110120
110569
110676
110735
110751
110757
110761
110766
110770
110771
110773
110774
110786
110787
110793
110806
110814
110815
110835
110837
110860
110863
110902
110909
110929
110931
