0
2
8
16
36
63
78
82
103
112
138
146
154
162
169
187
189
198
199
226
235
237
244
246
251
252
253
258
301
319
326
327
332
342
368
385
411
447
449
453
480
486
491
502
522
552
561
571
574
578
581
591
612
614
616
628
633
635
641
644
664
670
690
695
700
711
724
728
731
757
796
818
823
833
849
863
865
895
914
916
920
926
934
936
942
947
952
960
981
983
993
995
998
1004
1014
1029
1091
1101
1103
1111
1119
1129
1135
1147
1151
1153
1162
1170
1181
1234
1245
1248
1254
1256
1257
1262
1265
1269
1273
1274
1288
1298
1304
1306
1309
1323
1347
1351
1367
1371
1387
1409
1426
1428
1444
1466
1477
1528
1531
1539
1558
1560
1564
1566
1570
1578
1589
1596
1606
1614
1634
1638
1646
1656
1677
1678
1680
1687
1696
1711
1721
1735
1743
1745
1753
1755
1757
1759
1773
1783
1789
1807
1809
1821
1843
1857
1867
1869
1890
1904
1917
1923
1927
1946
1957
1965
1983
2011
2015
2022
2025
2048
2057
2065
2068
2075
2082
2085
2087
2101
2103
2125
2129
2143
2157
2194
2206
2208
2239
2245
2262
2266
2268
2269
2281
2289
2296
2320
2329
2333
2343
2349
2363
2369
2377
2381
2418
2430
2432
2434
2449
2462
2463
2480
2513
2517
2528
2533
2537
2544
2574
2579
2595
2612
2618
2630
2638
2655
2665
2693
2699
2741
2743
2751
2759
2767
2777
2783
2792
2794
2805
2812
2820
2836
2851
2888
2892
2908
2918
2929
2931
2964
2972
2979
2984
2985
2986
2995
2999
3017
3019
3021
3025
3058
3082
3104
3139
3151
3186
3192
3214
3216
3234
3240
3253
3255
3282
3307
3336
3338
3340
3342
3386
3398
3422
3436
3446
3448
3462
3468
3476
3480
3499
3505
3536
3554
3556
3592
3594
3598
3609
3625
3641
3643
3653
3669
3670
3671
3673
3675
3684
3690
3693
3701
3715
3733
3736
3742
3762
3788
3794
3804
3835
3836
3843
3846
3870
3877
3935
3937
3949
3979
3984
3989
3997
3999
4014
4043
4055
4059
4061
4079
4087
4105
4110
4114
4123
4136
4138
4168
4177
4181
4187
4198
4218
4273
4282
4297
4309
4341
4347
4380
4384
4398
4402
4419
4426
4443
4449
4454
4456
4459
4496
4508
4516
4518
4524
4525
4536
4537
4580
4584
4586
4634
4636
4638
4657
4683
4684
4685
4686
4692
4706
4721
4728
4755
4772
4790
4795
4803
4805
4819
4835
4840
4843
4853
4859
4866
4880
4886
4905
4965
5013
5017
5065
5066
5072
5088
5114
5130
5145
5157
5164
5176
5178
5187
5233
5241
5263
5267
5277
5288
5304
5305
5306
5307
5312
5316
5319
5327
5349
5363
5364
5387
5409
5450
5456
5490
5554
5556
5559
5573
5577
5584
5641
5656
5659
5685
5702
5704
5716
5734
5756
5770
5775
5807
5811
5813
5823
5837
5847
5852
5855
5883
5885
5900
5904
5943
5953
5958
5967
5970
5992
6007
6023
6039
6061
6080
6101
6114
6134
6142
6166
6173
6182
6197
6206
6208
6210
6217
6219
6258
6270
6294
6295
6297
6299
6319
6321
6323
6331
6343
6349
6351
6353
6355
6361
6398
6409
6416
6424
6434
6435
6440
6455
6476
6488
6491
6504
6520
6521
6523
6530
6575
6587
6593
6604
6624
6626
6644
6645
6649
6662
6688
6708
6719
6727
6731
6733
6739
6751
6759
6761
6791
6810
6818
6819
6832
6876
6890
6892
6931
6949
6990
7010
7018
7034
7038
7040
7048
7081
7093
7109
7129
7141
7145
7179
7185
7187
7219
7241
7245
7258
7269
7288
7290
7302
7308
7316
7318
7341
7343
7354
7356
7365
7369
7379
7385
7389
7392
7401
7414
7420
7421
7427
7431
7442
7456
7513
7525
7543
7555
7563
7588
7605
7607
7618
7624
7627
7629
7640
7676
7682
7699
7701
7723
7737
7740
7760
7764
7771
7795
7809
7815
7819
7822
7845
7854
7864
7876
7878
7882
7903
7915
7930
7939
7954
7961
7967
7979
7981
8002
8012
8014
8026
8031
8065
8076
8083
8087
8147
8151
8159
8195
8226
8254
8266
8280
8297
8307
8313
8319
8322
8323
8327
8363
8402
8411
8423
8425
8427
8450
8461
8476
8484
8487
8506
8516
8539
8540
8569
8582
8595
8603
8617
8624
8635
8636
8640
8656
8693
8707
8713
8726
8735
8747
8768
8782
8792
8802
8805
8806
8809
8822
8826
8840
8842
8848
8874
8884
8900
8909
8910
8918
8926
8928
8931
8962
8997
9001
9021
9029
9030
9037
9042
9061
9063
9067
9074
9076
9084
9105
9108
9115
9121
9167
9196
9202
9206
9222
9228
9251
9258
9260
9261
9263
9264
9269
9274
9291
9311
9319
9331
9386
9396
9397
9409
9420
9440
9446
9461
9469
9478
9482
9484
9492
9495
9502
9504
9508
9516
9518
9545
9553
9563
9579
9583
9600
9609
9612
9616
9634
9661
9669
9673
9695
9704
9747
9759
9802
9806
9830
9850
9854
9869
9906
9908
9921
9926
9928
9930
9990
9992
10004
10015
10028
10040
10042
10046
10064
10069
10100
10113
10118
10123
10125
10143
10166
10176
10200
10222
10224
10235
10238
10259
10263
10275
10281
10311
10313
10315
10317
10332
10338
10339
10349
10354
10393
10434
10442
10465
10467
10470
10480
10484
10492
10494
10511
10533
10594
10612
10633
10681
10699
10701
10731
10733
10735
10745
10772
10777
10780
10787
10792
10828
10844
10860
10862
10864
10868
10876
10898
10902
10904
10916
10922
10936
10978
11008
11016
11024
11040
11044
11078
11084
11100
11104
11130
11150
11170
11172
11183
11192
11205
11239
11261
11264
11309
11332
11353
11361
11363
11367
11401
11415
11420
11443
11473
11497
11540
11544
11553
11555
11557
11563
11575
11604
11612
11675
11685
11686
11694
11715
11745
11760
11762
11775
11780
11802
11822
11832
11833
11835
11845
11854
11856
11872
11876
11899
11915
11925
11947
11953
11971
11978
11985
11986
12001
12013
12019
12035
12039
12051
12072
12087
12093
12095
12116
12129
12151
12162
12173
12177
12187
12191
12193
12195
12244
12246
12253
12257
12272
12285
12291
12296
12309
12323
12333
12337
12342
12359
12362
12390
12397
12398
12404
12469
12471
12479
12483
12509
12519
12521
12523
12563
12569
12580
12581
12582
12601
12615
12636
12644
12687
12695
12713
12725
12772
12785
12800
12808
12831
12842
12844
12874
12882
12884
12886
12899
12902
12908
12913
12932
12962
12982
12990
12996
13006
13024
13030
13038
13048
13078
13084
13105
13109
13126
13130
13163
13165
13172
13192
13194
13196
13203
13211
13227
13260
13268
13307
13317
13339
13370
13385
13409
13410
13422
13436
13437
13476
13482
13504
13536
13546
13550
13569
13575
13581
13593
13595
13604
13606
13610
13622
13624
13635
13669
13679
13683
13688
13708
13714
13759
13801
13802
13815
13837
13852
13853
13857
13879
13886
13897
13899
13901
13911
13912
13932
13934
13941
13971
13988
14002
14010
14012
14020
14036
14046
14071
14075
14101
14104
14118
14134
14183
14209
14210
14219
14235
14240
14242
14245
14248
14252
14254
14262
14276
14280
14284
14288
14294
14311
14330
14332
14338
14349
14356
14371
14383
14399
14413
14432
14453
14457
14465
14471
14473
14483
14501
14531
14537
14539
14545
14547
14558
14566
14589
14595
14610
14613
14617
14625
14631
14637
14661
14666
14680
14684
14710
14717
14758
14778
14800
14827
14871
14884
14890
14896
14910
14920
14926
14950
14970
15014
15025
15036
15049
15079
15081
15085
15087
15111
15117
15119
15123
15127
15137
15145
15154
15158
15165
15173
15176
15179
15185
15212
15232
15266
15275
15315
15362
15386
15388
15389
15391
15403
15407
15410
15412
15415
15423
15446
15450
15460
15470
15472
15487
15491
15502
15518
15525
15566
15596
15630
15631
15635
15639
15640
15650
15664
15665
15675
15677
15692
15694
15705
15722
15728
15743
15751
15759
15761
15764
15768
15794
15854
15856
15872
15884
15973
15980
15991
16021
16023
16041
16078
16084
16086
16123
16159
16168
16206
16221
16229
16250
16255
16274
16277
16287
16301
16316
16323
16333
16338
16346
16354
16363
16371
16404
16408
16438
16443
16456
16462
16477
16497
16507
16527
16549
16564
16586
16611
16613
16621
16647
16649
16660
16668
16676
16722
16743
16754
16793
16802
16805
16824
16830
16834
16850
16872
16888
16914
16928
16941
16951
16963
16967
16973
16975
16997
17008
17012
17029
17036
17058
17059
17061
17065
17067
17072
17100
17106
17125
17141
17145
17164
17184
17202
17230
17236
17238
17254
17279
17282
17284
17295
17332
17340
17348
17362
17364
17368
17370
17384
17391
17399
17415
17422
17423
17443
17446
17450
17454
17475
17483
17493
17496
17497
17520
17536
17566
17568
17591
17599
17612
17617
17625
17635
17648
17651
17654
17658
17674
17696
17706
17714
17786
17788
17791
17804
17809
17820
17832
17846
17870
17890
17892
17899
17901
17903
17911
17915
17933
17935
17937
17972
18012
18021
18031
18039
18051
18072
18082
18084
18114
18124
18130
18146
18163
18179
18181
18197
18199
18203
18212
18218
18226
18234
18250
18267
18275
18283
18295
18321
18335
18342
18351
18356
18357
18359
18377
18399
18407
18409
18411
18421
18450
18466
18474
18488
18495
18500
18516
18526
18534
18540
18566
18572
18588
18614
18628
18636
18638
18640
18642
18644
18652
18666
18670
18672
18678
18682
18690
18696
18718
18726
18736
18772
18800
18802
18810
18830
18832
18834
18839
18840
18844
18846
18861
18863
18871
18875
18906
18910
18954
18956
18974
19010
19022
19030
19032
19036
19054
19112
19150
19158
19159
19161
19172
19180
19187
19210
19229
19235
19241
19243
19247
19261
19284
19288
19294
19304
19317
19319
19323
19328
19352
19362
19377
19387
19395
19403
19428
19430
19432
19445
19456
19466
19478
19498
19514
19526
19527
19531
19535
19541
19578
19639
19652
19654
19660
19676
19741
19759
19766
19772
19779
19783
19800
19809
19820
19827
19849
19851
19855
19887
19893
19898
19946
19962
19966
19980
19986
19996
20004
20027
20048
20049
20069
20079
20091
20097
20104
20106
20119
20139
20140
20167
20178
20195
20197
20199
20201
20217
20228
20238
20240
20257
20270
20284
20293
20308
20318
20320
20327
20340
20357
20360
20376
20394
20402
20445
20464
20471
20491
20495
20499
20511
20531
20534
20558
20562
20569
20582
20583
20588
20593
20600
20603
20643
20647
20665
20683
20695
20713
20717
20729
20730
20731
20734
20737
20740
20745
20754
20773
20789
20790
20791
20793
20802
20810
20818
20826
20830
20838
20839
20840
20847
20852
20861
20881
20895
20906
20908
20927
20930
20936
20944
20961
20977
20978
21000
21017
21031
21037
21043
21048
21051
21053
21065
21072
21087
21093
21108
21110
21120
21141
21166
21172
21187
21191
21195
21196
21211
21218
21225
21233
21241
21247
21253
21262
21264
21266
21282
21284
21290
21300
21304
21317
21325
21332
21370
21379
21387
21427
21442
21498
21502
21520
21534
21558
21608
21609
21611
21618
21623
21627
21637
21650
21654
21656
21664
21668
21672
21689
21716
21721
21736
21739
21749
21793
21803
21811
21821
21825
21835
21845
21851
21853
21859
21864
21912
21962
22006
22010
22027
22028
22038
22059
22068
22093
22095
22097
22107
22155
22156
22169
22171
22172
22174
22180
22184
22187
22201
22204
22213
22220
22222
22226
22227
22233
22246
22253
22266
22273
22287
22302
22305
22313
22314
22317
22319
22320
22326
22334
22336
22340
22345
22353
22355
22361
22365
22387
22396
22426
22435
22463
22466
22488
22490
22492
22498
22503
22506
22509
22511
22514
22518
22520
22524
22525
22529
22530
22531
22532
22533
22536
22544
22546
22564
22569
22582
22585
22591
22593
22615
22616
22623
22633
22647
22654
22666
22670
22674
22684
22691
22708
22716
22726
22737
22755
22757
22759
22764
22771
22780
22795
22841
22846
22861
22870
22873
22881
22892
22893
22909
22935
22939
22963
22968
22970
22971
22974
22979
22986
22994
22995
23006
23019
23020
23025
23031
23035
23040
23041
23056
23063
23065
23066
23079
23091
23120
23143
23152
23154
23183
23184
23188
23190
23199
23219
23225
23231
23256
23257
23261
23284
23312
23327
23329
23339
23358
23368
23380
23398
23420
23421
23427
23445
23447
23462
23463
23466
23485
23488
23517
23525
23541
23580
23598
23620
23626
23664
23676
23682
23703
23726
23730
23731
23747
23765
23791
23799
23810
23814
23816
23833
23852
23859
23866
23889
23897
23898
23907
23924
23931
23946
23952
23978
24002
24014
24019
24022
24025
24033
24059
24066
24070
24072
24079
24091
24100
24123
24129
24141
24149
24154
24162
24207
24211
24262
24264
24279
24281
24282
24307
24315
24320
24326
24329
24332
24334
24358
24372
24380
24382
24389
24390
24395
24409
24412
24413
24417
24422
24427
24447
24457
24463
24466
24496
24504
24515
24521
24530
24549
24562
24579
24597
24599
24615
24627
24629
24641
24643
24645
24653
24663
24669
24673
24681
24691
24701
24706
24707
24716
24717
24724
24726
24728
24754
24762
24766
24777
24786
24790
24796
24802
24806
24811
24817
24873
24882
24890
24902
24911
24913
24926
24929
24930
24936
24950
24951
24955
24984
24987
25006
25010
25019
25044
25052
25077
25081
25083
25108
25109
25123
25126
25150
25168
25175
25210
25214
25220
25224
25229
25253
25257
25285
25294
25299
25309
25314
25336
25346
25350
25362
25378
25405
25456
25462
25470
25482
25492
25510
25513
25523
25527
25569
25583
25597
25611
25622
25627
25630
25632
25644
25656
25660
25665
25679
25683
25685
25692
25709
25719
25739
25765
25767
25820
25821
25827
25831
25837
25841
25846
25849
25850
25863
25866
25871
25891
25893
25895
25897
25913
25944
25949
25967
25983
25987
25997
26008
26037
26052
26062
26091
26095
26128
26132
26139
26147
26150
26163
26168
26178
26185
26215
26240
26263
26278
26284
26293
26297
26303
26307
26320
26335
26345
26347
26358
26362
26368
26378
26381
26387
26395
26457
26469
26487
26540
26542
26553
26554
26555
26565
26613
26621
26655
26657
26661
26679
26687
26689
26711
26715
26729
26740
26748
26757
26774
26813
26836
26840
26848
26850
26868
26870
26876
26886
26900
26901
26909
26931
26937
26971
26974
26980
26985
26990
26996
27000
27004
27025
27033
27047
27056
27068
27076
27083
27098
27112
27115
27129
27132
27136
27148
27154
27158
27188
27190
27194
27211
27241
27245
27253
27267
27276
27287
27289
27293
27297
27299
27319
27322
27352
27357
27369
27394
27410
27418
27428
27445
27460
27484
27506
27508
27519
27533
27534
27547
27553
27569
27579
27584
27594
27611
27614
27616
27629
27651
27653
27654
27656
27678
27682
27685
27702
27708
27710
27712
27715
27716
27733
27746
27747
27772
27775
27776
27784
27786
27792
27794
27800
27811
27818
27819
27822
27829
27837
27843
27847
27849
27850
27857
27859
27860
27875
27876
27877
27884
27888
27896
27906
27908
27916
27931
27932
27942
27964
27969
27971
27976
28015
28023
28025
28038
28044
28058
28063
28064
28070
28084
28085
28087
28138
28140
28145
28155
28171
28189
28215
28227
28246
28249
28267
28275
28278
28280
28297
28304
28327
28328
28332
28352
28354
28377
28394
28420
28430
28456
28460
28462
28463
28473
28496
28507
28509
28515
28520
28526
28543
28549
28558
28564
28606
28646
28651
28658
28659
28662
28672
28679
28680
28682
28684
28685
28706
28708
28718
28719
28720
28724
28726
28750
28762
28777
28809
28815
28838
28841
28853
28873
28891
28899
28915
28921
28953
28958
28967
28998
29013
29032
29051
29071
29072
29075
29082
29094
29102
29112
29132
29137
29147
29153
29175
29211
29215
29217
29228
29234
29235
29249
29278
29285
29286
29288
29306
29315
29326
29327
29328
29337
29338
29341
29342
29348
29352
29379
29388
29392
29422
29424
29426
29441
29458
29460
29469
29470
29474
29494
29515
29517
29528
29535
29539
29546
29556
29564
29576
29588
29591
29627
29635
29652
29668
29700
29708
29710
29713
29719
29732
29740
29743
29751
29759
29767
29780
29782
29784
29785
29789
29793
29809
29810
29853
29858
29859
29862
29879
29887
29890
29897
29898
29925
29928
29931
29932
29938
29941
29942
29946
29951
29970
29971
29972
29979
29980
29982
29983
29987
29994
29995
30000
30011
30013
30017
30025
30026
30047
30057
30061
30074
30092
30097
30102
30114
30124
30137
30181
30184
30187
30195
30201
30211
30216
30234
30235
30243
30250
30260
30268
30280
30281
30302
30311
30312
30328
30330
30331
30332
30335
30342
30346
30352
30383
30390
30405
30416
30430
30434
30445
30450
30457
30466
30467
30477
30482
30500
30518
30540
30542
30548
30561
30570
30571
30606
30621
30630
30649
30657
30662
30663
30670
30697
30717
30737
30743
30754
30772
30786
30791
30805
30806
30811
30819
30830
30842
30852
30855
30876
30889
30902
30925
30928
30930
30936
30955
30964
30971
30984
30990
30992
31004
31026
31032
31039
31043
31053
31115
31125
31127
31157
31163
31174
31189
31197
31205
31221
31225
31227
31245
31261
31267
31276
31278
31280
31284
31287
31306
31312
31319
31322
31328
31343
31345
31348
31362
31366
31372
31404
31410
31419
31435
31437
31472
31481
31484
31487
31500
31512
31518
31528
31530
31545
31548
31552
31559
31567
31568
31588
31603
31621
31622
31637
31665
31676
31681
31692
31715
31717
31719
31765
31780
31798
31800
31812
31816
31824
31839
31875
31888
31890
31896
31909
31918
31925
31932
31946
31950
31951
31959
31963
31965
31994
32015
32017
32024
32039
32045
32069
32073
32075
32078
32080
32082
32087
32106
32111
32118
32124
32131
32136
32150
32151
32154
32156
32164
32179
32191
32192
32212
32213
32215
32236
32240
32253
32267
32268
32275
32291
32293
32317
32324
32327
32362
32374
32401
32459
32471
32489
32495
32497
32507
32508
32511
32518
32522
32534
32540
32548
32561
32580
32584
32590
32609
32617
32630
32632
32634
32646
32674
32676
32684
32696
32698
32700
32708
32760
32763
32765
32793
32802
32803
32806
32850
32858
32917
32957
32971
32980
32986
33007
33019
33023
33032
33063
33101
33102
33104
33107
33113
33124
33132
33139
33147
33159
33162
33193
33202
33226
33233
33237
33246
33257
33259
33265
33296
33298
33340
33342
33350
33375
33377
33403
33406
33410
33440
33450
33452
33488
33532
33533
33551
33553
33562
33600
33607
33614
33631
33652
33660
33661
33664
33681
33689
33690
33699
33729
33731
33735
33741
33746
33752
33754
33764
33775
33778
33787
33792
33796
33802
33806
33810
33823
33824
33830
33833
33848
33854
33864
33891
33894
33899
33921
33933
33939
33946
33952
33961
33964
33968
33972
33996
34014
34017
34038
34060
34067
34090
34094
34112
34128
34132
34134
34136
34140
34157
34161
34173
34181
34196
34197
34206
34219
34278
34288
34307
34312
34318
34322
34346
34349
34351
34359
34364
34386
34387
34399
34406
34421
34424
34435
34439
34448
34453
34458
34469
34474
34479
34485
34487
34499
34501
34515
34523
34527
34534
34546
34559
34561
34562
34569
34594
34621
34632
34646
34648
34663
34691
34703
34709
34713
34724
34728
34737
34746
34749
34761
34768
34778
34780
34783
34799
34803
34807
34825
34856
34861
34869
34871
34883
34898
34900
34931
34943
34947
34973
34977
34981
35027
35036
35042
35050
35070
35071
35076
35083
35088
35090
35102
35104
35113
35114
35127
35144
35151
35160
35176
35178
35198
35215
35219
35221
35223
35269
35272
35293
35298
35304
35309
35313
35330
35344
35345
35350
35355
35369
35384
35425
35470
35474
35507
35515
35545
35548
35555
35557
35567
35568
35601
35607
35609
35611
35625
35659
35669
35680
35707
35732
35754
35756
35765
35771
35777
35779
35787
35798
35800
35809
35811
35825
35827
35839
35857
35872
35878
35882
35885
35919
35923
35925
35938
35942
35955
35964
35986
35990
35995
35997
36001
36007
36011
36023
36029
36062
36079
36085
36089
36091
36102
36116
36122
36152
36163
36165
36178
36219
36242
36299
36306
36330
36332
36351
36352
36361
36376
36380
36397
36398
36408
36414
36416
36432
36448
36467
36471
36484
36487
36494
36526
36528
36542
36544
36560
36595
36607
36622
36692
36709
36711
36715
36716
36717
36718
36722
36736
36742
36744
36763
36784
36820
36848
36852
36868
36875
36879
36883
36905
36913
36917
36921
36929
36935
36956
36959
36973
36982
37003
37031
37048
37052
37056
37067
37068
37072
37074
37080
37084
37095
37097
37098
37101
37113
37115
37119
37131
37154
37162
37166
37172
37182
37186
37203
37209
37215
37221
37225
37242
37255
37262
37291
37306
37318
37330
37336
37355
37367
37369
37373
37381
37401
37409
37419
37457
37463
37471
37497
37513
37521
37535
37549
37551
37563
37573
37593
37613
37622
37641
37667
37678
37682
37698
37702
37845
37873
37889
38016
38031
38049
38166
38218
38292
38299
38417
38478
38500
38504
38512
38547
38594
38617
38690
38764
38810
38877
38893
38939
39128
39129
39134
39137
39280
39320
39410
39417
39421
39422
39440
39491
39524
39527
39532
39534
39548
39551
39566
39579
39584
39586
39587
39589
39590
39659
39690
39704
39711
39723
39732
39753
39756
39767
39769
39782
39784
39809
39853
39855
39856
39859
39869
39873
39884
39887
39898
39899
39932
40025
40120
40133
40134
40185
40197
40220
40221
40249
40287
40315
40372
40472
40502
40554
40571
40590
40731
40763
40765
40911
41004
41111
41156
41167
41178
41247
41255
41318
41335
41435
41469
41498
41502
41503
41522
41528
41530
41571
41575
41586
41590
41610
41620
41623
41624
41648
41652
41687
41698
41747
41781
41824
41858
41873
41892
41962
42085
42129
42277
42281
42298
42324
42329
42353
42360
42361
42442
42464
42472
42518
42528
42529
42664
42712
42721
42724
42751
42861
42904
42908
42912
42913
42931
42936
42953
42997
43014
43026
43145
43147
43169
43217
43229
43233
43235
43329
43356
43437
43448
43474
43480
43512
43523
43538
43604
43605
43617
43627
43662
43682
43791
43808
43964
43998
43999
44000
44011
44013
44099
44159
44186
44236
44261
44262
44379
44702
44843
44880
44894
44898
44995
45294
45348
45727
45728
45860
45861
45894
45958
46402
46513
46541
46544
46581
46636
46913
46924
47010
47096
47377
47496
47502
47518
47541
47542
47546
47619
47832
47966
47975
48087
48199
48337
48559
48897
48899
48900
48992
49444
49472
49476
49527
49542
49551
49563
49565
49812
49819
49863
49870
49883
49892
49929
49978
49985
50322
50436
50498
50584
50904
50906
50991
51148
51191
51285
51430
51474
51605
51612
51622
51626
51644
51742
51756
51760
51818
51820
51990
52054
52066
52218
52543
52721
52791
52809
52842
52872
52887
52915
52952
53035
53036
53038
53041
53051
53052
53056
53066
53073
53081
53115
53148
53172
53173
53254
53259
53266
53298
53347
53353
53354
53360
53369
53370
53402
53422
53451
53652
53741
53776
53840
54081
54095
54180
54210
54221
54437
54537
54683
54684
54685
54693
54701
54713
54752
54755
54835
54842
54849
54860
54885
54947
54956
54998
55029
55030
55040
55309
55310
55339
55344
55348
55450
55554
55737
55755
55756
55763
55788
55791
55813
55816
55911
55927
55929
55987
56004
56017
56063
56111
56112
56181
56197
56298
56302
56317
56331
56357
56387
56388
56440
56582
56751
56753
56780
56795
56834
56868
56919
56948
56978
57000
57047
57314
57315
57320
57326
57338
57559
57631
57684
57699
57737
57738
57740
57750
57796
57816
57817
57848
57872
57880
57881
57889
57902
57969
57993
58190
58284
58297
58416
58446
58454
58487
58526
58532
58533
58548
58563
58596
58598
58639
58642
58643
58651
58688
58730
58774
58777
58778
58795
58806
58807
58808
58812
58817
58824
58864
58879
59170
59172
59186
59190
59193
59232
59319
59433
59441
59446
59448
59462
59490
59586
59628
59667
59714
59728
59818
59882
59906
59936
59944
59953
59956
59961
59967
59969
59976
59977
59979
59983
59988
59989
59991
60028
60061
60094
60150
60165
60180
60247
60420
60430
60549
60550
60643
60751
60792
60795
60813
60826
60828
60840
60843
60844
60845
60880
60885
60886
61036
61076
61131
61436
61476
61545
61556
61562
61635
61653
61687
61696
61735
61745
61800
61801
61879
61938
61954
61981
61994
62012
62014
62055
62104
62114
62180
62195
62202
62203
62210
62223
62285
62287
62289
62295
62299
62301
62325
62394
62447
62534
62535
62562
62565
62568
62659
62709
62842
62890
62910
62913
62952
62953
62969
63005
63009
63028
63034
63090
63092
63124
63201
63225
63274
63306
63312
63313
63405
63455
63494
63495
63500
63508
63528
63532
63566
63570
63576
63600
63601
63655
63712
63728
63743
63745
63842
63883
63884
63897
63900
63929
63931
63990
63995
64093
64103
64141
64205
64229
64237
64283
64376
64404
64405
64438
64443
64477
64530
64547
64575
64576
64586
64850
64913
64979
65009
65027
65028
65039
65050
65053
65062
65063
65064
65090
65097
65099
65106
65114
65138
65187
65212
65213
65223
65237
65270
65291
65310
65370
65395
65396
65402
65404
65406
65415
65509
65550
65552
65555
65587
65595
65604
65631
65647
65763
65785
65871
65882
65980
65984
65986
65994
66011
66051
66103
66127
66128
66223
66230
66279
66288
66304
66324
66353
66355
66407
66439
66456
66482
66641
66661
66736
66750
66789
66790
66867
66962
66968
66975
66976
67005
67017
67018
67025
67034
67063
67077
67111
67228
67265
67282
67292
67294
67296
67528
67530
67546
67581
67640
67778
67796
67809
67867
67876
67903
67917
67952
67972
68000
68014
68016
68048
68050
68059
68061
68065
68082
68084
68090
68097
68098
68119
68137
68151
68171
68185
68209
68224
68259
68261
68263
68266
68286
68309
68310
68320
68344
68410
68806
69177
69200
69218
69241
69242
69250
69251
69413
69416
69458
69459
69460
69490
69495
69496
69519
69523
69530
69549
69609
69642
69643
69653
69659
69660
69737
69777
69784
69789
69797
69799
69804
69820
69821
69832
69844
69891
69892
69894
69897
69898
69903
69907
69910
69928
69931
69943
69957
69960
69963
70061
70092
70189
70190
70370
70397
70436
70438
70444
70446
70451
70456
70462
70467
70474
70496
70497
70498
70510
70511
70522
70531
70553
70565
70566
70569
70670
70671
70674
70714
70715
70717
70719
70727
70735
70739
70747
70748
70917
71026
71031
71090
71183
71184
71188
71189
71192
71414
71442
71443
71462
71467
71468
71474
71486
71492
71500
71503
71530
71566
71576
71577
71598
71614
71628
71640
71650
71657
71667
71695
71697
71704
71708
71722
71724
71726
71743
71782
71791
71794
71796
71799
71801
71808
71846
71847
71854
71862
71865
71869
71871
71876
71881
71897
71898
71902
71905
71906
71908
71917
71922
71940
71951
71953
71959
71974
72021
72023
72033
72040
72052
72145
72146
72167
72192
72196
72243
72253
72291
72303
72308
72313
72320
72327
72367
72377
72392
72400
72402
72434
72451
72483
72542
72627
72645
72646
72690
72704
72782
72794
72795
72803
72807
72816
72824
72938
72964
72981
72991
73032
73213
73222
73262
73272
73328
73423
73483
73500
73521
73527
73563
73575
73584
73587
73588
73600
73603
73604
73611
73622
73635
73637
73647
73656
73659
73672
73673
73675
73719
73748
73760
73795
73809
73822
73836
73849
73858
73886
73967
73968
74030
74101
74130
74133
74137
74138
74142
74143
74144
74150
74156
74177
74178
74192
74213
74227
74240
74241
74244
74247
74259
74268
74281
74291
74314
74316
74318
74323
74346
74375
74386
74387
74395
74396
74406
74425
74427
74428
74439
74496
74499
74522
74525
74541
74550
74552
74572
74573
74574
74581
74589
74594
74595
74606
74613
74617
74620
74636
74637
74645
74652
74654
74662
74665
74670
74675
74679
74691
74700
74715
74778
74807
74841
74849
74854
74863
74936
74951
74952
74958
74990
75148
75327
75332
75361
75369
75370
75376
75377
75378
75388
75512
75619
75885
75921
75957
75968
75970
75972
75989
76003
76017
76025
76041
76067
76071
76072
76112
76158
76165
76186
76193
76199
76233
76248
76272
76281
76315
76371
76420
76509
76517
76533
76550
76566
76592
76614
76643
76677
76751
76781
76807
76851
76854
76857
76936
76937
76940
76971
76979
76982
76994
76995
76996
77033
77036
77053
77054
77060
77061
77074
77091
77093
77096
77099
77106
77109
77112
77116
77123
77138
77153
77204
77218
77313
77379
77417
77432
77437
77447
77464
77473
77477
77497
77500
77501
77507
77511
77518
77529
77548
77550
77553
77593
77610
77627
77664
77679
77685
77692
77698
77735
77741
77746
77776
77792
77904
77909
77938
77959
77994
77999
78027
78033
78047
78048
78061
78118
78140
78209
78251
78264
78290
78332
78335
78351
78382
78383
78385
78416
78445
78446
78447
78451
78452
78466
78517
78548
78549
78587
78627
78636
78638
78639
78683
78696
78697
78734
78739
78744
78767
78789
78834
78844
78850
78855
78856
78891
78907
78909
78934
78957
78991
78996
79000
79006
79012
79037
79061
79063
79066
79069
79070
79072
79083
79089
79090
79133
79147
79148
79149
79152
79153
79163
79167
79176
79184
79193
79197
79215
79234
79235
79250
79270
79275
79282
79286
79310
79317
79340
79341
79346
79347
79349
79359
79419
79555
79599
79603
79627
79954
80010
80037
80131
80149
80151
80181
80210
80248
80253
80282
80283
80284
80319
80331
80340
80346
80353
80358
80374
80400
80401
80405
80417
80428
80444
80446
80447
80481
80482
80483
80487
80523
80532
80534
80539
80550
80553
80554
80559
80561
80573
80578
80583
80602
80633
80648
80681
80699
80700
80701
80708
80744
80750
80771
80772
80774
80786
80787
80799
80819
80823
80830
80831
80844
80854
80865
80876
80883
80894
80898
80927
80937
80941
80988
80991
81018
81035
81038
81044
81066
81078
81109
81110
81112
81113
81116
81117
81121
81140
81153
81161
81163
81174
81180
81181
81182
81197
81206
81219
81250
81266
81276
81301
81303
81314
81335
81367
81370
81371
81372
81409
81418
81422
81439
81455
81456
81460
81490
81494
81504
81505
81506
81533
81743
81745
81750
81770
81802
81821
81825
81827
81841
81931
81935
81939
81964
81980
81988
82084
82118
82121
82140
82154
82163
82212
82216
82542
82543
82550
82601
82602
82672
82685
82796
82811
82822
82825
82827
82865
82869
82894
83129
83150
83255
83319
83342
83358
83364
83369
83383
83384
83413
83429
83474
83476
83483
83570
83654
83673
83704
83855
83951
83963
84068
84090
84103
84159
84167
84178
84199
84426
84476
84723
84747
84769
84773
84907
84918
84986
84988
84994
85004
85014
85017
85018
85022
85064
85065
85107
85114
85116
85138
85142
85386
85449
85470
85483
85502
85522
85609
85667
85671
85672
85721
85744
85752
85843
85861
85899
85908
85949
85976
85977
85994
85998
86000
86005
86046
86051
86053
86066
86068
86081
86091
86092
86098
86105
86129
86147
86157
86193
86226
86230
86231
86238
86247
86257
86271
86273
86409
86414
86418
86530
86531
86543
86682
86704
86726
86730
86742
86743
86752
86893
86913
87031
87045
87188
87209
87346
87356
87359
87612
88333
88460
88472
88506
88785
88905
89072
89142
89143
89156
89159
89360
89375
89422
89432
89587
89593
89595
89602
89603
89608
89610
89615
89621
89632
89637
89648
89658
89659
89664
89671
89677
89689
89725
89728
89733
89737
89740
89752
89776
89777
89827
89837
89840
89841
89847
89850
89852
89899
90077
90080
90082
90087
90093
90099
90112
90132
90138
90139
90141
90142
90148
90157
90168
90199
90225
90281
90317
90400
90425
90520
90522
90560
90581
90616
90642
90650
90683
90746
90942
91090
91185
91187
91188
91190
91206
91210
91222
91229
91281
91300
91402
91446
91477
91484
91552
91591
91598
91871
91911
91919
91928
91946
92067
92166
92173
92174
92175
92187
92258
92287
92291
92325
92378
92542
92595
92669
92725
92757
92783
92860
92932
92933
93057
93164
93274
93313
93315
93341
93343
93354
93425
93455
93456
93479
93480
93481
93487
93491
93504
93508
93511
93519
93531
93535
93543
93551
93555
93559
93595
93608
93619
93621
93630
93655
93687
93688
93741
93746
93754
93757
93762
93781
93825
93828
93836
93840
93861
93863
93868
93889
93890
93900
93925
93926
93928
93931
93933
93936
93948
93955
93959
93960
93961
94022
94036
94050
94134
94159
94192
94193
94200
94204
94343
94344
94355
94362
94365
94372
94379
94474
94517
94522
94684
94786
94836
94884
94891
94893
94982
94983
94995
94999
95071
95077
95088
95214
95219
95220
95233
95253
95269
95319
95357
95516
95553
95662
95683
95695
95723
95798
95939
95941
95952
95971
96002
96016
96056
96095
96141
96170
96199
96206
96210
96226
96261
96330
96331
96370
96371
96375
96385
96388
96396
96413
96416
96430
96441
96447
96464
96479
96481
96488
96531
96575
96586
96587
96612
96675
96714
96728
96752
96781
96884
96933
96940
96969
97076
97097
97285
97358
97359
97478
97501
97505
97506
97539
97567
97570
97574
97584
97589
97606
97607
97783
97826
97857
97997
98008
98013
98014
98043
98047
98060
98075
98109
98111
98118
98122
98201
98219
98231
98239
98289
98317
98403
98442
98481
98487
98544
98590
98656
98678
98691
98880
98936
98974
99000
99081
99106
99134
99184
99186
99583
99595
99650
99658
99784
99900
99993
100051
100121
100123
100152
100156
100374
100565
100601
100640
100680
100694
100695
100707
100734
100750
100757
100808
100813
100993
101088
101092
101147
101186
101190
101210
101211
101273
101274
101286
101287
101299
101304
101327
101335
101337
101354
101400
101462
101467
101470
101473
101478
101517
101576
101583
101605
101625
101630
101662
101698
101699
101706
101707
101732
101745
101773
101792
101825
101827
101829
101844
101848
101851
101859
101868
101869
101877
101888
101892
101902
101922
101929
101944
101961
101976
101977
101982
101983
101984
101988
101993
101994
102011
102019
102020
102035
102043
102049
102103
102120
102129
102143
102150
102154
102158
102160
102162
102173
102175
102201
102211
102220
102232
102252
102288
102295
102350
102351
102356
102371
102407
102408
102412
102414
102423
102434
102436
102456
102507
102518
102519
102522
102540
102541
102577
102621
102702
102714
102724
102738
102739
102749
102756
102757
102765
102766
102807
102829
102834
102836
102883
102890
102931
102934
102940
102943
102951
102958
102960
102989
103037
103042
103043
103146
103185
103231
103322
103331
103519
103521
103534
103586
103587
103592
103601
103602
103603
103648
103650
103654
103655
103705
103706
103766
104284
104789
105062
105082
105095
105222
105457
105482
105959
105960
105967
105968
106002
106203
106247
106303
106323
106632
106641
106669
106673
106682
106689
106690
106694
106697
106708
106712
106727
106799
106970
106978
106989
107002
107005
107016
107020
107021
107025
107031
107039
107049
107062
107065
107075
107078
107088
107113
107119
107121
107124
107128
107132
107144
107150
107152
107155
107202
107208
107210
107334
107360
107410
107477
107478
107484
107506
107527
107538
107539
107540
107549
107567
107687
107717
107723
107724
107751
107759
107764
107780
107797
107861
107864
107977
108242
108243
108327
108335
108345
108346
108348
108349
108372
108387
108391
108398
108407
108417
108427
108441
108454
108458
108465
108488
108505
108508
108513
108532
108533
108537
108540
108541
108551
108552
108556
108562
108563
108569
108571
108580
108590
108596
108598
108601
108772
108773
108867
108870
108872
108875
108877
108882
108886
108992
108994
109001
109014
109080
109083
109096
109099
109325
109329
109346
109358
109363
109372
109389
109409
109453
109459
109460
109461
109492
109527
109598
109934
109943
109945
110086
110568
110569
110600
110615
110667
110678
110730
110735
110740
110750
110753
110758
110774
110781
110786
110800
110818
110838
110853
110861
110874
110911
