22
54
58
128
311
313
478
548
676
769
796
813
877
1140
1150
1265
1367
1412
1422
1496
1555
1563
1650
1685
1775
1885
2105
2143
2170
2201
2235
2247
2249
2378
2453
2553
2567
2722
2844
2846
2984
3246
3290
3295
3314
3458
3590
3596
3734
3742
3790
3804
3881
3977
4043
4112
4147
4194
4202
4454
4492
4589
4749
4765
4824
4886
4925
4993
5063
5069
5159
5253
5364
5383
5404
5510
5608
5615
5681
5757
5823
5859
5888
5951
5991
6061
6106
6110
6118
6136
6152
6219
6253
6362
6493
6591
6623
6681
6785
6807
6822
6942
6987
7046
7175
7191
7211
7320
7426
7475
7491
7511
7519
7601
7657
7703
7721
7747
7762
7874
8055
8072
8083
8100
8141
8433
8466
8508
8510
8536
8572
8632
8645
8695
8774
8784
8888
8948
8962
8986
9112
9152
9224
9242
9243
9274
9385
9570
9833
9944
10021
10038
10079
10089
10105
10109
10131
10211
10265
10295
10323
10330
10376
10401
10482
10782
10842
10944
10978
11012
11026
11084
11203
11319
11323
11329
11347
11367
11433
11445
11450
11457
11488
11535
11573
11639
11707
11725
11741
11766
11808
11823
11894
11990
12234
12268
12356
12361
12387
12423
12425
12527
12535
12787
12868
12917
12919
12944
12990
13020
13025
13170
13290
13311
13389
13395
13472
13488
13767
13790
13813
13820
13825
13865
13937
14052
14057
14065
14147
14161
14185
14253
14274
14284
14298
14313
14407
14460
14491
14686
14740
14813
14845
14896
14958
14978
15085
15154
15260
15279
15345
15382
15527
15531
15556
15694
15842
15874
15916
16001
16026
16086
16159
16391
16470
16545
16553
16601
16697
16708
16736
16754
16814
16818
16968
17010
17016
17059
17116
17202
17315
17401
17487
17792
17804
17809
17852
17865
17927
18051
18078
18202
18257
18275
18289
18405
18445
18524
18538
18652
18682
18816
18853
18867
18982
19014
19114
19170
19221
19267
19298
19344
19434
19489
19565
19604
19668
19705
19759
19837
19841
19920
19996
19997
20029
20185
20297
20391
20443
20450
20473
20532
20553
20588
20722
20762
20797
20810
20868
20881
20890
20913
20990
21059
21074
21104
21108
21120
21127
21195
21196
21258
21332
21387
21389
21506
21685
21727
21757
21827
21835
21860
21875
21884
21953
22065
22080
22082
22117
22204
22259
22330
22353
22388
22415
22456
22509
22625
22642
22645
22660
22700
22760
22799
22821
22834
22849
22892
23036
23037
23128
23263
23281
23339
23340
23341
23398
23400
23410
23435
23484
23646
23889
23908
23927
24131
24160
24171
24275
24292
24313
24394
24399
24541
24627
24722
24923
24936
24955
24996
25050
25093
25159
25177
25210
25282
25305
25539
25609
25660
25743
25771
25846
25911
25918
26018
26020
26114
26120
26150
26197
26215
26248
26308
26377
26401
26432
26553
26581
26727
26965
27045
27109
27162
27301
27398
27432
27460
27560
27589
27604
27610
27615
27665
27726
27742
27771
27809
27823
27849
27852
27864
27889
27935
27962
27967
27970
28051
28102
28121
28175
28202
28218
28231
28283
28329
28352
28400
28447
28452
28465
28511
28563
28565
28593
28606
28621
28640
28692
28733
28765
28803
28888
28913
29013
29022
29046
29177
29225
29235
29270
29364
29476
29512
29568
29601
29627
29705
29739
29742
29810
29843
29864
29900
29917
29938
29969
30024
30109
30131
30185
30197
30211
30258
30346
30362
30408
30545
30683
30760
30765
30799
30892
30959
31043
31076
31153
31205
31261
31262
31334
31419
31649
31721
31875
31946
31959
32001
32022
32097
32111
32123
32180
32190
32473
32621
32636
32640
32647
32744
32769
32806
32833
33025
33026
33150
33203
33246
33292
33303
33422
33427
33710
33785
33851
33928
33952
34004
34017
34068
34073
34104
34252
34265
34292
34612
34623
34679
34746
34772
34861
34881
34902
34927
34929
34998
35114
35123
35241
35306
35330
35468
35486
35541
35589
35649
35661
35731
35813
35817
36034
36154
36180
36283
36523
36698
36720
36730
36809
36864
36909
36972
37001
37074
37109
37111
37150
37160
37212
37249
37274
37296
37359
37405
37421
37477
37479
37617
37649
37832
38016
38522
38804
39064
39285
39416
39491
39703
40026
40120
40139
40215
40435
40591
40739
41111
41150
41171
41266
41340
41410
41576
41971
41973
42084
42392
42471
42770
43143
43260
43327
43470
43497
43511
43589
43682
44015
44116
46531
46580
47046
47100
47711
47726
47772
48091
48137
48900
49830
49833
50335
51114
51166
51211
51507
51758
51821
52218
52886
52925
52952
53260
53297
53745
53851
54001
54483
54677
54795
54842
54849
54853
55336
55345
55448
55450
55500
56004
56295
56440
56454
57614
57639
57684
57795
57905
58082
58098
58374
58508
58526
58733
58786
58797
58846
58887
58995
59170
59544
59713
59881
59947
60031
60126
60139
60186
60242
60292
60988
61482
61721
61863
61938
61955
62051
62056
62112
62113
62223
62296
62513
62568
62907
62985
63088
63313
63430
63436
63496
63500
63506
63590
63726
63925
63996
64010
64318
64392
64534
64998
65030
65174
65297
65360
65402
65409
65412
65413
65786
65847
66019
66172
66188
66398
67019
67044
67498
67731
67789
68071
68085
68151
68290
68308
68330
68548
68651
69224
69458
69659
69662
69848
70011
70074
70114
70252
70397
70499
70558
70569
70690
71311
71340
71474
71503
71548
71619
71669
71799
71809
71817
71887
72160
72188
72195
72255
72410
72954
73606
73616
73849
73895
73950
74101
74132
74557
74637
74648
74863
75373
75597
75661
76023
76030
76112
76340
76614
76954
76972
76998
77064
77085
77120
77161
77364
77382
77435
77446
77494
77521
77576
77611
77613
77808
77887
78046
78079
78363
78549
78745
78764
78765
78995
79137
79140
79164
79168
79175
79275
79285
79305
79307
79339
79433
79455
79555
80131
80274
80316
80319
80402
80438
80480
80501
80538
80577
80614
80654
80700
80737
80787
80811
80822
80834
80857
80880
80890
80937
80973
81012
81024
81064
81146
81206
81218
81230
81252
81278
81292
81435
81531
82198
82702
83029
83245
83374
83410
83584
83604
83618
83724
84221
84237
84426
84430
84950
84984
85016
85430
85476
85908
86147
86390
86705
86893
87027
87032
87085
87124
88524
89143
89665
89677
89842
89863
90120
90125
90145
90374
90574
91097
91168
91185
91188
91480
91911
92128
92144
92160
92549
92661
92669
92743
92744
93332
93420
93629
93929
93959
94036
94157
94176
94484
94486
94606
95089
95222
95913
95922
95931
96010
96129
96148
96417
96422
96441
96457
96504
96752
97154
97574
97589
97595
98111
98273
98299
98435
98927
99132
99159
99564
99709
99900
100120
100316
100594
100685
100708
100813
100882
101022
101283
101305
101400
101578
101579
101667
101701
101702
101847
101947
101955
101976
102049
102142
102173
102187
102236
102350
102440
102442
102449
102459
102471
102607
102665
102810
102889
102951
105453
105735
105774
105965
105968
106006
106224
106274
106319
106566
107016
107029
107073
107115
107193
107351
107754
108349
108415
108434
108441
108465
108494
108531
108535
108545
108558
108562
108567
108611
108857
108879
109014
109368
109530
109753
109933
110530
110561
110563
110597
110677
110809
110871
