12
26
74
103
142
176
198
283
332
446
510
594
632
650
679
709
775
938
999
1109
1166
1304
1311
1327
1349
1379
1431
1477
1498
1502
1590
1606
1636
1646
1650
1658
1668
1758
2003
2115
2199
2216
2303
2390
2663
2688
2695
2771
2989
3006
3047
3078
3084
3244
3246
3255
3281
3362
3404
3605
3701
3788
3897
3921
3937
4010
4028
4039
4063
4180
4253
4282
4382
4525
4542
4601
4667
4694
4807
4866
4914
4993
5006
5023
5233
5239
5290
5295
5325
5329
5383
5413
5467
5523
5671
5693
5698
5736
5740
5803
5875
5976
6045
6085
6227
6261
6285
6420
6453
6455
6483
6635
6643
6688
6721
6749
6791
6982
7016
7065
7219
7397
7435
7469
7499
7605
7622
7654
7730
7796
7812
7841
7898
7909
7915
7953
7963
8059
8096
8115
8135
8346
8374
8379
8481
8522
8566
8589
8624
8679
8716
8737
8757
8840
8916
8937
9052
9065
9094
9139
9143
9171
9214
9271
9395
9492
9495
9605
9616
9677
9823
9867
9880
9908
9973
9986
10000
10040
10099
10118
10206
10208
10217
10218
10243
10338
10434
10438
10444
10539
10590
10593
10598
10638
10649
10729
10772
10852
11022
11034
11042
11086
11180
11240
11383
11395
11488
11535
11576
11601
11667
11745
11774
11793
11888
11937
11973
12009
12015
12080
12344
12409
12443
12525
12578
12617
12653
12746
12776
12852
12928
12987
12990
13000
13104
13172
13326
13472
13604
13637
13846
13850
14046
14067
14096
14134
14177
14272
14284
14286
14290
14295
14296
14373
14427
14435
14519
14533
14591
14603
14625
14676
14734
14752
14847
14888
14935
14974
15030
15143
15193
15391
15425
15440
15456
15458
15575
15619
15627
15630
15654
15662
15717
15747
15880
15888
15963
15991
15996
16066
16178
16365
16373
16477
16538
16792
16913
16928
17063
17152
17195
17202
17372
17421
17435
17437
17456
17475
17538
17609
17612
17623
17636
17677
17702
17712
17726
17744
17777
17817
17903
17995
18497
18580
18596
18654
18728
18885
18922
18973
18976
19064
19066
19081
19134
19263
19278
19292
19330
19348
19434
19437
19567
19638
19745
19957
19959
19970
20022
20026
20078
20168
20240
20263
20333
20534
20572
20657
20695
20765
20830
20902
20942
20972
20992
21176
21201
21222
21303
21346
21354
21379
21556
21582
21699
21791
21923
21955
22002
22070
22145
22166
22190
22193
22197
22250
22262
22268
22285
22332
22387
22390
22393
22404
22458
22511
22651
22653
22655
22696
22723
22737
22795
22843
22930
23154
23263
23281
23345
23376
23402
23458
23478
23485
23716
23724
23753
23763
23773
23779
23967
24081
24088
24139
24151
24155
24187
24204
24242
24321
24561
24721
24723
24752
24804
24817
25093
25102
25235
25264
25280
25292
25299
25312
25348
25484
25485
25514
25541
25771
25967
25976
26022
26213
26366
26467
26478
26502
26509
26637
26697
26907
26949
26971
26974
27014
27064
27229
27236
27330
27368
27370
27471
27494
27505
27542
27590
27706
27744
27746
27855
27874
27893
27974
27984
28005
28090
28102
28117
28160
28183
28300
28319
28560
28570
28581
28716
28733
28740
28746
28767
28870
28925
28933
29203
29243
29246
29249
29253
29380
29444
29496
29571
29589
29609
29621
29651
29723
29732
29796
29851
29852
29876
29914
29983
30030
30055
30153
30270
30298
30365
30372
30388
30392
30500
30544
30563
30635
30703
30720
30811
30879
30886
30902
30926
30932
30939
30943
31049
31182
31221
31280
31324
31343
31367
31377
31391
31410
31443
31571
31593
31690
31715
31798
31816
31865
31957
31969
32057
32123
32136
32475
32524
32542
32559
32580
32672
32899
32921
32937
32963
32979
33099
33126
33144
33283
33301
33387
33393
33471
33488
33518
33530
33545
33600
33617
33824
33852
33893
34010
34106
34192
34234
34241
34246
34273
34302
34628
34726
34821
34837
34840
35006
35098
35174
35204
35345
35355
35443
35539
35552
35573
35705
35896
35953
36029
36152
36325
36357
36380
36469
36489
36525
36534
36726
36730
36739
36777
36782
36846
36872
36986
37003
37078
37113
37173
37233
37272
37465
37655
37670
37845
38101
38511
38594
38894
39167
39412
39532
39542
39545
39568
39579
39698
39782
39884
40143
40211
40376
40611
40740
40763
41311
41413
41726
41938
42204
42239
42316
42557
42758
43447
43559
43668
44323
44379
44737
44844
44859
46531
47100
47475
48054
48683
49481
49549
49565
50344
50524
50621
50800
51619
51818
52018
52053
52721
53041
53090
53115
53149
53164
53200
53251
53272
53419
53848
54162
54545
54740
54992
55113
55754
56155
56519
56880
57035
57561
57751
58314
58374
58448
58504
58577
58582
58667
58687
58820
59549
59936
60061
60146
60474
60480
60536
61027
61366
61476
61696
61775
62171
62286
62294
62353
62513
62522
62745
62760
63313
63427
63554
63727
63796
63889
63897
64079
64141
64271
64381
64518
64577
64640
65017
65044
65049
65147
65382
65659
66127
66188
66228
66288
66407
66937
67859
67893
67972
67973
67997
68000
68016
68070
68154
68208
68224
68263
68287
68291
68292
68318
68353
69267
69494
69539
69624
69815
69842
69843
69846
69871
69881
69925
69951
69979
70059
70135
70410
70561
70702
70727
70747
70789
71214
71555
71806
71832
71839
71849
71921
71953
71971
71974
71989
72195
72255
72260
73136
73269
73311
73503
73600
73608
73648
73665
73849
73892
74028
74101
74122
74156
74170
74190
74267
74286
74345
74363
74550
74572
74590
74617
74707
75002
75349
75368
75382
75574
75761
76106
76109
76260
76525
76542
76609
76663
76830
76849
76934
76950
76965
76966
77022
77027
77061
77186
77238
77378
77460
77465
77472
77596
78062
78083
78141
78305
78314
78462
78559
78603
78695
78777
78781
78783
79117
79143
79213
79300
79424
79431
79554
79604
79794
79987
80131
80210
80224
80229
80258
80379
80411
80529
80547
80654
80672
80720
80743
80745
80753
80817
80898
80909
80914
81049
81068
81112
81134
81151
81427
81440
81465
81531
81747
81827
81866
82363
82542
82871
82894
83152
83346
83374
83377
83381
83618
83630
83658
83801
83802
83954
84166
84226
84285
84304
84984
86013
86043
86065
86067
86085
86104
86130
86131
86949
87030
87195
87345
88470
88486
89034
89039
89159
89621
90139
90146
90699
91317
91467
91928
92100
92185
92217
92237
92286
92764
93167
93309
93315
93325
93326
93343
93456
93517
93518
93626
93687
93737
93809
93945
94284
94439
94483
94981
94982
94994
94998
95089
95917
96011
96073
96153
96188
96196
96273
96400
96409
96448
96601
96718
96745
96775
96987
97042
97095
97821
97861
97871
98291
98377
98436
98695
99106
99107
99157
100595
100685
100703
101141
101327
101336
101401
101792
101899
101932
101984
102125
102182
102212
102254
102371
102416
102422
102478
102834
103595
103659
105453
105463
105471
105482
105969
105974
105992
106651
106679
106727
106984
106986
106994
107010
107044
107069
107088
107143
107326
107349
107576
107710
107731
107748
107780
108007
108202
108364
108401
108405
108407
108417
108418
108443
108493
108498
108541
108595
109173
109366
109422
109457
109934
110106
110769
110782
110835
110855
110905
110908
