14
60
91
205
309
330
360
498
502
538
765
796
825
851
1113
1155
1271
1322
1327
1389
1394
1444
1472
1496
1551
1558
1606
1652
1711
1730
1783
1841
1865
1940
1942
1969
2038
2076
2085
2090
2206
2380
2504
2508
2544
2548
2557
2574
2630
2657
2663
2890
2896
2920
2942
2981
2999
3133
3166
3181
3207
3228
3251
3400
3796
3870
3887
3907
3913
3948
4020
4022
4030
4087
4110
4121
4191
4229
4339
4446
4503
4518
4544
4613
4712
4739
4884
4897
4921
4922
4939
4955
4973
5070
5077
5134
5158
5211
5255
5362
5396
5477
5577
6019
6021
6056
6136
6219
6233
6241
6278
6493
6547
6638
6644
6683
6713
6781
6807
6812
6816
6818
6872
6876
6963
7264
7275
7277
7320
7373
7493
7497
7713
7742
7745
7809
7815
7874
8047
8072
8085
8165
8183
8197
8207
8233
8238
8268
8289
8374
8605
8790
8809
8944
8956
8967
9108
9148
9193
9307
9339
9439
9462
9482
9560
9585
9625
9693
9744
9836
10003
10022
10042
10079
10159
10339
10348
10391
10395
10405
10500
10563
10573
10604
10675
10688
10693
10766
10830
10860
11124
11140
11155
11165
11199
11221
11237
11289
11390
11462
11495
11496
11580
11604
11701
11723
11784
11791
11821
11911
11931
12149
12218
12362
12405
12409
12421
12622
12725
12728
12730
12816
12827
12899
12919
12953
12961
13026
13044
13136
13159
13185
13278
13328
13461
13464
13703
13788
13882
14046
14169
14183
14282
14337
14481
14580
14710
14730
14813
14821
14957
15091
15135
15315
15373
15401
15410
15472
15509
15511
15539
15626
15644
15650
15654
15711
15720
15757
15797
15938
15999
16052
16114
16135
16255
16277
16285
16381
16421
16517
16610
16759
16763
16786
16846
16902
16926
17013
17027
17032
17034
17104
17106
17135
17205
17228
17295
17334
17388
17421
17425
17456
17469
17482
17485
17570
17577
17582
17593
17684
17714
17780
17838
17844
17951
17962
17974
18047
18090
18173
18176
18195
18305
18326
18365
18423
18460
18544
18556
18566
18606
18640
18702
18948
19024
19146
19162
19194
19261
19282
19286
19436
19437
19549
19602
19629
19688
19798
19857
19989
20037
20077
20108
20201
20223
20229
20290
20322
20351
20440
20443
20536
20556
20558
20560
20659
20683
20731
20804
20878
21126
21211
21213
21243
21312
21336
21354
21385
21388
21552
21560
21568
21572
21825
21841
21843
21937
21976
22305
22487
22507
22539
22624
22672
22726
22736
22753
22799
22801
22803
22814
22892
22913
22942
22961
23006
23027
23063
23103
23131
23214
23269
23287
23368
23372
23486
23495
23521
23552
23557
23660
23718
23724
23726
23816
23880
23959
24035
24091
24141
24216
24239
24313
24317
24340
24380
24409
24413
24689
24715
24733
24860
24924
24998
25009
25063
25237
25249
25287
25306
25364
25374
25386
25448
25454
25494
25547
25581
25713
25835
25911
25920
25934
25958
26068
26124
26137
26165
26228
26284
26362
26385
26472
26499
26558
26589
26850
26857
26874
26915
27045
27123
27168
27228
27339
27406
27410
27513
27582
27673
27726
27734
27813
27855
27890
27960
28013
28044
28092
28209
28346
28457
28509
28527
28562
28640
28649
28770
28864
28905
28919
28977
29005
29009
29062
29100
29108
29164
29205
29262
29286
29295
29326
29338
29386
29433
29491
29510
29550
29678
29741
29746
29825
29858
29891
29923
29935
30051
30055
30057
30090
30148
30217
30275
30277
30305
30432
30453
30513
30591
30595
30643
30700
30748
30852
30873
30984
30988
31004
31051
31057
31092
31148
31235
31264
31341
31348
31412
31441
31553
31607
31802
31831
31833
31852
31881
31890
31961
31980
31988
32093
32115
32140
32377
32389
32454
32475
32491
32501
32585
32605
32795
32820
32834
32929
33009
33013
33058
33101
33117
33416
33511
33722
33748
33758
33768
33874
33900
34060
34197
34316
34320
34362
34383
34395
34410
34465
34548
34579
34687
34713
34742
34745
34754
34756
34979
34987
35042
35108
35121
35182
35190
35265
35541
35543
35587
35661
35675
35710
35750
35777
35783
35785
35791
35823
35845
35898
35940
35946
35999
36074
36167
36209
36322
36324
36341
36361
36380
36442
36654
36754
36828
36891
36901
36945
36956
36964
37017
37031
37127
37163
37349
37431
37487
37503
37702
37709
38310
38419
38420
38422
38478
38755
38779
38810
39418
39541
39548
39566
39591
39744
39754
39807
39851
39981
40133
40472
40571
40590
40735
40767
41122
41134
41212
41269
41450
41950
42348
42468
42953
42995
43218
43317
43327
43659
43662
43867
44005
44887
45186
46380
46523
47060
47077
47431
47543
49642
49753
49829
49915
50217
50439
50520
50671
51588
51757
51795
51820
51862
52123
52218
52919
53219
53742
53827
54014
54180
54436
54620
54688
54853
55045
55273
55757
55812
56446
56453
56880
57025
57596
57683
57849
57861
57890
58075
58121
58204
58415
58773
58775
58832
58881
60032
60826
60889
61015
61373
61638
61757
62007
62195
62199
62200
62522
62661
62775
62912
62962
63225
63422
63498
63582
63742
64098
64282
64299
64405
64470
65015
65028
65272
65373
65376
65412
65648
65673
65963
65986
66223
66288
66423
66560
66961
67029
67030
67044
67052
67078
67211
67351
67721
67903
67989
68017
68021
68059
68116
68208
68263
68748
68768
68805
69155
69178
69231
69295
69552
69572
69574
69650
69658
69663
69832
69839
69892
69900
69951
70009
70012
70074
70520
70529
70556
70570
70596
70703
70938
71500
71517
71533
71605
71712
71790
71827
71872
71902
71905
72030
72036
72046
72164
72179
72372
72390
72450
72625
72794
72977
73502
73620
73627
73636
73741
73749
73786
73836
74030
74177
74244
74312
74356
74391
74502
74554
74654
74691
74695
74717
74813
74854
74932
75864
75877
76081
76116
76294
76446
76470
76512
76828
76972
77005
77059
77123
77189
77212
77347
77425
77439
77619
77793
78032
78046
78934
78951
78954
78995
79072
79101
79141
79174
79360
79361
79365
79426
80010
80140
80450
80526
80584
80590
80697
80730
80914
81034
81080
81131
81147
81176
81279
81280
81354
81428
81468
81483
81507
81753
82207
82790
82828
82865
83462
83723
83898
84021
84199
84200
86184
86418
86673
87033
87185
88971
89156
89611
89648
89709
89712
89798
89825
89883
90103
90130
90142
90144
90148
90151
90158
90162
90309
91115
91333
91437
91979
92054
92171
92188
92261
92596
92702
92898
93256
93277
93286
93288
93307
93376
93386
93451
93512
93515
93635
93694
93753
93940
93951
94028
94077
94088
94363
94443
94971
95088
95089
95319
95623
95683
96079
96125
96136
96158
96184
96316
96434
96446
96489
96580
97094
97540
97969
98111
98299
98442
98763
99087
99435
100515
101194
101368
101400
101403
101408
101594
101648
101684
101712
101831
101833
101845
101862
101916
101943
101950
101981
102036
102042
102436
102545
102555
102640
102737
102767
102811
103409
103521
105472
105959
105960
105981
106039
106203
106208
106675
106679
106687
106728
106801
107017
107032
107061
107087
107118
107146
107154
107203
107363
107766
107913
108148
108338
108415
108489
108501
108523
108786
108876
108994
109328
109392
109395
109986
110074
110097
