26
38
140
214
277
334
370
524
628
639
690
977
983
1046
1079
1137
1153
1308
1385
1508
1519
1548
1778
1795
2017
2018
2080
2182
2251
2268
2458
2468
2491
2523
2651
2798
2851
2925
2976
2991
3003
3013
3015
3189
3216
3292
3382
3424
3466
3547
3558
3771
3782
3810
3812
3873
3884
3942
4025
4049
4093
4105
4149
4192
4253
4266
4299
4345
4357
4465
4467
4508
4728
4859
4961
4962
5004
5009
5015
5033
5053
5142
5223
5249
5452
5539
5581
5610
5698
5801
5803
5868
5956
5973
5996
5998
6043
6064
6101
6112
6124
6236
6405
6449
6477
6567
6589
6638
6639
6686
6761
6866
6913
6927
6931
7030
7141
7191
7255
7271
7278
7304
7330
7360
7395
7405
7527
7573
7627
7764
7847
7860
7891
7953
8035
8139
8147
8199
8268
8288
8365
8386
8569
8619
8718
8876
8884
9011
9152
9271
9305
9335
9447
9502
9514
9623
9784
9790
9872
9946
10009
10018
10082
10091
10109
10217
10246
10248
10269
10321
10340
10355
10424
10537
10555
10615
10617
10728
10804
10824
10832
10846
11032
11046
11082
11110
11120
11214
11216
11299
11309
11405
11499
11533
11630
11651
11747
11936
11983
12011
12021
12197
12264
12304
12427
12636
12833
12848
13006
13007
13041
13085
13200
13468
13499
13596
13626
13629
13635
13723
13738
13755
13776
13788
13804
13822
13927
14120
14136
14139
14143
14169
14193
14197
14260
14404
14425
14427
14509
14560
14776
14784
15109
15148
15216
15246
15365
15395
15419
15434
15466
15481
15498
15571
15586
15625
15726
15740
15810
15922
16026
16128
16338
16425
16461
16462
16477
16517
16584
16605
16613
16641
16654
16731
16736
16737
16767
16810
16866
16914
17003
17063
17088
17090
17162
17222
17230
17249
17376
17391
17433
17439
17594
17607
17644
17759
17818
17873
17884
18041
18094
18202
18208
18345
18353
18386
18420
18440
18492
18518
18522
18600
18644
18676
18760
18861
18887
18900
19002
19067
19074
19084
19114
19282
19292
19298
19310
19330
19485
19493
19562
19580
19590
19776
19819
19927
19947
19994
19998
20221
20226
20362
20431
20433
20585
20665
20722
20789
20856
20864
21002
21014
21034
21131
21215
21302
21309
21350
21356
21359
21365
21442
21490
21550
21604
21668
21759
21760
21803
22032
22098
22294
22325
22353
22412
22450
22475
22498
22556
22582
22585
22611
22643
22649
22753
22804
22805
22816
22851
22941
22942
22943
22957
23017
23030
23046
23099
23158
23201
23317
23420
23433
23488
23550
23650
23662
23751
23773
23783
23949
23952
24159
24170
24172
24258
24287
24541
24545
24549
24569
24669
24710
24717
24740
24746
24835
24897
24983
25027
25179
25231
25265
25312
25332
25673
25749
25789
25808
25823
25851
25870
25901
25932
25958
25969
26037
26040
26095
26135
26268
26364
26610
26657
26697
26850
26859
27000
27107
27304
27344
27369
27408
27414
27472
27498
27528
27579
27656
27718
27724
27818
27861
27939
27977
28070
28077
28096
28168
28229
28280
28306
28311
28348
28400
28408
28494
28520
28552
28586
28599
28600
28622
28625
28720
28746
28845
28864
28948
28972
28978
28997
29068
29111
29112
29197
29234
29272
29400
29467
29558
29786
29946
29950
29963
30068
30100
30156
30183
30217
30259
30318
30365
30402
30424
30465
30486
30599
30606
30670
30679
30763
30809
30828
30833
30864
30879
31087
31173
31247
31454
31569
31654
31661
31670
31687
31723
31814
32156
32338
32356
32385
32495
32522
32584
32585
32607
32693
32994
33019
33030
33046
33062
33113
33220
33230
33391
33409
33426
33456
33475
33498
33543
33594
33596
33762
33812
33831
33847
33897
34004
34032
34061
34167
34342
34357
34406
34458
34587
34705
34803
34807
34907
34951
35058
35090
35094
35160
35242
35258
35279
35315
35482
35509
35513
35645
35667
35692
35709
35864
35868
35902
35917
35948
35957
36068
36092
36209
36264
36291
36295
36299
36308
36357
36440
36501
36532
36556
36573
36599
36605
36611
36629
36631
36724
36801
36815
36868
36915
36929
36945
37431
37487
37582
37603
37624
37645
37674
37787
38032
38500
38772
39532
39559
39605
39696
39726
39727
39750
39759
40177
40213
40293
40390
40642
40643
40731
40760
41050
41093
41328
41612
41703
41956
42004
42233
42453
42720
42724
42901
42902
42935
42987
43232
43282
43316
43455
43604
43680
43980
44010
44213
44814
45340
45362
45828
45910
45958
46529
47231
49696
49985
50325
51168
51179
51606
51863
51982
52798
52912
53021
53210
53222
53255
53344
53742
54087
54691
54719
55342
55414
55789
55911
55914
56063
56282
56347
56519
57104
57320
57636
57884
58075
58265
58297
58314
58479
58695
58816
59435
59447
59550
59727
59924
59973
59988
60051
60509
60551
60935
61004
61569
62106
62115
62136
62200
62662
62709
62819
62844
62907
62954
62967
63089
63313
63617
63766
63813
63905
63935
63994
64103
64114
64229
64558
64577
64850
64871
65207
65211
65835
66072
66165
66317
66323
66671
67370
67868
68056
68097
68308
68324
68432
69172
69197
69200
69221
69284
69343
69530
69571
69607
69620
69666
69785
69829
69834
69848
69891
69911
69924
70050
70190
70291
70397
70446
70506
70533
70564
70592
70710
70993
71394
71507
71545
71547
71577
71613
71704
71758
71810
71833
71851
71852
71936
71938
71996
72011
72024
72160
72167
72238
72279
72320
72327
72342
72350
72354
72402
72455
72465
72791
72796
72830
73214
73272
73423
73586
73611
73614
73631
73642
73655
73869
74130
74159
74183
74307
74383
74395
74410
74451
74468
74482
74572
74590
74664
74674
75036
75921
75991
76056
76067
76070
76072
76109
76121
76483
76634
76955
76984
77040
77045
77216
77327
77444
77458
77481
77490
77498
77543
77614
77623
77963
78018
78024
78048
78225
78313
78415
78472
78494
78552
78613
78655
78665
78747
78761
78868
79012
79064
79070
79279
79315
79363
79401
79532
80149
80164
80199
80214
80229
80285
80318
80350
80390
80637
80647
80709
80761
80766
80795
80838
80941
80982
81111
81142
81156
81176
81217
81295
81461
81510
81511
81516
81525
81529
81530
81846
82162
82553
82559
83355
83378
83514
83515
84134
84300
84329
84888
84992
85018
85108
85386
85656
85766
85895
86390
86523
86742
86892
86893
87045
87246
87623
88204
88630
88869
88948
89147
89422
89586
89598
89622
89759
89840
89889
89919
90091
90173
90309
90558
91331
91553
91600
91934
92144
92166
92233
92240
92356
93164
93248
93310
93502
93504
93524
93608
93687
93799
93840
94018
94147
94241
94462
94662
94893
95090
95163
95354
95517
95520
95683
95797
95906
95913
96246
96400
96582
96726
96783
96793
97048
97246
98120
98488
98763
99083
99131
100048
100545
100566
100628
100647
100972
100993
101264
101648
101668
101750
101791
101838
102131
102143
102225
102287
102439
102722
102741
102901
103183
103187
103600
103765
104211
105181
105966
105983
106634
106693
106970
106977
106988
107052
107058
107134
107325
107347
107402
107758
108006
108199
108388
108398
108415
108416
108460
108509
108512
108539
108556
108598
108880
108881
109100
109352
109939
110530
110729
110733
110748
110764
110814
110859
