15
44
54
87
124
148
166
176
178
194
206
207
213
226
235
242
265
277
282
309
321
323
330
340
358
370
378
389
397
405
409
417
425
429
452
453
466
474
484
510
518
549
551
552
553
581
583
593
605
607
620
621
624
633
639
644
669
674
687
705
718
719
720
730
735
743
769
831
833
855
875
903
918
934
948
977
981
983
986
996
1004
1010
1038
1044
1046
1048
1051
1086
1092
1096
1101
1109
1127
1133
1143
1155
1158
1166
1181
1185
1201
1230
1252
1262
1273
1274
1276
1284
1286
1290
1294
1296
1317
1325
1330
1342
1351
1354
1377
1379
1381
1415
1437
1439
1471
1477
1492
1493
1496
1499
1507
1508
1514
1522
1537
1548
1557
1587
1590
1593
1594
1602
1608
1610
1612
1631
1632
1656
1688
1713
1723
1755
1771
1778
1781
1785
1789
1806
1818
1847
1855
1873
1900
1915
1946
1957
1977
1995
2001
2013
2020
2029
2064
2065
2072
2082
2090
2098
2100
2110
2129
2137
2157
2184
2197
2210
2226
2245
2249
2251
2256
2261
2267
2269
2270
2281
2286
2287
2290
2292
2299
2311
2316
2320
2349
2368
2379
2394
2423
2428
2430
2432
2442
2443
2444
2455
2460
2466
2468
2487
2496
2521
2528
2539
2565
2576
2577
2579
2593
2610
2618
2623
2627
2699
2743
2747
2807
2809
2811
2828
2838
2846
2851
2855
2857
2861
2888
2892
2898
2914
2927
2946
2958
2960
2984
3006
3007
3015
3025
3045
3049
3055
3078
3082
3094
3102
3110
3119
3127
3141
3167
3196
3236
3262
3279
3297
3299
3309
3312
3316
3324
3355
3382
3406
3426
3430
3436
3464
3468
3474
3476
3480
3482
3493
3528
3530
3536
3538
3540
3586
3611
3661
3667
3671
3680
3693
3715
3733
3742
3758
3762
3764
3768
3769
3792
3794
3810
3820
3824
3850
3868
3889
3891
3907
3915
3937
3959
3973
3997
4012
4018
4023
4043
4061
4065
4075
4077
4098
4121
4123
4125
4134
4175
4180
4192
4198
4209
4211
4216
4218
4227
4230
4231
4239
4251
4259
4275
4316
4322
4341
4347
4348
4351
4361
4376
4409
4413
4430
4434
4448
4452
4460
4462
4469
4475
4490
4492
4508
4516
4554
4556
4559
4575
4576
4587
4615
4618
4634
4654
4672
4677
4681
4684
4685
4687
4689
4696
4700
4702
4736
4745
4749
4759
4761
4771
4784
4801
4818
4823
4841
4845
4858
4892
4900
4920
4977
4984
5001
5007
5013
5046
5048
5054
5068
5092
5116
5118
5138
5140
5149
5178
5181
5211
5233
5241
5259
5273
5275
5293
5326
5353
5358
5360
5365
5368
5375
5388
5411
5415
5440
5452
5463
5473
5496
5498
5520
5552
5556
5563
5565
5567
5573
5579
5587
5594
5598
5610
5611
5628
5631
5645
5647
5650
5669
5683
5685
5687
5694
5702
5704
5712
5754
5764
5766
5777
5833
5843
5845
5847
5849
5853
5855
5873
5881
5896
5912
5924
5943
5947
5961
5963
5964
5996
6000
6007
6010
6012
6017
6036
6059
6066
6081
6130
6158
6166
6169
6173
6179
6183
6185
6191
6197
6199
6201
6206
6215
6236
6246
6251
6264
6270
6272
6278
6284
6285
6289
6296
6297
6299
6310
6360
6364
6366
6373
6390
6407
6413
6418
6420
6422
6431
6465
6466
6472
6483
6520
6530
6533
6534
6562
6571
6597
6621
6664
6675
6677
6686
6687
6702
6726
6745
6775
6806
6812
6813
6819
6823
6824
6835
6876
6881
6890
6895
6902
6903
6929
6935
6951
6964
6977
6978
6980
6990
6996
7016
7020
7079
7085
7093
7111
7123
7141
7143
7147
7167
7179
7189
7199
7201
7226
7232
7238
7271
7272
7276
7278
7286
7287
7292
7297
7318
7322
7347
7367
7373
7377
7393
7410
7414
7416
7420
7423
7432
7450
7456
7462
7474
7485
7507
7514
7521
7535
7550
7555
7557
7561
7571
7581
7629
7631
7632
7644
7673
7680
7686
7690
7697
7719
7733
7743
7747
7752
7757
7769
7779
7781
7795
7815
7819
7833
7849
7853
7858
7864
7874
7897
7901
7934
7953
7963
7975
7994
8000
8012
8014
8016
8026
8028
8053
8066
8072
8083
8085
8090
8117
8125
8137
8161
8167
8177
8187
8191
8203
8220
8221
8232
8254
8266
8270
8280
8283
8297
8299
8325
8333
8335
8337
8344
8359
8387
8400
8411
8417
8427
8439
8447
8451
8473
8483
8491
8500
8504
8532
8536
8540
8545
8554
8566
8570
8587
8592
8593
8617
8635
8642
8644
8677
8679
8685
8753
8757
8774
8782
8784
8790
8796
8806
8807
8814
8820
8822
8832
8838
8852
8861
8867
8877
8885
8893
8897
8899
8937
8954
8965
8971
8980
8983
8995
9015
9016
9020
9025
9056
9059
9067
9076
9110
9112
9113
9135
9137
9139
9146
9158
9169
9173
9177
9182
9186
9188
9195
9243
9260
9267
9271
9297
9321
9371
9378
9407
9409
9435
9457
9458
9461
9476
9478
9497
9520
9539
9549
9554
9565
9568
9570
9599
9600
9627
9635
9690
9695
9702
9704
9706
9734
9736
9759
9764
9794
9814
9828
9840
9844
9845
9848
9861
9871
9872
9875
9879
9882
9900
9902
9923
9926
9935
9992
10001
10013
10060
10077
10084
10089
10099
10102
10114
10134
10138
10161
10163
10186
10188
10194
10202
10221
10233
10242
10243
10248
10249
10256
10259
10261
10267
10271
10277
10283
10342
10346
10347
10350
10357
10361
10364
10382
10387
10393
10395
10403
10406
10413
10440
10448
10451
10455
10480
10484
10488
10509
10517
10521
10529
10539
10551
10553
10583
10623
10664
10675
10687
10693
10697
10699
10704
10716
10742
10776
10786
10804
10818
10822
10824
10844
10848
10852
10912
10918
10964
10970
10992
11008
11020
11040
11050
11094
11100
11110
11142
11168
11178
11180
11201
11203
11214
11229
11251
11252
11263
11264
11282
11292
11313
11323
11329
11331
11335
11337
11340
11363
11367
11393
11403
11407
11422
11433
11437
11443
11451
11499
11515
11518
11529
11547
11568
11570
11572
11573
11584
11607
11627
11652
11662
11688
11727
11729
11733
11737
11739
11741
11743
11744
11760
11768
11797
11812
11833
11848
11854
11856
11859
11870
11881
11900
11909
11919
11937
11939
11963
11971
11993
12005
12013
12021
12027
12037
12059
12070
12084
12096
12098
12116
12118
12136
12158
12170
12211
12213
12221
12225
12228
12234
12240
12244
12251
12273
12327
12329
12331
12349
12357
12380
12397
12400
12409
12445
12470
12471
12473
12475
12487
12491
12499
12549
12552
12585
12619
12628
12630
12634
12642
12648
12650
12657
12663
12684
12689
12691
12707
12713
12736
12746
12750
12768
12780
12787
12802
12804
12816
12853
12870
12876
12882
12886
12888
12890
12898
12932
12942
12992
13009
13032
13040
13042
13062
13064
13070
13076
13078
13089
13101
13106
13120
13166
13168
13172
13176
13179
13185
13194
13196
13197
13200
13231
13233
13248
13258
13262
13266
13269
13296
13300
13302
13309
13323
13326
13372
13383
13393
13395
13420
13428
13441
13476
13480
13484
13486
13490
13494
13512
13550
13552
13559
13561
13569
13574
13591
13599
13609
13641
13657
13661
13707
13708
13732
13740
13770
13776
13782
13802
13808
13818
13824
13837
13853
13903
13905
13915
13945
13992
14019
14036
14042
14050
14077
14088
14093
14110
14114
14116
14118
14122
14141
14147
14199
14203
14208
14214
14218
14236
14245
14250
14262
14282
14345
14375
14385
14389
14393
14404
14405
14413
14425
14444
14445
14455
14475
14483
14485
14513
14521
14533
14535
14543
14563
14565
14576
14587
14591
14605
14610
14615
14635
14661
14676
14686
14705
14710
14738
14740
14754
14758
14759
14796
14798
14803
14815
14849
14855
14859
14866
14875
14894
14959
14961
14967
14968
14982
14986
15002
15045
15047
15053
15059
15073
15083
15091
15099
15101
15108
15115
15141
15145
15148
15158
15165
15168
15179
15187
15192
15193
15195
15197
15210
15222
15248
15252
15260
15262
15272
15274
15277
15313
15364
15383
15388
15397
15407
15421
15452
15456
15466
15473
15481
15501
15533
15537
15542
15551
15556
15564
15569
15590
15595
15608
15611
15618
15628
15648
15662
15681
15692
15699
15707
15722
15728
15742
15759
15764
15790
15800
15814
15824
15862
15912
15914
15924
15946
15959
15978
15985
15989
15992
15994
15996
16015
16024
16040
16041
16049
16053
16071
16077
16084
16096
16098
16102
16104
16113
16126
16128
16150
16158
16162
16168
16170
16172
16190
16192
16213
16244
16312
16316
16325
16358
16367
16371
16406
16408
16412
16415
16438
16439
16456
16461
16477
16481
16489
16491
16509
16513
16517
16549
16564
16584
16589
16591
16605
16615
16647
16653
16660
16683
16685
16708
16718
16756
16759
16776
16784
16790
16802
16810
16836
16842
16850
16879
16896
16913
16917
16922
16933
16935
16937
16959
16976
16981
16999
17008
17034
17050
17052
17059
17061
17068
17072
17074
17076
17100
17111
17121
17123
17127
17133
17162
17188
17205
17286
17312
17313
17315
17326
17342
17344
17382
17392
17397
17400
17410
17429
17431
17433
17437
17444
17450
17454
17458
17460
17462
17463
17465
17475
17489
17493
17505
17511
17526
17532
17539
17548
17560
17572
17579
17585
17591
17592
17595
17600
17602
17617
17635
17637
17638
17669
17674
17678
17681
17714
17717
17724
17729
17780
17783
17790
17791
17797
17801
17808
17809
17817
17822
17838
17849
17855
17869
17909
17915
17943
17945
17955
17966
18006
18018
18019
18034
18041
18043
18049
18051
18060
18094
18098
18112
18137
18144
18155
18165
18170
18179
18195
18210
18212
18220
18249
18259
18269
18271
18289
18293
18297
18301
18321
18326
18329
18369
18379
18386
18396
18409
18440
18447
18453
18468
18480
18500
18502
18520
18524
18530
18584
18602
18606
18636
18658
18676
18696
18712
18736
18760
18778
18780
18812
18824
18855
18875
18879
18884
18900
18916
18918
18926
18936
18948
18956
18958
18976
19010
19016
19018
19028
19063
19066
19077
19080
19082
19087
19105
19138
19156
19158
19168
19177
19183
19190
19192
19198
19203
19208
19223
19265
19268
19269
19284
19292
19302
19319
19331
19332
19342
19352
19358
19362
19380
19439
19441
19443
19450
19466
19472
19476
19487
19489
19496
19512
19558
19578
19611
19621
19625
19636
19649
19668
19670
19686
19710
19713
19723
19727
19739
19774
19781
19786
19802
19805
19811
19815
19820
19834
19843
19853
19855
19866
19878
19882
19893
19899
19906
19910
19920
19944
19978
19986
19988
20020
20043
20048
20051
20055
20072
20074
20076
20077
20086
20088
20094
20102
20114
20171
20178
20180
20209
20212
20229
20234
20248
20250
20254
20259
20278
20298
20310
20318
20320
20345
20347
20348
20351
20355
20357
20359
20360
20361
20366
20367
20372
20374
20382
20419
20440
20475
20481
20521
20534
20546
20551
20564
20590
20591
20598
20624
20647
20649
20657
20671
20677
20681
20683
20685
20702
20708
20710
20711
20742
20758
20762
20780
20795
20800
20814
20862
20890
20896
20902
20904
20908
20919
20921
20922
20927
20929
20950
21014
21022
21031
21043
21052
21053
21089
21112
21132
21143
21147
21168
21176
21179
21183
21189
21191
21193
21199
21213
21216
21236
21249
21251
21255
21257
21286
21296
21298
21321
21328
21349
21368
21389
21419
21441
21442
21444
21465
21469
21472
21473
21484
21494
21508
21516
21524
21574
21576
21580
21582
21594
21602
21620
21623
21629
21637
21652
21672
21685
21690
21709
21725
21729
21777
21805
21817
21837
21860
21882
21891
21899
21968
22008
22014
22019
22036
22068
22103
22105
22121
22131
22133
22151
22176
22187
22201
22209
22217
22249
22261
22268
22287
22301
22302
22313
22317
22318
22326
22330
22349
22357
22406
22420
22433
22435
22485
22501
22512
22515
22526
22532
22537
22560
22564
22591
22606
22608
22610
22623
22625
22626
22631
22642
22649
22655
22664
22702
22703
22711
22713
22726
22742
22744
22758
22780
22782
22794
22810
22812
22813
22824
22826
22831
22839
22862
22870
22891
22895
22906
22913
22945
22949
22950
22959
22967
22972
22977
22981
22985
22999
23001
23033
23036
23037
23047
23077
23079
23099
23112
23120
23126
23128
23131
23133
23144
23171
23179
23198
23213
23229
23242
23243
23247
23263
23285
23292
23293
23297
23302
23304
23306
23308
23309
23311
23313
23318
23321
23327
23333
23339
23350
23352
23384
23427
23455
23490
23495
23498
23505
23515
23531
23545
23547
23548
23566
23568
23602
23664
23668
23672
23674
23680
23704
23709
23712
23716
23718
23749
23757
23783
23805
23813
23814
23818
23820
23834
23839
23841
23843
23872
23884
23899
23916
23917
23920
23927
23929
23934
23951
23958
23962
23963
23973
23975
23990
24014
24018
24019
24042
24055
24063
24067
24070
24095
24096
24108
24110
24112
24125
24135
24143
24144
24158
24164
24165
24169
24171
24174
24184
24192
24198
24200
24209
24212
24255
24257
24261
24267
24269
24272
24278
24300
24303
24304
24322
24324
24328
24347
24353
24362
24378
24380
24386
24388
24393
24395
24401
24418
24425
24429
24437
24449
24469
24490
24503
24517
24519
24541
24564
24565
24573
24597
24607
24631
24637
24647
24649
24661
24681
24697
24698
24702
24707
24711
24717
24728
24740
24766
24772
24774
24782
24791
24792
24798
24806
24823
24827
24834
24837
24886
24896
24898
24900
24905
24916
24919
24929
24936
24938
24951
24953
24956
24958
24960
24976
24989
24998
25008
25010
25013
25015
25016
25017
25023
25042
25054
25058
25059
25077
25081
25085
25102
25109
25128
25132
25134
25157
25163
25183
25185
25191
25205
25222
25228
25235
25255
25285
25286
25299
25301
25311
25319
25336
25344
25364
25368
25386
25397
25404
25407
25416
25421
25429
25437
25450
25479
25485
25488
25513
25519
25520
25543
25547
25549
25597
25605
25626
25627
25631
25638
25646
25661
25677
25683
25686
25690
25715
25719
25729
25731
25733
25735
25743
25749
25775
25785
25787
25789
25791
25793
25802
25819
25827
25848
25855
25858
25870
25873
25887
25891
25903
25936
25948
25949
25963
25971
25973
25980
25983
25987
26029
26060
26105
26118
26126
26204
26206
26208
26228
26232
26246
26254
26257
26259
26266
26293
26308
26309
26310
26312
26318
26322
26338
26353
26355
26357
26358
26364
26381
26383
26389
26397
26417
26430
26435
26474
26480
26481
26504
26506
26528
26534
26540
26555
26627
26628
26637
26638
26653
26687
26737
26748
26751
26757
26768
26782
26821
26842
26850
26861
26863
26877
26886
26894
26905
26920
26921
26943
26974
26976
26983
26988
26990
27010
27014
27018
27029
27031
27045
27056
27072
27074
27098
27100
27117
27119
27127
27156
27167
27184
27215
27225
27226
27231
27259
27267
27278
27279
27285
27309
27333
27350
27355
27370
27376
27392
27398
27457
27460
27480
27482
27494
27502
27524
27543
27556
27575
27577
27586
27590
27602
27606
27645
27656
27663
27669
27673
27679
27680
27685
27695
27703
27710
27720
27722
27733
27738
27740
27749
27776
27777
27781
27786
27808
27810
27820
27842
27856
27882
27883
27887
27902
27926
27929
27934
27938
27943
27944
27962
27967
27969
27975
27979
27981
27990
28013
28023
28034
28050
28078
28080
28081
28092
28095
28096
28103
28104
28110
28128
28144
28166
28172
28176
28183
28189
28198
28202
28240
28261
28267
28281
28288
28294
28295
28307
28311
28325
28329
28332
28336
28340
28344
28366
28379
28389
28417
28429
28442
28445
28450
28462
28464
28469
28491
28522
28531
28533
28543
28561
28562
28566
28572
28574
28578
28580
28591
28597
28606
28616
28624
28631
28632
28655
28658
28661
28668
28676
28679
28695
28705
28711
28721
28738
28740
28742
28746
28750
28757
28763
28767
28777
28779
28819
28833
28837
28842
28849
28853
28886
28888
28894
28897
28902
28909
28925
28936
28937
28968
28973
28977
28980
28988
28993
29016
29033
29080
29090
29092
29101
29105
29106
29108
29109
29110
29111
29118
29122
29131
29152
29172
29182
29230
29234
29236
29260
29270
29274
29278
29292
29309
29311
29313
29319
29326
29335
29336
29341
29348
29355
29366
29369
29381
29401
29403
29405
29408
29411
29420
29433
29435
29436
29442
29444
29458
29467
29488
29490
29496
29502
29507
29510
29515
29531
29543
29546
29552
29558
29581
29605
29607
29617
29623
29631
29675
29686
29712
29721
29733
29737
29748
29751
29772
29774
29777
29781
29788
29796
29815
29816
29819
29826
29833
29850
29887
29888
29892
29898
29902
29910
29911
29923
29931
29938
29942
29944
29956
29961
29982
29987
30009
30014
30021
30032
30040
30053
30074
30098
30100
30101
30116
30136
30144
30148
30158
30161
30163
30167
30178
30189
30194
30234
30275
30290
30294
30305
30311
30321
30327
30343
30360
30365
30369
30372
30376
30381
30388
30396
30401
30405
30407
30411
30416
30417
30435
30438
30439
30442
30450
30478
30482
30493
30499
30500
30517
30533
30538
30540
30557
30559
30594
30599
30613
30617
30619
30667
30677
30693
30703
30707
30719
30727
30732
30737
30752
30759
30769
30797
30815
30834
30843
30849
30852
30867
30869
30878
30882
30890
30900
30926
30928
30936
30941
30947
30953
30957
30964
30988
31017
31028
31045
31063
31085
31115
31128
31157
31171
31176
31182
31211
31261
31276
31309
31315
31322
31326
31361
31364
31369
31387
31389
31396
31408
31415
31421
31453
31463
31485
31489
31502
31504
31512
31516
31520
31522
31527
31535
31544
31554
31562
31611
31633
31643
31652
31653
31660
31678
31681
31686
31687
31700
31713
31715
31723
31737
31739
31751
31752
31757
31771
31777
31788
31798
31800
31816
31817
31852
31859
31869
31877
31886
31893
31896
31923
31927
31934
31940
31967
31971
31997
32002
32012
32015
32020
32046
32048
32057
32059
32065
32079
32085
32087
32090
32105
32117
32127
32140
32151
32157
32166
32188
32226
32234
32242
32250
32257
32295
32307
32309
32317
32319
32326
32334
32338
32346
32356
32362
32364
32397
32399
32409
32419
32452
32461
32463
32465
32467
32482
32493
32507
32513
32546
32561
32579
32587
32605
32607
32609
32617
32623
32652
32672
32678
32704
32708
32709
32712
32718
32725
32734
32744
32756
32760
32778
32797
32800
32802
32803
32805
32817
32829
32834
32836
32848
32850
32856
32872
32874
32888
32891
32899
32919
32921
32941
32943
32951
32965
32969
32971
32990
33013
33030
33050
33082
33097
33111
33120
33129
33138
33143
33153
33170
33171
33197
33202
33228
33244
33248
33257
33281
33282
33313
33329
33330
33334
33336
33338
33350
33381
33385
33401
33405
33414
33440
33442
33446
33452
33454
33465
33469
33486
33493
33498
33511
33513
33549
33569
33573
33590
33603
33620
33633
33635
33643
33664
33693
33699
33700
33704
33724
33743
33748
33754
33770
33775
33777
33789
33802
33806
33816
33837
33840
33847
33856
33866
33869
33870
33872
33899
33903
33913
33927
33935
33939
33949
33962
33970
33972
33975
33987
33994
34004
34012
34022
34028
34058
34092
34098
34112
34116
34144
34153
34167
34196
34203
34214
34234
34261
34263
34280
34292
34304
34316
34324
34332
34349
34372
34375
34387
34415
34423
34432
34439
34444
34446
34450
34458
34503
34509
34534
34540
34563
34573
34575
34587
34591
34592
34594
34621
34671
34679
34680
34687
34689
34694
34705
34741
34766
34772
34776
34778
34799
34805
34807
34837
34847
34871
34879
34880
34894
34896
34905
34912
34925
34931
34949
34951
34961
34965
34969
34979
35010
35012
35030
35054
35083
35090
35097
35098
35111
35121
35123
35133
35160
35178
35183
35184
35185
35192
35198
35200
35206
35221
35233
35237
35239
35248
35258
35260
35264
35266
35269
35271
35285
35287
35306
35337
35342
35412
35418
35427
35431
35454
35464
35486
35487
35493
35495
35501
35527
35546
35570
35593
35595
35609
35619
35623
35635
35655
35665
35691
35746
35756
35773
35775
35777
35781
35791
35817
35855
35864
35878
35906
35927
35950
35963
35986
35994
36049
36051
36057
36086
36089
36090
36104
36106
36108
36142
36158
36165
36166
36187
36189
36201
36221
36236
36244
36246
36262
36266
36268
36283
36301
36320
36335
36342
36355
36362
36369
36370
36374
36388
36390
36393
36397
36416
36426
36428
36448
36485
36489
36499
36501
36525
36547
36567
36576
36586
36589
36595
36599
36607
36612
36636
36642
36659
36667
36724
36730
36752
36758
36796
36798
36800
36803
36809
36826
36852
36856
36868
36870
36937
36938
36940
36942
36951
36961
36966
36985
37011
37023
37035
37038
37060
37111
37145
37150
37152
37154
37157
37158
37159
37169
37188
37198
37210
37215
37233
37235
37244
37245
37254
37257
37272
37280
37289
37321
37325
37338
37367
37369
37393
37395
37407
37433
37451
37475
37479
37483
37507
37515
37551
37571
37602
37622
37626
37641
37688
37690
37705
37707
37786
37818
37828
37965
37966
37993
38000
38055
38101
38166
38218
38269
38281
38292
38387
38401
38416
38418
38420
38422
38432
38501
38505
38511
38537
38541
38555
38617
38659
38722
38755
38772
38779
38803
38876
38880
38960
38961
39073
39116
39119
39128
39287
39310
39360
39415
39417
39435
39524
39528
39562
39564
39584
39587
39590
39618
39672
39687
39689
39701
39703
39707
39736
39744
39751
39757
39769
39770
39771
39809
39814
39830
39840
39857
39897
39953
39982
39995
40121
40133
40234
40369
40372
40376
40384
40390
40404
40430
40502
40503
40515
40546
40561
40570
40590
40610
40628
40646
40647
40723
40729
40740
40741
40785
40888
41122
41129
41144
41171
41172
41179
41265
41271
41330
41333
41343
41408
41411
41412
41414
41435
41449
41518
41525
41576
41579
41592
41620
41648
41684
41687
41702
41825
41836
41906
41915
41931
41942
41943
42003
42140
42239
42240
42254
42278
42284
42301
42302
42303
42309
42330
42332
42340
42347
42351
42360
42370
42371
42372
42392
42417
42442
42451
42452
42518
42664
42670
42711
42712
42723
42761
42904
42908
42910
42914
42936
42950
42963
43147
43166
43167
43169
43205
43219
43232
43233
43261
43283
43316
43318
43341
43438
43448
43468
43472
43482
43485
43487
43497
43587
43588
43617
43624
43662
43668
43672
43680
43746
43796
43807
43809
43840
43999
44007
44115
44158
44182
44374
44737
44844
44869
44887
45001
45013
45116
45118
45132
45156
45296
45315
45412
45551
45826
45854
45856
45915
46384
46413
46513
46515
46523
46580
46623
46648
46832
46901
46911
47229
47269
47447
47453
47475
47487
47532
47543
47594
47875
47928
47929
48052
48054
48073
48196
48202
48295
48337
48387
48559
48866
48983
49154
49170
49395
49420
49476
49481
49485
49547
49549
49696
49820
49863
49866
49870
49886
50139
50322
50334
50335
50397
50436
50439
50442
50497
50499
50564
50892
50992
51148
51168
51329
51588
51598
51612
51613
51617
51626
51792
51818
51821
51921
52054
52103
52478
52542
52593
52790
52797
52842
52897
53005
53066
53114
53149
53150
53158
53173
53192
53210
53212
53320
53353
53378
53384
53397
53398
53451
53651
53746
53772
53892
54000
54083
54126
54163
54164
54165
54167
54313
54443
54482
54488
54636
54639
54660
54665
54667
54674
54675
54681
54686
54690
54700
54702
54704
54723
54755
54758
54795
54849
54879
54885
54955
54966
54998
55040
55072
55125
55133
55336
55339
55392
55553
55554
55735
55755
55761
55762
55763
55801
55804
55811
55813
55814
55928
55929
56181
56329
56359
56411
56412
56445
56447
56464
56539
56548
56580
56751
56752
56805
56834
56879
56979
57047
57068
57099
57174
57192
57231
57279
57505
57600
57652
57654
57665
57682
57728
57739
57782
57795
57848
57863
57887
57890
57892
57956
57969
58079
58080
58081
58204
58210
58213
58270
58277
58339
58435
58438
58454
58464
58472
58474
58481
58489
58492
58493
58507
58532
58549
58570
58591
58594
58598
58639
58643
58684
58728
58743
58771
58781
58784
58786
58796
58798
58802
58804
58808
58814
58820
58831
58853
58867
58868
58880
58881
59187
59204
59205
59209
59223
59387
59398
59399
59438
59446
59448
59476
59478
59546
59603
59609
59628
59667
59711
59750
59892
59896
59924
59934
59945
59953
59959
59973
59982
59987
60015
60016
60020
60032
60050
60051
60061
60129
60131
60139
60264
60265
60327
60361
60420
60485
60492
60509
60510
60540
60550
60622
60691
60817
60838
60886
60921
60990
61023
61028
61034
61094
61101
61131
61154
61210
61341
61379
61386
61391
61406
61443
61514
61517
61523
61535
61600
61633
61720
61724
61725
61732
61746
61802
61846
61847
61925
62007
62061
62068
62099
62161
62167
62180
62198
62199
62202
62210
62213
62217
62286
62289
62297
62317
62354
62394
62448
62513
62520
62534
62569
62636
62708
62710
62728
62730
62770
62890
62909
62956
62965
62968
63006
63067
63124
63201
63296
63297
63309
63312
63313
63352
63404
63435
63493
63512
63531
63549
63550
63567
63615
63664
63667
63712
63728
63735
63742
63745
63805
63811
63819
63846
63855
63874
63889
63906
63925
63935
63937
63945
63996
64055
64114
64141
64206
64214
64283
64358
64367
64553
64560
64620
64937
64940
64978
64979
64999
65003
65005
65023
65025
65027
65029
65044
65050
65052
65058
65062
65090
65100
65105
65111
65120
65121
65175
65223
65237
65270
65289
65343
65368
65375
65402
65408
65409
65415
65441
65509
65519
65586
65594
65604
65608
65632
65633
65634
65643
65657
65670
65714
65786
65788
65790
65877
65916
65926
65927
65941
65952
65967
65984
65987
66012
66032
66103
66117
66188
66192
66231
66278
66288
66290
66302
66306
66309
66314
66317
66318
66353
66355
66374
66445
66560
66561
66617
66678
66687
66713
66714
66735
66753
66792
66961
66975
66979
67026
67063
67072
67101
67211
67272
67307
67390
67470
67498
67527
67530
67546
67613
67664
67703
67707
67721
67723
67809
67823
67824
67847
67855
67858
67863
67867
67881
67889
67902
67989
67990
68000
68003
68022
68039
68055
68057
68058
68069
68082
68090
68099
68108
68114
68151
68169
68176
68187
68208
68242
68260
68261
68288
68292
68294
68298
68299
68309
68311
68322
68651
68652
68674
68675
68805
68806
68834
69170
69175
69201
69218
69260
69267
69274
69281
69284
69295
69343
69370
69376
69413
69482
69494
69553
69564
69572
69574
69596
69602
69604
69636
69652
69654
69656
69701
69738
69747
69796
69799
69820
69831
69832
69838
69844
69848
69849
69866
69873
69880
69887
69890
69896
69905
69912
69913
69914
69922
69931
69948
69959
69989
70007
70018
70022
70024
70036
70054
70095
70286
70435
70440
70458
70466
70468
70478
70518
70525
70531
70558
70566
70573
70577
70578
70579
70595
70650
70667
70668
70705
70717
70748
70898
71003
71019
71044
71057
71072
71090
71118
71183
71192
71291
71302
71340
71355
71356
71410
71510
71532
71561
71569
71581
71592
71598
71615
71629
71639
71641
71662
71677
71690
71699
71703
71722
71724
71734
71784
71795
71797
71798
71810
71818
71820
71823
71824
71832
71840
71870
71874
71881
71884
71904
71907
71912
71917
71918
71923
71936
71950
71957
71962
71970
71975
71981
71990
71996
72014
72046
72051
72052
72081
72087
72096
72144
72145
72156
72162
72165
72166
72181
72186
72189
72213
72222
72225
72229
72249
72254
72255
72269
72273
72274
72280
72312
72314
72347
72372
72378
72439
72450
72500
72542
72607
72648
72721
72794
72800
72808
72823
72834
73145
73212
73238
73247
73270
73315
73332
73424
73504
73527
73573
73613
73627
73629
73659
73670
73694
73716
73717
73718
73743
73748
73756
73764
73794
73808
73845
73846
73849
73905
73971
74030
74054
74105
74131
74135
74140
74156
74232
74248
74263
74282
74289
74291
74295
74305
74306
74312
74323
74346
74357
74371
74373
74380
74382
74388
74390
74395
74408
74418
74419
74425
74434
74437
74459
74492
74494
74499
74523
74539
74566
74576
74581
74601
74603
74620
74625
74627
74641
74642
74649
74655
74660
74666
74667
74669
74675
74682
74690
74697
74700
74717
74777
74788
74827
74838
74839
74851
74861
75035
75148
75327
75354
75360
75380
75512
75541
75597
75611
75620
75731
75736
75864
75967
75970
75972
75987
75989
75992
76007
76020
76035
76078
76086
76096
76105
76128
76153
76170
76184
76185
76186
76198
76202
76203
76247
76260
76293
76320
76376
76447
76481
76512
76562
76571
76585
76598
76614
76634
76651
76656
76680
76764
76787
76849
76854
76871
76883
76935
76966
76979
76998
76999
77000
77059
77067
77072
77075
77076
77080
77108
77134
77146
77152
77181
77184
77216
77376
77410
77416
77420
77435
77441
77442
77445
77450
77451
77457
77459
77461
77474
77486
77497
77502
77507
77516
77518
77536
77575
77583
77600
77608
77619
77621
77633
77635
77663
77733
77742
77748
77820
77864
77887
77909
77913
77920
77974
77993
77998
78024
78033
78049
78065
78081
78086
78090
78094
78142
78145
78281
78300
78316
78333
78344
78347
78361
78381
78386
78403
78405
78408
78415
78417
78432
78446
78455
78473
78498
78500
78548
78558
78561
78616
78637
78638
78661
78668
78682
78686
78711
78783
78785
78812
78834
78843
78850
78855
78868
78895
78904
78906
78934
78948
78958
79003
79005
79010
79032
79035
79038
79040
79045
79060
79099
79145
79146
79165
79167
79192
79237
79240
79286
79305
79318
79340
79347
79424
79449
79456
79457
79546
79598
80004
80136
80140
80145
80201
80221
80229
80249
80281
80303
80316
80318
80327
80334
80340
80348
80364
80388
80390
80428
80429
80431
80435
80437
80442
80466
80474
80492
80496
80510
80513
80518
80521
80523
80529
80543
80545
80546
80547
80550
80553
80556
80557
80568
80572
80581
80583
80585
80587
80606
80610
80613
80615
80617
80629
80636
80642
80650
80660
80662
80664
80669
80682
80688
80693
80694
80706
80738
80740
80741
80744
80760
80775
80797
80798
80811
80820
80822
80829
80838
80839
80852
80867
80895
80916
80918
80973
80998
81032
81036
81049
81059
81070
81073
81079
81080
81115
81135
81137
81146
81148
81154
81159
81163
81176
81196
81235
81243
81255
81280
81282
81287
81291
81296
81299
81302
81336
81338
81349
81352
81369
81398
81410
81421
81438
81446
81453
81482
81508
81510
81511
81515
81517
81534
81545
81697
81735
81749
81750
81769
81789
81828
81931
81992
82061
82074
82084
82115
82128
82135
82136
82195
82200
82208
82269
82374
82378
82382
82408
82674
82796
82819
82820
82824
82903
83101
83122
83129
83197
83322
83329
83333
83335
83336
83367
83370
83377
83407
83424
83431
83483
83545
83547
83584
83605
83640
83703
83723
83873
83943
83970
84021
84025
84081
84089
84092
84101
84122
84199
84203
84221
84238
84294
84295
84448
84550
84688
84697
84893
84912
84956
84982
84985
84993
85006
85018
85065
85067
85106
85113
85123
85143
85502
85505
85508
85509
85521
85557
85570
85583
85696
85720
85734
85748
85765
85766
85769
85967
85973
85977
85981
85982
85992
85996
86000
86019
86060
86063
86067
86068
86071
86099
86102
86106
86110
86113
86127
86128
86129
86145
86185
86227
86229
86231
86232
86251
86305
86426
86428
86684
86686
86697
86706
86715
86716
86730
86731
86813
86868
86891
87027
87038
87039
87044
87045
87116
87125
87185
87196
87244
87262
87594
88494
88500
88530
88561
88637
88869
88946
89143
89156
89360
89586
89587
89599
89605
89612
89615
89642
89651
89653
89654
89658
89663
89667
89704
89711
89715
89736
89737
89739
89740
89746
89754
89755
89767
89802
89804
89805
89815
89842
89849
89861
89862
89884
89918
89919
89924
90080
90090
90095
90105
90122
90123
90125
90132
90139
90146
90147
90170
90173
90225
90279
90354
90355
90366
90367
90424
90425
90540
90558
90595
90613
90627
90741
91031
91037
91050
91053
91170
91185
91281
91317
91325
91331
91376
91423
91424
91438
91476
91499
91529
91533
91604
91609
91611
91612
91936
91946
91959
91970
91971
91972
92136
92144
92170
92177
92183
92194
92221
92235
92237
92258
92454
92549
92582
92584
92662
92702
92744
92796
92800
92957
92962
93244
93280
93281
93282
93284
93307
93331
93341
93356
93370
93406
93408
93410
93420
93468
93502
93515
93519
93533
93534
93548
93551
93569
93583
93618
93620
93626
93635
93645
93654
93657
93679
93681
93682
93684
93700
93740
93755
93798
93808
93811
93820
93821
93822
93831
93832
93889
93927
93928
93929
93944
93945
93954
93956
93969
94028
94114
94150
94172
94174
94177
94183
94186
94261
94307
94362
94438
94443
94445
94462
94486
94516
94606
94710
94791
94799
94836
94837
94886
94904
94906
94982
94994
94998
95003
95119
95180
95184
95221
95226
95233
95321
95361
95363
95548
95553
95694
95723
95741
95791
95797
95798
95865
95886
95924
95932
95939
95945
96078
96084
96085
96092
96096
96097
96130
96148
96153
96158
96168
96186
96294
96316
96330
96332
96372
96373
96375
96385
96393
96397
96402
96412
96453
96458
96488
96586
96601
96616
96675
96679
96694
96718
96745
96767
96774
96843
96845
96938
96974
97043
97063
97073
97087
97293
97353
97399
97502
97539
97569
97570
97572
97595
97605
97609
97708
97709
97726
97727
97728
97751
97828
97829
97857
97866
97887
97888
97997
98009
98014
98015
98047
98117
98174
98219
98234
98237
98276
98292
98334
98377
98411
98436
98463
98466
98478
98511
98560
98655
98664
98884
98926
98935
99068
99083
99131
99212
99250
99433
99453
99533
99589
99651
99652
99709
99784
99827
99892
99982
100121
100234
100244
100270
100408
100564
100565
100596
100628
100646
100647
100649
100686
100691
100695
100704
100708
100808
100883
100943
100991
101008
101026
101058
101128
101140
101190
101209
101212
101268
101269
101286
101321
101323
101336
101348
101364
101369
101404
101457
101474
101477
101479
101481
101489
101492
101510
101555
101592
101625
101647
101675
101685
101695
101702
101703
101731
101742
101745
101773
101792
101826
101846
101848
101860
101863
101867
101873
101874
101876
101878
101879
101882
101893
101896
101908
101921
101929
101944
101948
101957
101991
102005
102041
102042
102097
102111
102112
102132
102133
102144
102159
102173
102174
102182
102192
102211
102221
102225
102268
102387
102388
102407
102415
102437
102445
102454
102455
102464
102468
102477
102524
102538
102539
102541
102553
102560
102577
102588
102590
102594
102634
102654
102723
102740
102757
102775
102782
102814
102887
102891
102892
102930
102934
102940
102941
102961
102962
102989
103030
103145
103146
103151
103162
103182
103185
103187
103231
103413
103518
103520
103602
103649
103652
103766
103767
104284
105062
105453
105457
105470
105481
105538
105745
105837
105962
105976
105987
105998
106041
106205
106209
106210
106275
106280
106320
106563
106656
106657
106661
106677
106681
106683
106691
106709
106712
106737
106802
106820
106971
106979
106981
106988
107005
107011
107021
107025
107027
107033
107037
107041
107042
107044
107055
107070
107074
107078
107086
107095
107115
107124
107142
107200
107201
107208
107326
107334
107360
107470
107475
107490
107536
107540
107581
107582
107699
107715
107727
107728
107747
107748
107750
107758
107777
107781
107858
107863
107865
107873
107914
108010
108179
108182
108202
108213
108240
108331
108341
108343
108371
108381
108385
108386
108388
108415
108427
108428
108431
108443
108446
108456
108467
108468
108490
108491
108492
108506
108513
108519
108520
108528
108537
108541
108553
108559
108562
108565
108574
108576
108590
108592
108597
108609
108611
108613
108617
108618
108773
108774
108785
108875
108880
108901
108993
109000
109080
109085
109099
109315
109325
109339
109371
109387
109409
109448
109451
109463
109607
109710
109931
109934
109943
109944
109947
110078
110552
110556
110557
110561
110613
110677
110691
110702
110703
110704
110731
110734
110738
110741
110767
110781
110784
110787
110789
110799
110803
110804
110871
110909
110927
