10
15
22
28
45
51
58
74
83
110
124
154
160
170
172
192
200
203
205
206
214
215
220
249
267
285
294
311
330
340
350
393
409
427
438
453
457
491
508
514
518
524
526
536
538
550
567
574
578
614
616
620
622
625
677
700
747
761
763
773
777
788
792
794
798
817
831
833
835
843
849
853
868
918
942
944
956
975
989
995
1005
1016
1021
1038
1048
1057
1063
1069
1071
1079
1081
1088
1094
1105
1147
1153
1207
1234
1236
1245
1246
1248
1252
1273
1302
1309
1334
1337
1354
1380
1400
1406
1417
1418
1425
1431
1452
1460
1499
1513
1517
1527
1531
1545
1563
1583
1585
1587
1593
1616
1627
1648
1656
1672
1688
1715
1773
1780
1781
1792
1839
1843
1857
1859
1877
1883
1892
1902
1921
1925
1927
1935
1938
1955
1993
1999
2005
2009
2011
2024
2028
2037
2041
2059
2060
2066
2082
2085
2086
2087
2103
2106
2111
2127
2132
2137
2147
2157
2164
2172
2174
2192
2216
2222
2229
2231
2239
2241
2253
2262
2266
2269
2271
2278
2289
2296
2303
2305
2309
2311
2322
2328
2329
2337
2339
2341
2361
2371
2372
2383
2385
2386
2404
2406
2414
2417
2421
2440
2456
2459
2462
2463
2464
2466
2468
2470
2472
2492
2518
2522
2544
2555
2557
2559
2595
2620
2623
2624
2630
2643
2655
2661
2682
2684
2690
2693
2713
2719
2720
2727
2749
2759
2794
2798
2826
2832
2836
2849
2851
2857
2860
2898
2902
2904
2944
2945
2946
2950
2951
2954
2958
2966
2983
2986
2987
2993
3006
3028
3031
3041
3055
3058
3062
3064
3070
3115
3127
3130
3133
3137
3154
3161
3168
3192
3203
3218
3224
3226
3232
3246
3251
3253
3258
3319
3324
3351
3355
3356
3359
3374
3378
3390
3392
3402
3404
3410
3412
3438
3454
3458
3460
3478
3480
3486
3491
3505
3506
3510
3512
3517
3525
3528
3554
3556
3564
3577
3580
3581
3588
3594
3605
3613
3643
3645
3669
3680
3687
3690
3691
3699
3711
3723
3729
3745
3773
3802
3808
3810
3812
3828
3857
3881
3895
3897
3899
3904
3919
3928
3939
3973
3975
3991
4033
4035
4037
4075
4093
4094
4105
4118
4125
4147
4151
4154
4156
4164
4165
4183
4227
4255
4262
4266
4282
4284
4288
4292
4295
4303
4314
4347
4380
4400
4426
4443
4449
4455
4464
4495
4516
4527
4536
4541
4542
4544
4546
4556
4572
4583
4593
4605
4619
4650
4659
4670
4671
4676
4679
4694
4743
4747
4784
4786
4798
4801
4811
4814
4818
4830
4841
4843
4844
4855
4877
4888
4892
4902
4910
4911
4920
4953
4959
4962
4977
4992
5003
5072
5073
5086
5090
5102
5119
5122
5168
5176
5183
5191
5221
5225
5241
5243
5247
5251
5257
5263
5290
5291
5305
5315
5328
5331
5338
5346
5357
5377
5381
5392
5400
5406
5408
5411
5438
5444
5469
5488
5520
5543
5556
5565
5567
5574
5579
5585
5592
5596
5598
5606
5610
5611
5614
5627
5636
5639
5645
5649
5683
5687
5692
5704
5708
5730
5733
5734
5750
5756
5766
5772
5781
5785
5791
5809
5831
5833
5845
5847
5864
5906
5918
5933
5939
5956
5958
5968
5984
5998
6000
6047
6062
6076
6078
6122
6169
6175
6180
6204
6208
6219
6260
6261
6278
6306
6323
6332
6349
6354
6367
6375
6400
6402
6407
6417
6421
6442
6449
6453
6459
6472
6480
6482
6518
6520
6535
6543
6544
6551
6553
6567
6572
6587
6623
6627
6632
6643
6644
6675
6684
6686
6700
6731
6733
6735
6761
6785
6791
6805
6810
6812
6816
6817
6819
6843
6851
6858
6860
6862
6895
6949
6964
6984
7003
7050
7056
7061
7063
7071
7081
7087
7113
7115
7121
7139
7147
7165
7183
7217
7222
7228
7232
7242
7251
7253
7257
7262
7267
7286
7294
7296
7302
7324
7337
7348
7356
7364
7365
7371
7403
7423
7456
7466
7473
7475
7483
7484
7519
7521
7539
7555
7557
7565
7588
7612
7616
7668
7678
7692
7695
7721
7730
7732
7742
7744
7748
7762
7768
7789
7796
7797
7801
7817
7825
7831
7837
7844
7847
7849
7854
7856
7878
7891
7905
7906
7909
7929
7958
7965
7967
7987
8002
8016
8022
8063
8070
8074
8079
8089
8092
8102
8115
8137
8151
8165
8167
8211
8214
8218
8224
8233
8235
8250
8254
8261
8266
8280
8286
8297
8353
8361
8377
8383
8384
8400
8409
8435
8448
8453
8458
8467
8496
8498
8500
8502
8506
8508
8520
8536
8542
8551
8563
8568
8574
8602
8631
8632
8633
8664
8669
8681
8685
8700
8733
8739
8768
8778
8788
8794
8798
8807
8830
8836
8860
8868
8878
8880
8882
8885
8889
8894
8897
8900
8910
8914
8918
8928
8931
8950
8964
8986
9008
9017
9025
9033
9035
9039
9044
9052
9054
9074
9076
9105
9108
9118
9125
9133
9135
9167
9173
9192
9212
9230
9236
9238
9252
9258
9297
9309
9313
9341
9363
9378
9407
9413
9417
9420
9421
9427
9441
9444
9486
9492
9530
9535
9537
9543
9549
9562
9565
9567
9589
9592
9598
9620
9627
9645
9647
9669
9684
9690
9704
9706
9709
9732
9746
9755
9804
9814
9825
9832
9843
9846
9884
9894
9900
9906
9910
9933
9937
9961
9994
10001
10006
10026
10030
10052
10060
10079
10089
10091
10102
10105
10121
10155
10161
10171
10188
10202
10212
10219
10235
10236
10237
10256
10265
10273
10297
10299
10319
10346
10357
10364
10382
10384
10412
10432
10434
10444
10448
10469
10470
10476
10489
10494
10498
10500
10507
10511
10541
10557
10568
10581
10596
10629
10651
10662
10689
10704
10712
10716
10718
10719
10723
10729
10735
10737
10747
10749
10790
10802
10864
10870
10894
10910
10940
10942
10946
10956
10974
10988
10992
11006
11014
11018
11050
11056
11058
11086
11106
11108
11112
11118
11126
11136
11140
11151
11174
11180
11185
11194
11198
11212
11213
11237
11239
11245
11247
11259
11263
11269
11277
11280
11321
11323
11329
11331
11338
11355
11361
11369
11375
11393
11405
11409
11411
11420
11422
11425
11431
11439
11447
11448
11455
11457
11483
11490
11495
11496
11505
11520
11528
11529
11532
11545
11557
11570
11584
11591
11592
11594
11604
11607
11612
11629
11639
11643
11675
11683
11701
11713
11737
11739
11793
11799
11808
11813
11825
11830
11832
11835
11859
11868
11880
11884
11900
11909
11921
11925
11939
11941
11943
11967
11969
11973
11986
12007
12011
12017
12035
12049
12074
12106
12109
12115
12136
12158
12160
12166
12189
12205
12218
12220
12221
12225
12231
12259
12272
12273
12356
12359
12376
12382
12385
12404
12411
12416
12438
12443
12447
12459
12461
12470
12481
12483
12487
12497
12509
12532
12544
12547
12558
12573
12581
12582
12586
12591
12595
12597
12599
12648
12650
12655
12657
12659
12669
12682
12691
12697
12699
12711
12725
12785
12804
12816
12818
12835
12844
12853
12857
12876
12882
12898
12907
12910
12915
12916
12926
12930
12954
12961
12966
12974
12998
13007
13008
13018
13024
13025
13076
13082
13085
13091
13096
13104
13109
13128
13136
13138
13159
13192
13205
13215
13233
13237
13280
13292
13302
13309
13333
13339
13341
13361
13368
13372
13395
13401
13422
13429
13452
13472
13478
13484
13489
13497
13514
13534
13546
13550
13559
13570
13581
13583
13589
13599
13624
13639
13686
13700
13708
13710
13714
13732
13742
13751
13769
13780
13786
13788
13806
13809
13811
13818
13835
13844
13846
13867
13871
13879
13886
13913
13949
13957
13959
13973
13997
13999
14022
14044
14061
14075
14084
14101
14112
14118
14126
14186
14189
14191
14203
14205
14235
14313
14325
14338
14349
14355
14356
14362
14383
14424
14425
14455
14462
14465
14471
14483
14493
14525
14541
14560
14562
14597
14599
14615
14629
14647
14655
14670
14686
14693
14702
14703
14713
14717
14724
14734
14764
14772
14774
14778
14782
14795
14805
14827
14835
14843
14888
14904
14944
14957
14958
14982
14994
15023
15039
15043
15045
15079
15085
15099
15100
15102
15111
15125
15168
15176
15177
15197
15199
15201
15207
15208
15216
15242
15252
15266
15299
15313
15325
15333
15350
15367
15368
15377
15379
15385
15409
15413
15415
15417
15438
15454
15466
15468
15470
15495
15498
15502
15516
15518
15523
15525
15558
15570
15579
15580
15588
15598
15600
15609
15625
15629
15646
15660
15662
15674
15701
15703
15717
15742
15749
15750
15759
15766
15793
15796
15800
15860
15876
15920
15922
15934
15952
15956
15959
15963
15970
15973
15980
16013
16021
16050
16062
16075
16086
16090
16098
16111
16123
16147
16148
16161
16178
16180
16186
16194
16232
16241
16251
16260
16285
16294
16301
16309
16331
16358
16369
16377
16379
16381
16385
16393
16399
16441
16458
16485
16509
16536
16538
16540
16550
16559
16574
16577
16580
16582
16609
16627
16658
16664
16668
16681
16691
16695
16697
16712
16714
16724
16741
16745
16748
16771
16773
16776
16778
16786
16793
16814
16816
16826
16848
16852
16862
16874
16890
16896
16898
16905
16907
16917
16955
16959
16961
16965
16973
16979
16983
16999
17001
17005
17007
17008
17010
17017
17019
17044
17065
17083
17086
17102
17118
17143
17160
17166
17218
17220
17236
17237
17240
17252
17279
17286
17295
17299
17320
17330
17336
17362
17390
17392
17397
17401
17412
17429
17433
17446
17450
17454
17471
17475
17482
17510
17511
17532
17536
17539
17548
17552
17570
17572
17585
17593
17611
17619
17621
17625
17632
17637
17638
17647
17654
17660
17678
17710
17716
17717
17718
17739
17748
17767
17817
17822
17840
17855
17860
17864
17871
17879
17962
18035
18039
18064
18070
18080
18092
18100
18106
18114
18118
18170
18188
18212
18218
18236
18242
18252
18273
18277
18289
18301
18303
18315
18317
18326
18359
18373
18380
18391
18416
18438
18470
18472
18488
18504
18532
18540
18544
18554
18566
18586
18592
18604
18606
18628
18646
18648
18656
18668
18672
18704
18720
18724
18760
18764
18788
18802
18804
18822
18826
18855
18859
18869
18897
18900
18901
18903
18926
18932
18944
18954
18969
18980
18984
19004
19018
19022
19026
19034
19048
19085
19091
19095
19132
19166
19203
19223
19227
19253
19255
19275
19284
19292
19315
19329
19341
19352
19358
19366
19374
19383
19385
19424
19426
19433
19443
19456
19502
19516
19520
19533
19537
19539
19542
19548
19570
19582
19596
19600
19602
19604
19618
19619
19631
19656
19662
19686
19696
19705
19709
19723
19728
19732
19735
19753
19757
19768
19777
19779
19805
19807
19824
19825
19849
19880
19882
19886
19889
19908
19920
19924
19939
19946
19949
19969
19970
19997
20000
20008
20029
20030
20049
20051
20075
20082
20086
20090
20093
20114
20124
20126
20128
20181
20189
20197
20205
20207
20210
20212
20215
20219
20223
20240
20259
20277
20295
20302
20318
20342
20352
20359
20365
20415
20417
20433
20436
20443
20452
20454
20456
20473
20480
20490
20497
20511
20515
20555
20560
20574
20583
20597
20612
20619
20622
20643
20649
20667
20673
20677
20680
20698
20704
20708
20725
20736
20737
20744
20754
20755
20760
20762
20763
20778
20784
20797
20808
20816
20818
20837
20846
20864
20872
20892
20895
20900
20901
20915
20927
20929
20936
20937
20940
20945
20953
20966
20976
20977
21006
21012
21017
21028
21034
21039
21045
21048
21068
21074
21095
21097
21120
21125
21127
21135
21140
21143
21191
21211
21236
21239
21243
21253
21257
21294
21309
21316
21325
21333
21345
21377
21381
21389
21476
21478
21506
21530
21556
21566
21576
21637
21654
21703
21710
21717
21764
21766
21785
21801
21809
21811
21821
21859
21865
21867
21870
21875
21878
21884
21943
21945
21955
21957
21962
22048
22088
22090
22115
22118
22119
22125
22140
22174
22182
22203
22220
22222
22223
22225
22247
22256
22287
22299
22302
22310
22317
22332
22347
22350
22352
22353
22359
22369
22376
22385
22392
22396
22398
22402
22406
22409
22412
22416
22421
22432
22447
22451
22481
22491
22496
22505
22532
22536
22541
22546
22559
22571
22616
22629
22633
22639
22642
22645
22651
22672
22688
22698
22702
22703
22707
22710
22733
22740
22755
22757
22769
22796
22799
22808
22818
22834
22849
22851
22856
22858
22883
22885
22891
22910
22914
22915
22920
22922
22933
23021
23028
23036
23056
23058
23071
23073
23084
23087
23104
23110
23122
23126
23131
23133
23184
23186
23187
23204
23233
23236
23246
23261
23269
23280
23282
23287
23290
23296
23302
23311
23313
23341
23343
23358
23378
23396
23408
23412
23419
23435
23455
23468
23480
23485
23503
23519
23554
23565
23588
23590
23598
23604
23606
23610
23617
23619
23628
23642
23688
23690
23694
23703
23704
23716
23726
23727
23749
23777
23787
23793
23825
23829
23837
23843
23861
23868
23870
23895
23898
23916
23931
23933
23968
23970
23973
23978
23983
23987
23989
23990
23998
24025
24034
24036
24048
24054
24065
24074
24085
24104
24109
24137
24139
24153
24157
24174
24187
24191
24226
24242
24260
24262
24275
24287
24289
24321
24327
24340
24345
24346
24356
24393
24414
24422
24424
24425
24441
24468
24478
24490
24500
24517
24534
24570
24579
24587
24605
24611
24615
24633
24649
24685
24697
24704
24708
24710
24711
24713
24740
24743
24752
24788
24798
24801
24809
24819
24823
24852
24854
24866
24880
24895
24897
24920
24921
24930
24950
24963
24968
24982
24983
24996
25014
25015
25040
25058
25083
25093
25099
25116
25122
25138
25148
25149
25167
25169
25187
25199
25201
25212
25217
25229
25233
25244
25251
25264
25277
25288
25299
25301
25319
25352
25386
25394
25401
25417
25445
25446
25499
25503
25531
25539
25561
25563
25565
25581
25583
25585
25593
25609
25626
25647
25652
25660
25669
25670
25671
25675
25683
25688
25705
25713
25737
25745
25753
25759
25801
25806
25810
25816
25818
25841
25842
25853
25883
25893
25895
25913
25914
25932
25949
25960
25979
25980
25983
25985
25991
26001
26007
26018
26019
26020
26054
26116
26132
26141
26199
26211
26215
26223
26244
26248
26266
26282
26301
26314
26330
26364
26378
26383
26397
26401
26413
26423
26433
26437
26439
26443
26461
26471
26476
26483
26518
26528
26532
26542
26547
26581
26590
26605
26607
26609
26651
26671
26683
26685
26694
26719
26736
26762
26764
26772
26793
26819
26826
26834
26836
26844
26846
26850
26873
26929
26931
26935
26949
26961
26980
26982
26985
26986
26992
27016
27051
27078
27106
27110
27129
27130
27146
27152
27182
27186
27192
27199
27224
27233
27234
27239
27302
27307
27337
27370
27394
27400
27412
27420
27466
27477
27480
27496
27508
27515
27517
27542
27547
27569
27601
27606
27611
27612
27624
27625
27628
27636
27651
27655
27661
27663
27671
27676
27679
27689
27694
27712
27718
27731
27751
27753
27770
27771
27795
27818
27842
27851
27864
27872
27891
27894
27895
27900
27904
27907
27909
27914
27918
27930
27935
27942
27949
27958
27960
27964
27974
27981
27988
27990
28003
28009
28017
28027
28035
28046
28056
28064
28070
28075
28078
28080
28102
28112
28113
28114
28122
28124
28140
28162
28183
28184
28197
28198
28200
28238
28245
28254
28263
28272
28275
28280
28285
28289
28290
28293
28304
28321
28340
28356
28368
28372
28375
28377
28380
28384
28415
28432
28439
28444
28449
28453
28455
28462
28464
28469
28470
28477
28485
28487
28490
28498
28499
28501
28535
28543
28548
28555
28567
28577
28585
28593
28598
28599
28605
28606
28611
28621
28622
28627
28628
28631
28632
28646
28658
28667
28671
28678
28683
28687
28694
28702
28706
28720
28726
28729
28733
28750
28752
28756
28768
28777
28781
28783
28791
28793
28807
28827
28830
28838
28847
28888
28904
28911
28917
28939
28943
28956
28965
28985
28993
28995
29006
29028
29039
29045
29047
29058
29068
29074
29080
29082
29091
29101
29106
29117
29125
29145
29160
29164
29166
29182
29205
29219
29221
29241
29243
29251
29254
29260
29282
29290
29304
29316
29319
29329
29333
29335
29336
29337
29346
29347
29351
29371
29377
29407
29412
29415
29416
29418
29420
29427
29438
29441
29445
29451
29459
29469
29489
29490
29500
29525
29540
29542
29545
29556
29562
29564
29573
29578
29611
29638
29641
29648
29652
29653
29654
29658
29667
29671
29675
29678
29690
29694
29700
29716
29719
29721
29723
29745
29756
29764
29785
29788
29792
29796
29805
29809
29812
29854
29862
29888
29898
29914
29923
29925
29932
29935
29937
29954
29966
29985
29986
29992
30006
30021
30025
30028
30031
30032
30037
30038
30049
30050
30051
30067
30072
30078
30099
30100
30101
30105
30110
30114
30123
30136
30139
30140
30141
30143
30149
30204
30205
30207
30210
30216
30245
30250
30254
30280
30281
30287
30290
30300
30311
30315
30318
30324
30330
30334
30335
30345
30360
30363
30371
30373
30375
30405
30409
30414
30421
30425
30435
30441
30442
30467
30473
30477
30497
30545
30550
30552
30555
30557
30561
30570
30572
30573
30578
30584
30587
30588
30601
30607
30621
30640
30642
30653
30669
30683
30710
30715
30719
30765
30798
30815
30821
30833
30835
30839
30844
30857
30867
30876
30880
30882
30888
30890
30894
30898
30900
30907
30911
30932
30984
30986
30996
31008
31012
31014
31041
31042
31049
31051
31057
31095
31136
31148
31150
31152
31170
31177
31217
31225
31237
31256
31261
31267
31269
31278
31280
31284
31308
31319
31328
31332
31352
31364
31367
31373
31385
31398
31400
31435
31441
31461
31476
31479
31486
31496
31504
31531
31533
31545
31548
31567
31584
31605
31635
31637
31651
31677
31687
31689
31694
31696
31699
31703
31707
31729
31741
31754
31780
31796
31806
31814
31817
31844
31854
31861
31890
31893
31900
31903
31925
31936
31938
31950
31957
31974
31994
31999
32011
32018
32052
32059
32073
32082
32089
32090
32096
32105
32110
32111
32114
32125
32131
32136
32138
32148
32158
32164
32197
32198
32200
32202
32207
32218
32231
32232
32240
32246
32251
32277
32281
32291
32307
32309
32311
32317
32322
32330
32353
32358
32362
32368
32397
32429
32432
32446
32452
32454
32457
32459
32471
32473
32485
32505
32520
32524
32563
32566
32568
32570
32591
32606
32607
32613
32619
32630
32638
32640
32652
32740
32758
32761
32772
32785
32787
32815
32827
32840
32850
32856
32882
32908
32909
32913
32925
32933
32935
32937
32941
32965
32980
32982
32990
32994
32996
33024
33026
33028
33040
33063
33071
33073
33085
33089
33102
33104
33111
33113
33115
33124
33138
33141
33155
33159
33166
33202
33232
33235
33273
33279
33282
33283
33284
33296
33313
33342
33362
33368
33377
33399
33422
33431
33432
33436
33440
33448
33458
33460
33464
33467
33481
33483
33496
33500
33507
33513
33525
33530
33543
33557
33608
33611
33614
33620
33624
33635
33641
33663
33672
33689
33701
33702
33717
33720
33779
33789
33800
33814
33817
33828
33837
33881
33883
33895
33903
33904
33908
33913
33933
33935
33964
33973
33987
33992
33998
34002
34004
34015
34054
34061
34069
34078
34082
34092
34096
34100
34102
34118
34120
34132
34144
34169
34195
34238
34241
34242
34244
34247
34257
34267
34273
34322
34334
34357
34375
34383
34386
34390
34393
34397
34399
34402
34404
34420
34443
34457
34462
34489
34496
34505
34532
34534
34535
34540
34558
34562
34569
34585
34589
34598
34608
34626
34633
34643
34644
34653
34678
34692
34701
34707
34709
34712
34720
34731
34742
34797
34803
34854
34883
34925
34929
34937
34949
34951
34963
34965
34971
34979
34989
35002
35014
35030
35052
35068
35078
35080
35096
35100
35104
35112
35115
35117
35119
35141
35146
35149
35151
35166
35172
35178
35183
35202
35227
35235
35239
35242
35245
35256
35262
35271
35272
35302
35318
35324
35362
35369
35404
35406
35410
35423
35434
35458
35464
35474
35497
35499
35511
35517
35533
35550
35552
35570
35625
35649
35663
35673
35699
35719
35727
35750
35763
35787
35791
35802
35804
35823
35831
35837
35841
35855
35857
35859
35870
35882
35886
35900
35925
35927
35931
35944
35961
35978
35994
35995
35999
36038
36060
36085
36086
36092
36094
36104
36128
36142
36144
36170
36209
36227
36242
36256
36285
36326
36352
36359
36364
36366
36373
36375
36382
36393
36398
36402
36410
36414
36418
36426
36437
36442
36444
36458
36462
36467
36471
36484
36489
36493
36497
36501
36506
36514
36516
36530
36547
36558
36573
36580
36591
36597
36620
36636
36638
36668
36674
36682
36694
36708
36717
36742
36754
36759
36761
36769
36771
36788
36803
36807
36838
36868
36879
36883
36885
36887
36889
36901
36913
36940
36969
36973
36980
36984
36985
36993
37065
37091
37101
37113
37119
37141
37157
37163
37165
37184
37186
37192
37196
37198
37203
37204
37210
37223
37237
37255
37302
37306
37308
37311
37312
37315
37318
37334
37341
37349
37385
37389
37415
37421
37429
37443
37449
37473
37487
37505
37537
37545
37553
37563
37584
37589
37607
37609
37611
37615
37657
37661
37668
37682
37684
37692
37698
37711
37786
37821
37832
37876
37955
37966
37984
38031
38035
38073
38292
38297
38420
38502
38503
38521
38535
38537
38538
38554
38657
38658
38659
38692
38705
38753
38764
38775
38776
38805
38810
38893
38894
39064
39089
39098
39101
39129
39136
39137
39157
39167
39285
39319
39321
39377
39417
39421
39435
39526
39546
39563
39565
39566
39568
39588
39610
39659
39689
39722
39742
39761
39776
39788
39799
39807
39848
39851
39855
39863
39897
39942
39956
40042
40043
40157
40184
40197
40219
40284
40287
40369
40390
40391
40422
40432
40550
40570
40614
40627
40644
40650
40652
40741
40757
40882
41111
41136
41170
41194
41212
41213
41214
41328
41340
41372
41374
41408
41410
41417
41449
41498
41527
41532
41549
41572
41577
41591
41626
41649
41660
41696
41697
41781
41788
41789
41798
41860
41877
41914
41941
41950
41957
42137
42278
42281
42296
42297
42304
42309
42319
42346
42392
42444
42452
42471
42472
42711
42718
42730
42903
42904
42908
42916
42931
43062
43146
43215
43219
43241
43270
43341
43430
43433
43455
43468
43483
43507
43508
43538
43588
43592
43601
43615
43616
43646
43662
43672
43696
43840
44000
44013
44018
44157
44159
44250
44260
44374
44471
44868
44880
44898
45011
45133
45156
45193
45322
45386
45958
45968
45976
46407
46679
46832
46897
46901
47011
47077
47098
47223
47224
47226
47266
47291
47478
47496
47544
47594
47599
47723
47724
47730
47772
47829
47992
47998
48280
48291
48391
48561
48685
48926
49088
49436
49565
49821
49863
49878
49887
49892
49961
49977
49985
50335
50478
50498
50524
50564
50568
50604
50672
50784
50791
51069
51115
51165
51168
51175
51200
51203
51264
51311
51314
51322
51507
51601
51621
51622
51644
51748
51750
51754
51759
51812
51825
51862
51921
52124
52211
52218
52539
52822
52843
52847
52865
52913
52945
53005
53034
53052
53073
53115
53126
53148
53160
53161
53189
53190
53192
53200
53255
53259
53297
53341
53351
53352
53360
53368
53383
53397
53419
53651
53654
53772
54003
54015
54086
54106
54156
54440
54508
54547
54641
54671
54674
54680
54685
54686
54688
54704
54725
54731
54737
54755
54847
54877
54921
55067
55134
55273
55280
55286
55292
55339
55345
55448
55499
55737
55799
55800
55810
55814
55816
55862
55915
55924
56010
56012
56318
56331
56370
56384
56410
56539
56582
56585
56712
56751
56833
56834
56849
56880
56919
56977
56980
57000
57047
57074
57192
57230
57320
57332
57344
57553
57557
57561
57596
57605
57626
57700
57740
57873
57882
57883
57944
57947
57949
57956
57966
57967
58082
58098
58271
58277
58297
58311
58312
58324
58331
58338
58339
58416
58454
58461
58467
58475
58477
58492
58508
58526
58532
58550
58557
58570
58583
58639
58660
58686
58690
58695
58700
58719
58728
58729
58733
58771
58772
58774
58787
58789
58790
58811
58813
58818
58819
58822
58826
58853
58855
58886
59204
59222
59223
59232
59395
59441
59451
59477
59495
59549
59606
59663
59711
59892
59922
59926
59927
59935
59936
59959
59964
59969
59973
59977
59991
59994
60014
60050
60071
60120
60164
60226
60251
60269
60422
60430
60440
60468
60474
60497
60523
60570
60631
60747
60792
60830
60840
60868
60888
60896
60961
60968
60998
61004
61014
61022
61027
61091
61103
61324
61326
61339
61372
61436
61520
61555
61564
61587
61625
61639
61687
61712
61734
61740
61775
61807
61821
61859
61934
62006
62014
62018
62028
62030
62061
62068
62105
62107
62111
62119
62167
62180
62189
62198
62201
62202
62210
62293
62297
62303
62319
62353
62354
62377
62520
62547
62564
62568
62636
62710
62728
62730
62760
62770
62819
62883
62884
62912
63007
63008
63273
63294
63296
63298
63311
63367
63374
63391
63392
63404
63412
63413
63529
63533
63587
63588
63604
63724
63743
63810
63813
63821
63845
63874
63900
63906
63935
63937
63995
63996
64054
64103
64367
64437
64470
64527
64528
64546
64574
64623
64848
64913
64921
65011
65013
65028
65047
65063
65099
65104
65105
65107
65114
65142
65165
65175
65179
65192
65223
65263
65273
65284
65290
65291
65311
65332
65396
65406
65409
65413
65420
65441
65518
65552
65558
65592
65593
65603
65633
65647
65651
65659
65762
65763
65769
65782
65834
65841
65875
65879
65933
65967
65969
65984
65990
66030
66070
66072
66189
66192
66210
66242
66249
66283
66288
66291
66304
66325
66353
66439
66445
66456
66639
66655
66671
66713
66722
66890
67015
67118
67193
67218
67286
67289
67290
67292
67294
67298
67320
67373
67528
67600
67614
67640
67760
67815
67846
67873
67876
67902
67957
67997
68002
68016
68039
68045
68050
68051
68079
68093
68120
68209
68236
68241
68242
68261
68286
68292
68294
68308
68318
68324
68615
68675
68677
68828
68899
68920
69155
69201
69224
69243
69256
69259
69265
69271
69284
69295
69356
69376
69460
69498
69520
69523
69552
69566
69574
69575
69582
69591
69596
69641
69647
69655
69657
69686
69738
69762
69791
69821
69839
69870
69886
69894
69900
69903
69907
69911
69914
69915
69922
69925
69946
69957
69959
69966
69967
69988
70009
70011
70026
70065
70229
70290
70304
70430
70431
70434
70435
70436
70439
70446
70452
70458
70492
70493
70510
70527
70591
70668
70670
70675
70685
70702
70714
70715
70740
70846
70848
70943
70995
71031
71090
71146
71190
71237
71292
71301
71302
71355
71390
71393
71412
71427
71463
71488
71505
71511
71516
71517
71539
71540
71551
71554
71562
71576
71602
71615
71621
71664
71708
71713
71721
71731
71739
71742
71743
71748
71760
71761
71796
71804
71808
71809
71812
71814
71829
71832
71837
71838
71844
71849
71852
71855
71864
71865
71869
71871
71886
71891
71894
71907
71918
71943
71944
71951
71969
71971
71975
71988
71990
72014
72025
72034
72036
72037
72046
72050
72051
72070
72073
72084
72161
72167
72169
72191
72193
72194
72234
72239
72255
72258
72274
72298
72303
72304
72308
72312
72313
72348
72358
72410
72450
72455
72464
72498
72534
72542
72576
72644
72782
72791
72807
72816
72824
72991
72994
73014
73055
73136
73184
73218
73272
73314
73328
73332
73400
73421
73424
73527
73588
73604
73605
73609
73620
73625
73638
73639
73643
73647
73650
73651
73665
73673
73692
73715
73744
73750
73751
73808
73816
73841
73845
73851
73868
73894
73965
74105
74123
74130
74137
74142
74145
74159
74163
74173
74180
74191
74195
74234
74244
74267
74279
74282
74283
74292
74293
74295
74296
74303
74306
74337
74351
74354
74369
74371
74372
74374
74389
74393
74410
74444
74494
74517
74523
74539
74540
74541
74543
74565
74567
74568
74581
74598
74601
74622
74628
74630
74634
74642
74660
74663
74665
74673
74683
74687
74692
74693
74717
74778
74780
74782
74790
74809
74821
74822
74827
74828
74835
74837
74840
74850
74854
74951
74973
75002
75035
75326
75332
75338
75353
75354
75365
75375
75461
75511
75574
75683
75761
75762
75897
75948
75988
76010
76018
76025
76031
76040
76063
76070
76077
76078
76084
76085
76112
76153
76154
76155
76168
76170
76214
76281
76339
76447
76478
76518
76550
76562
76570
76571
76593
76610
76616
76656
76765
76787
76811
76825
76827
76828
76829
76856
76981
76992
77002
77004
77008
77022
77024
77034
77056
77082
77086
77095
77096
77097
77104
77105
77112
77138
77151
77171
77176
77181
77191
77239
77310
77313
77347
77363
77371
77375
77376
77377
77380
77382
77405
77422
77431
77440
77444
77445
77451
77461
77470
77473
77479
77481
77492
77496
77508
77511
77544
77548
77584
77589
77595
77598
77609
77617
77628
77635
77660
77679
77720
77736
77760
77769
77777
77786
77808
77832
77846
77885
77989
77990
77991
78052
78067
78077
78088
78145
78278
78282
78286
78332
78335
78347
78350
78362
78376
78381
78409
78411
78446
78448
78467
78470
78488
78500
78570
78628
78629
78658
78662
78663
78688
78704
78750
78752
78765
78766
78781
78786
78788
78850
78853
78866
78869
78875
78906
78988
78991
78995
78997
79007
79034
79035
79039
79061
79064
79074
79096
79112
79118
79143
79145
79146
79154
79166
79175
79205
79210
79211
79233
79275
79277
79280
79301
79304
79311
79313
79337
79339
79345
79347
79405
79419
79431
79435
79451
79548
79597
79605
79619
79794
79982
80148
80149
80151
80184
80229
80230
80248
80253
80258
80273
80301
80315
80328
80334
80338
80346
80348
80350
80360
80377
80384
80390
80392
80396
80402
80408
80420
80428
80440
80441
80482
80487
80496
80508
80510
80511
80514
80517
80527
80539
80551
80567
80569
80575
80593
80599
80614
80621
80627
80631
80644
80651
80657
80660
80667
80680
80684
80690
80693
80696
80699
80705
80714
80724
80728
80737
80750
80772
80784
80786
80791
80794
80796
80798
80813
80825
80838
80842
80843
80855
80885
80902
80918
80920
80932
80938
80940
80941
80944
81005
81014
81019
81026
81027
81028
81044
81075
81083
81086
81087
81091
81094
81102
81137
81161
81178
81182
81231
81234
81268
81273
81295
81297
81302
81304
81355
81379
81380
81398
81410
81417
81433
81436
81438
81440
81461
81470
81487
81494
81499
81503
81545
81661
81668
81750
81822
81828
82020
82022
82118
82135
82146
82194
82212
82213
82293
82363
82407
82543
82566
82599
82688
82690
82819
83029
83092
83108
83122
83132
83150
83152
83231
83336
83351
83383
83407
83410
83496
83627
83628
83630
83634
83687
83692
83700
83853
83944
83951
83963
84024
84025
84119
84134
84167
84177
84199
84221
84295
84304
84550
84553
84586
84912
84996
85015
85066
85067
85106
85109
85131
85251
85438
85456
85479
85483
85558
85603
85666
85712
85752
85831
85843
85860
85861
85894
85907
85923
85966
85967
85992
85996
85997
85998
85999
86006
86043
86048
86054
86062
86064
86065
86090
86121
86127
86138
86143
86153
86156
86162
86177
86179
86181
86193
86224
86227
86228
86247
86263
86400
86408
86464
86473
86530
86543
86685
86731
86760
86808
87024
87058
87195
87247
87359
87367
87447
87594
87612
87633
88469
88477
88486
88487
88512
88518
88530
88542
88562
88630
88869
88905
89039
89040
89068
89073
89145
89157
89159
89374
89583
89585
89596
89604
89615
89620
89622
89637
89642
89651
89654
89661
89664
89666
89679
89687
89707
89719
89730
89735
89739
89743
89746
89753
89760
89777
89791
89805
89829
89836
89840
89845
89848
89853
89869
89881
89900
90062
90074
90082
90097
90099
90101
90114
90115
90126
90127
90129
90135
90143
90168
90170
90171
90173
90222
90281
90282
90373
90453
90484
90575
90642
91031
91105
91167
91168
91184
91191
91219
91261
91273
91293
91318
91324
91376
91424
91431
91440
91479
91499
91529
91585
91590
91610
91810
91917
91918
91967
91972
91999
92000
92013
92016
92017
92110
92111
92174
92177
92190
92217
92222
92236
92288
92289
92454
92542
92549
92585
92596
92604
92636
92649
92663
92702
92720
92741
92744
92796
92860
92898
92913
92915
92956
92963
92969
92970
92998
93057
93163
93269
93278
93280
93281
93287
93304
93313
93316
93317
93324
93329
93342
93343
93369
93384
93386
93406
93407
93417
93445
93463
93470
93531
93533
93534
93540
93542
93556
93558
93559
93604
93619
93630
93654
93672
93679
93681
93691
93696
93717
93728
93749
93763
93799
93812
93814
93834
93835
93844
93867
93899
93902
93929
93939
93949
93955
94028
94030
94031
94042
94080
94117
94133
94147
94153
94172
94173
94176
94179
94241
94261
94351
94440
94444
94475
94476
94484
94487
94523
94701
94791
94862
94864
94885
94993
94999
95071
95078
95179
95189
95213
95214
95254
95453
95553
95623
95624
95798
95915
95925
95935
95939
95940
95953
95968
96010
96028
96056
96063
96073
96092
96095
96096
96123
96136
96205
96222
96246
96272
96314
96331
96347
96371
96375
96380
96387
96395
96396
96401
96409
96410
96413
96428
96435
96440
96453
96457
96458
96478
96504
96583
96694
96718
96723
96765
96778
96795
96801
96809
96854
96969
97006
97047
97053
97054
97087
97097
97235
97246
97263
97278
97279
97283
97428
97502
97590
97606
97608
97692
97726
97734
97743
97824
97951
97952
97957
97976
97989
98013
98102
98106
98110
98207
98238
98285
98289
98302
98317
98324
98330
98331
98403
98440
98487
98535
98550
98594
98879
98880
99084
99117
99157
99211
99462
99532
99569
99607
99708
99784
99827
99878
99993
100120
100122
100374
100515
100518
100531
100566
100567
100575
100631
100657
100682
100685
100690
100724
100808
100809
100883
100884
100914
100986
100991
100992
100994
101011
101022
101027
101028
101103
101126
101174
101186
101187
101195
101205
101206
101212
101267
101278
101283
101321
101329
101404
101408
101462
101466
101470
101476
101483
101510
101555
101571
101572
101635
101648
101690
101697
101731
101732
101742
101748
101767
101774
101826
101828
101841
101869
101876
101878
101892
101893
101904
101909
101944
101962
101982
101992
102012
102013
102019
102033
102035
102038
102044
102095
102097
102099
102105
102108
102112
102116
102125
102131
102134
102135
102161
102181
102184
102206
102210
102217
102221
102250
102268
102321
102370
102388
102410
102416
102423
102434
102435
102437
102454
102460
102468
102478
102507
102516
102570
102577
102581
102610
102613
102698
102703
102709
102717
102721
102738
102765
102777
102782
102813
102830
102832
102876
102888
102937
102940
102948
102951
103030
103150
103151
103186
103233
103553
103555
103596
103604
103605
103659
104211
104221
104223
105452
105458
105463
105538
105730
105731
105733
105735
105748
105837
105869
105899
105956
105958
105959
105962
105974
105983
105998
106041
106067
106230
106280
106286
106295
106303
106310
106523
106636
106641
106644
106684
106685
106689
106692
106707
106708
106714
106728
106730
106761
106802
106973
106989
107003
107017
107024
107025
107041
107043
107048
107050
107056
107065
107066
107071
107079
107081
107095
107123
107125
107131
107135
107143
107195
107198
107200
107203
107206
107219
107333
107353
107358
107359
107408
107467
107469
107473
107487
107578
107590
107697
107699
107714
107721
107726
107729
107744
107747
107754
107761
107777
107858
107911
107976
108010
108152
108179
108199
108201
108211
108226
108227
108228
108331
108332
108337
108339
108341
108342
108348
108367
108370
108375
108398
108412
108420
108425
108427
108448
108459
108466
108499
108504
108519
108528
108533
108550
108552
108562
108566
108586
108592
108597
108604
108745
108775
108848
108851
108876
108993
109003
109040
109083
109095
109163
109171
109173
109342
109352
109372
109384
109389
109393
109449
109450
109529
109712
110073
110435
110538
110559
110561
110599
110600
110615
110671
110676
110679
110731
110732
110735
110739
110749
110751
110765
110769
110772
110800
110803
110805
110815
110838
110857
110861
110865
