0
2
65
131
143
262
272
284
394
437
464
504
525
526
544
602
701
831
860
873
890
1047
1094
1111
1130
1138
1177
1239
1391
1431
1433
1443
1464
1598
1667
1792
1799
1803
2080
2214
2279
2303
2324
2404
2451
2467
2525
2713
2721
2749
2825
2948
2976
2985
3078
3095
3200
3210
3315
3336
3344
3418
3509
3637
3654
3683
3732
3758
3798
3820
3918
3946
4005
4146
4485
4519
4548
4623
4633
4682
4792
4800
4860
4908
4941
5061
5118
5140
5148
5153
5511
5521
5550
5572
5596
5664
5738
5757
5768
5851
5965
6051
6217
6284
6311
6333
6459
6465
6619
6628
6682
6736
6869
6881
6954
6955
6968
6974
6989
7054
7065
7156
7233
7237
7274
7342
7369
7377
7411
7439
7460
7530
7545
7635
7716
7808
7851
8013
8152
8226
8234
8280
8297
8300
8334
8346
8425
8550
8590
8779
8981
9041
9148
9257
9260
9278
9293
9356
9404
9426
9493
9530
9663
9702
9748
9762
9769
9797
9871
9945
10001
10064
10074
10293
10296
10325
10509
10722
10766
10825
10847
10999
11101
11129
11217
11223
11312
11315
11326
11586
11677
11909
11955
11974
12031
12045
12050
12073
12094
12100
12128
12146
12161
12171
12177
12385
12434
12469
12513
12547
12569
12586
12617
12675
12735
12840
12872
12912
12948
12980
12987
13009
13040
13075
13171
13188
13256
13356
13389
13390
13525
13547
13567
13578
13637
13780
13871
13936
14122
14283
14285
14321
14347
14410
14471
14533
14547
14608
14637
14681
14711
14768
14797
14803
14834
14842
14929
14952
14980
15033
15103
15127
15129
15135
15214
15259
15290
15303
15347
15433
15538
15782
15789
15837
15908
15984
16010
16124
16142
16152
16271
16272
16274
16312
16372
16463
16646
16699
16738
16829
16862
16913
16916
16922
16945
17016
17171
17226
17273
17312
17350
17383
17421
17473
17487
17507
17591
17622
17714
17760
17835
17861
17892
17896
17948
17976
18006
18009
18055
18152
18241
18268
18581
18584
18591
18601
18603
18658
18667
18779
18880
18959
19185
19191
19234
19332
19431
19536
19537
19639
19655
19694
19712
19717
19723
19770
19848
20050
20087
20095
20107
20119
20121
20193
20216
20264
20279
20287
20310
20340
20392
20531
20597
20605
20609
20689
20774
20790
20805
20819
20883
20890
20893
20965
21003
21189
21193
21209
21322
21393
21433
21507
21512
21546
21558
21700
21776
21784
21871
21912
22111
22132
22143
22167
22258
22273
22278
22297
22344
22364
22396
22481
22489
22505
22585
22596
22621
22629
22653
22687
22688
22739
22759
22892
23037
23042
23084
23127
23162
23178
23179
23255
23412
23433
23512
23520
23604
23636
23836
23854
23908
23931
23945
23959
24037
24071
24146
24247
24300
24390
24445
24495
24516
24697
24703
24707
24739
24804
24942
24946
24950
25088
25135
25140
25198
25234
25316
25332
25362
25420
25439
25465
25562
25585
25617
25677
25687
25725
25737
25831
25863
25882
25895
25906
25936
26009
26033
26034
26076
26095
26229
26386
26492
26494
26498
26577
26642
26648
26704
26734
26737
26746
26760
26784
26801
26897
26945
27023
27066
27129
27290
27363
27456
27466
27474
27531
27550
27810
27845
27863
27906
27996
28080
28139
28237
28277
28325
28656
28677
28697
28794
28841
28847
28855
28920
29043
29063
29073
29224
29245
29258
29264
29295
29325
29385
29393
29566
29599
29743
29795
29805
29815
29829
29835
29845
29867
29893
29943
30111
30179
30180
30221
30243
30410
30424
30452
30493
30495
30501
30507
30547
30606
30689
30707
30731
30780
30821
30831
30870
30873
30944
30974
31106
31142
31154
31159
31161
31223
31266
31328
31418
31431
31535
31541
31582
31584
31600
31631
31707
31762
31882
31891
31926
31993
32008
32274
32317
32345
32382
32444
32564
32573
32664
32666
32854
32938
32979
33002
33040
33054
33081
33170
33224
33237
33276
33308
33446
33449
33484
33628
33682
33685
33703
33706
33736
33758
33813
33906
34061
34071
34096
34097
34125
34179
34182
34222
34305
34419
34515
34582
34624
34633
34662
34688
34754
34842
34936
35015
35141
35201
35274
35447
35554
35560
35568
35581
35587
35609
35702
35786
35832
35849
35862
35883
35892
35966
35998
36011
36018
36047
36054
36058
36211
36227
36275
36306
36525
36553
36555
36655
36678
36698
36770
36789
36831
36930
37045
37099
37124
37130
37267
37268
37326
37524
37735
37771
37799
37815
37840
38053
38064
38074
38195
38230
38265
38289
38337
38343
38424
38464
38488
38523
38569
38570
38585
38604
38614
38617
38705
38710
38735
38916
39049
39103
39138
39159
39219
39248
39301
39474
39551
39583
39585
39662
39706
39728
39800
39822
39828
39889
39916
39994
40014
40049
40086
40137
40146
40151
40180
40195
40198
40250
40260
40332
40334
40413
40492
40504
40518
40563
40661
40705
40724
40732
40822
40904
40933
40943
40949
41042
41101
41106
41145
41173
41230
41322
41390
41394
41472
41614
41685
41818
41894
42013
42034
42054
42087
42091
42100
42113
42168
42247
42277
42286
42316
42318
42327
42362
42386
42405
42407
42455
42486
42521
42536
42577
42643
42802
42849
42890
42909
42982
42987
43186
43190
43203
43297
43320
43331
43346
43371
43374
43464
43521
43543
43575
43596
43783
43789
43792
43880
43952
44029
44094
44155
44350
44424
44448
44523
44577
44593
44612
44614
44683
44694
44716
44744
44834
44894
44936
44958
45040
45056
45083
45163
45187
45219
45265
45285
45410
45556
45781
45908
46081
46083
46114
46262
46278
46330
46360
46409
46432
46566
46576
46639
46658
46666
46720
46728
46800
46810
46853
46871
46930
46971
46992
47034
47050
47084
47086
47160
47211
47230
47232
47247
47331
47385
47498
47513
47532
47553
47638
47690
47821
47935
47969
47973
48047
48061
48188
48243
48249
48349
48398
48408
48422
48430
48572
48619
48634
48642
48727
48817
48908
48977
48979
48988
48994
48998
49030
49036
49038
49078
49097
49138
49162
49178
49239
49242
49243
49321
49339
49370
49391
49470
49497
49507
49543
49597
49611
49632
49636
49644
49728
49753
49764
49817
50024
50088
50090
50276
50390
50395
50515
50540
50590
50603
50640
50651
50829
50831
50863
50936
50955
51012
51020
51040
51287
51441
51490
51507
51537
51553
51557
51621
51637
51657
51820
51891
51903
51925
51940
51961
51965
52013
52075
52083
52091
52161
52165
52186
52198
52265
52279
52355
52385
52423
52490
52517
52658
52748
52788
52884
52986
53061
53117
53133
53165
53187
53211
53218
53227
53305
53345
53351
53357
53360
53387
53412
53440
53442
53461
53488
53709
53819
53974
54029
54041
54185
54240
54667
54726
54872
54956
55025
55064
55080
55154
55210
55278
55324
55375
55409
55506
55548
55626
55637
55919
55996
56058
56060
56088
56138
56277
56291
56348
56366
56405
56426
56479
56502
56540
56544
56591
56728
56764
56788
56833
56884
56939
57024
57032
57051
57060
57103
57110
57202
57231
57323
57330
57345
57383
57414
57449
57468
57526
57530
57555
57578
57627
57702
57724
57748
57754
57768
57830
57835
57844
57875
58047
58071
58075
58079
58152
58198
58220
58227
58244
58310
58373
58387
58490
58498
58513
58555
58608
58673
58689
58701
58777
58828
58910
59120
59240
59248
59250
59260
59368
59406
59433
59442
59453
59624
59868
59933
60070
60109
60212
60229
60258
60431
60518
60614
60642
60679
60787
60871
60996
61047
61079
61119
61161
61188
61203
61231
61263
61285
61286
61317
61464
61579
61742
61780
61859
61873
61910
61928
61962
62047
62057
62064
62239
62340
62401
62420
62485
62543
62576
62662
62674
62729
62859
62864
62866
62868
62887
63036
63076
63246
63316
63326
63379
63384
63397
63409
63414
63479
63480
63524
63556
63558
63595
63621
63724
63748
63851
63984
64029
64114
64168
64213
64266
64308
64321
64331
64380
64382
64385
64434
64539
64575
64610
64711
64787
64840
64851
64893
64905
64952
65158
65236
65305
65321
65353
65366
65372
65375
65402
65446
65448
65467
65501
65622
65704
65710
65752
65765
65811
65863
65873
65932
65986
66022
66119
66123
66155
66185
66227
66340
66364
66455
66469
66528
66617
66698
66716
66762
66789
66816
66929
66991
67005
67064
67126
67148
67173
67250
67270
67286
67303
67324
67453
67508
67518
67522
67536
67576
67730
67735
67784
67815
67817
67923
67961
67998
68014
68137
68202
68297
68433
68504
68518
68549
68583
68617
68674
68694
68719
68732
68787
68868
68932
68945
69018
69023
69149
69224
69335
69352
69372
69627
69730
69810
69813
69923
69924
70032
70079
70099
70158
70160
70183
70219
70351
70365
70399
70485
70525
70548
70648
70670
70748
70796
70917
71194
71212
71216
71244
71309
71356
71380
71381
71405
71486
71607
71629
71642
71706
71748
71821
71878
71900
71998
72029
72113
72127
72201
72394
72441
72460
72640
72727
72733
72817
72875
72910
72959
72970
73036
73065
73083
73122
73174
73248
73294
73312
73422
73524
73544
73557
73597
73607
73637
73684
73755
73779
73816
73917
73956
73962
73998
74072
74092
74172
74289
74363
74424
74427
74456
74494
74513
74514
74526
74536
74610
74622
74671
74676
74677
74680
74744
74750
74883
74948
74954
74968
75032
75165
75173
75195
75254
75327
75346
75360
75456
75475
75739
75755
75850
75854
75901
75920
75958
75960
75999
76014
76031
76037
76045
76049
76067
76093
76101
76201
76308
76414
76625
76631
76676
76693
76799
76937
76994
77006
77016
77053
77059
77063
77125
77133
77135
77184
77239
77245
77248
77265
77301
77335
77353
77390
77394
77446
77447
77546
77554
77596
77637
77714
77811
77899
77903
77938
78017
78137
78139
78152
78179
78204
78210
78214
78243
78315
78471
78505
78509
78542
78583
78587
78593
78772
78779
78841
78850
78866
78994
79097
79108
79138
79177
79199
79213
79229
79236
79248
79322
79393
79452
79454
79536
79558
79640
79782
79841
80006
80071
80096
80189
80195
80236
80257
80263
80338
80347
80353
80384
80388
80391
80425
80433
80463
80534
80555
80623
80639
80739
80784
80794
80822
80936
80972
80993
81019
81057
81095
81106
81126
81151
81183
81216
81356
81358
81495
81545
81591
81689
81721
81829
81850
81869
81871
81902
81937
82051
82062
82098
82108
82137
82168
82175
82189
82197
82201
82386
82422
82490
82500
82599
82612
82616
82709
82891
83032
83059
83122
83145
83278
83360
83476
83480
83542
83554
83604
83666
83775
83794
83835
83861
83892
83925
83931
83998
84019
84128
84135
84147
84215
84492
84612
84965
85001
85079
85125
85130
85237
85393
85412
85493
85502
85525
85540
85697
85711
85813
85915
85989
86001
86009
86027
86066
86214
86222
86226
86293
86295
86303
86311
86351
86361
86459
86477
86480
86512
86534
86570
86602
86697
86781
86858
86880
86927
86962
87012
87024
87056
87122
87136
87214
87356
87401
87462
87477
87479
87511
87666
87706
87815
87977
87979
87985
88006
88078
88179
88195
88282
88285
88293
88521
88532
88626
88628
88708
88753
88849
88868
88873
88876
88914
88975
89077
89082
89098
89193
89258
89268
89286
89340
89499
89541
89656
89658
89667
89741
89847
89870
89934
89988
90040
90054
90063
90121
90129
90194
90320
90324
90368
90389
90407
90488
90593
90693
90713
90888
90894
90896
90999
91113
91166
91200
91249
91257
91292
91324
91358
91386
91400
91583
91626
91650
91671
91693
91719
91732
91868
91874
91910
91973
92086
92112
92328
92378
92400
92461
92465
92485
92508
92516
92559
92566
92668
92737
92773
92779
92846
92860
92977
93001
93099
93168
93188
93232
93336
93461
93556
93599
93618
93642
93667
93689
93709
93751
93861
93868
93962
94176
94198
94203
94241
94291
94391
94407
94428
94463
94494
94524
94570
94574
94699
94741
94808
94851
94854
94900
94914
94916
94974
94993
95219
95230
95280
95350
95363
95469
95610
95661
95674
95680
95686
95812
95814
95944
96034
96132
96184
96262
96263
96303
96386
96528
96710
96787
96830
96911
96977
96991
97049
97193
97237
97255
97281
97294
97331
97390
97407
97489
97501
97596
97671
97741
97802
97823
97978
98041
98046
98063
98119
98123
98157
98172
98204
98233
98287
98323
98332
98334
98404
98455
98460
98509
98563
98605
98651
98676
98688
98730
98765
98939
99026
99045
99166
99288
99406
99467
99486
99527
99573
99588
99630
99670
99819
99858
99874
99878
99880
99898
99955
99959
99965
100016
100072
100126
100150
100174
100214
100226
100278
100282
100356
100376
100398
100402
100447
100580
100624
100643
100647
100714
100782
100954
101009
101033
101184
101193
101284
101306
101433
101452
101472
101528
101605
101617
101635
101681
101927
101935
102072
102215
102306
102308
102369
102395
102407
102500
102501
102538
102690
102698
102780
102786
102917
102921
102931
102975
103013
103066
103068
103134
103186
103243
103259
103353
103387
103512
103570
103601
103648
103672
103754
103767
103805
103920
104020
104048
104159
104213
104234
104362
104397
104525
104531
104562
104566
104573
104809
104890
104932
104984
105022
105040
105131
105140
105155
105210
105230
105284
105348
105544
105588
105706
105786
105795
105829
105873
105983
106017
106070
106086
106109
106142
106149
106179
106238
106251
106260
106381
106652
106689
106856
106895
106906
106965
107167
107198
107234
107238
107269
107275
107314
107352
107376
107378
107436
107521
107542
107599
107655
107681
107690
107832
107854
107857
107883
107938
107995
107999
108015
108056
108156
108192
108279
108283
108363
108412
108463
108467
108626
108683
108709
108718
108959
109058
109069
109113
109149
109232
109248
109319
109389
109411
109466
109574
109590
109762
109774
109824
109854
109856
109860
109869
109896
109910
109947
109990
109992
110083
110131
110135
110151
110247
110251
110281
110323
110369
110481
110514
110542
110602
110608
110621
110661
110797
110826
110851
111064
111074
111161
111185
111253
111284
111316
111452
111526
111551
111553
111563
111592
111711
111724
111796
111879
111923
111924
111949
111953
111964
111982
112001
112061
112076
112141
112506
112532
112611
112714
112743
112799
112844
112849
112890
112953
112980
112984
113028
113086
113151
113155
113330
113338
113424
113756
113773
113843
113855
113859
113861
113869
113895
113938
114012
114051
114235
114314
114348
114371
114420
114573
114694
114739
114812
114844
114883
114951
114988
115031
115097
115129
115145
115166
115196
115197
115215
115296
115380
115384
115393
115429
115466
115485
115488
115632
115664
115833
115915
116040
116192
116381
116558
116641
116653
116654
116658
116694
116737
116745
116837
116889
116899
117012
117625
117889
118035
118058
118185
118197
118199
118364
118416
118418
118454
118530
118553
118585
118696
118736
119533
119694
119697
119963
119971
119981
120000
120037
120042
120043
120318
120347
120511
120633
120693
120729
120928
121078
121358
121359
121420
121446
121527
121555
121650
121672
121677
122169
122693
122713
122888
122934
123053
123387
123598
123623
123639
123690
123714
123861
123951
124023
124031
124476
124963
125051
125196
125247
125283
125288
125307
125381
125511
125901
125989
126105
126308
126828
126881
126909
127007
127073
127548
128350
128601
128763
128771
129119
129132
129142
129172
129175
129176
129276
129296
129852
129917
130274
130290
130666
130674
130731
130822
130873
130882
130905
130922
130970
131408
131558
131645
131690
131703
131732
131852
131989
132001
132028
132177
132245
132272
132285
132315
132365
132368
132653
132738
133072
133353
133499
134412
134623
135349
136157
136159
136957
137823
137860
137866
138147
138288
138304
138307
138603
138691
138714
139440
139546
139976
140453
140598
142159
142246
142289
142953
143066
143197
143312
143356
143599
143600
143614
143932
144027
144147
144224
144298
144339
144533
144621
145031
145035
145037
145114
145220
145231
145232
145424
145486
145717
145844
145850
145978
146005
146008
146188
146264
146292
146381
146460
146802
146854
146962
147036
147439
147553
147764
147799
147953
147954
148206
148451
148572
148646
149059
149066
149137
149379
149457
149545
150199
150237
150591
150771
150902
150980
150987
151016
151351
151845
152070
152111
152512
152577
152735
152770
152978
153045
153080
153087
153154
153207
153400
153536
153729
154318
154363
154480
154544
154720
154913
155043
155175
155599
156023
156150
156234
156664
156695
156814
156893
157253
157731
157864
157908
158023
158045
158177
158256
158485
158574
158586
158600
158783
158966
158967
159086
159188
159490
159598
160451
160574
160623
160832
160845
160942
161184
161195
161287
161290
161649
161844
161884
161886
161978
162345
162806
162856
162930
162976
163011
163027
163064
163308
163348
163351
163426
164014
164155
164204
164238
164261
164332
164728
164840
164979
165121
165434
165784
166046
166086
166102
166183
166185
166451
166481
166657
166658
166715
166792
167141
167150
167164
167214
167316
167512
167562
167616
167752
167880
168141
168309
168466
168625
169229
169231
169411
169477
169551
170070
170148
170383
170659
170719
171062
171296
171338
171460
171463
171718
171739
171875
172009
172027
173027
173084
173223
173392
173437
174822
174861
174911
174922
174958
175030
175053
175071
175145
175216
175240
175278
175286
175289
175323
175336
175356
175392
175409
175425
175463
175542
175634
175662
175685
175704
175718
175750
175826
175858
175864
175866
175909
175919
175948
175958
175968
176012
176023
176115
176165
176191
176314
176326
176331
176343
176719
178215
178235
178277
178355
178464
178477
178541
178544
178545
178739
178846
178972
179084
179317
179345
179731
179777
179924
180069
180076
180086
180091
180369
180402
180919
180983
181220
181249
181307
181400
181423
181444
181471
181500
181897
181951
182017
182560
182567
182732
182892
182997
183580
183600
184101
184197
184202
184267
184632
184818
184978
185259
185493
185578
185793
185812
186015
186104
186162
186181
186206
186276
186305
186736
186758
186781
186783
187113
187116
187121
187133
187147
187149
187162
187165
187175
187179
187225
187319
187332
187347
187370
187411
187559
188305
188335
188454
188499
188634
189226
189438
189876
189893
189944
190650
190793
190808
190870
190903
191027
191263
191340
191425
191439
191467
191580
191736
191930
191950
191999
192119
192136
192178
192210
192494
193052
193075
193181
193212
193402
193403
193415
193540
193646
193715
193716
193762
193803
193818
194324
194364
194459
194594
194640
194856
194876
194956
195104
195122
195440
195449
195455
195545
196262
196418
196450
196625
197153
197491
197523
197720
197872
197893
197936
198150
198193
198240
198369
198663
199053
199256
199309
199316
199334
199359
199394
199458
199552
199581
199593
199616
199663
199829
199833
199974
200092
200182
200265
200445
200471
200472
200958
201039
201358
201460
201891
201915
201992
202024
202029
202142
202460
202803
202939
203139
204032
204127
204218
204318
204447
204479
204480
204850
204865
205107
205206
205210
205211
205417
205498
205544
205707
205719
205721
205762
205856
205873
206016
206187
206407
206612
206847
207018
207128
207256
207830
207912
207928
208153
208844
208849
208955
209190
209783
209931
210877
211239
212193
212716
212770
212857
213203
214002
214152
214847
215224
215234
215746
218951
218999
219076
219080
219083
219561
220061
220263
220433
220434
221158
221159
221558
222219
222660
222925
223306
223507
223534
223913
224964
225922
226452
226523
226691
226704
226737
226841
226872
226879
226985
227049
227544
227639
227648
227673
227700
227708
227730
227762
227771
227798
227827
227839
227859
227890
227896
227938
228048
228117
228268
228293
228341
228374
228451
228618
228629
228644
228665
228838
228841
228856
228881
228933
228985
229009
229012
229052
229064
229072
229091
229189
229192
229233
229265
229305
229316
229333
229361
229366
229377
229380
229456
229460
229467
229705
229804
229962
230006
230017
230437
230521
230547
230585
230626
230697
230873
230934
231049
231083
231218
231426
231729
231856
231910
231968
232481
232789
233078
234921
234977
235874
235932
236044
236331
236713
236755
236795
237355
237371
237610
237761
237818
237919
237980
239219
239445
239701
239772
240417
240523
240534
240537
241014
241235
241779
242466
242621
242634
242938
243001
243440
243644
243996
244081
244265
244755
245583
245620
245784
246080
246086
246410
246501
246919
247203
247210
247221
247235
247279
247281
247288
247307
247426
247704
247822
247904
248433
248634
248812
249154
249215
249757
250597
250758
251160
251187
252303
252596
252863
252876
254005
254083
254105
254660
254729
254733
254743
254758
254763
254808
255004
255092
255417
255631
256098
256106
256318
257496
257830
257971
257993
258030
258162
258394
258514
258545
258607
258998
259017
259453
259632
259981
260142
260619
260777
260802
260948
261060
261089
261097
262402
262427
262867
263119
263133
263176
263234
263471
263960
264110
264225
264274
264280
264290
264334
264618
265067
265144
265306
265405
266068
266175
266252
266264
266404
266615
266695
266822
266918
266929
267150
267160
267673
267932
268162
268304
268981
268988
269251
269353
269452
269454
269982
270080
270102
270118
270501
271109
271160
271220
271237
271288
271366
271367
271978
272050
272131
272177
272302
272491
272783
273278
273283
273466
273513
273515
273517
273671
273685
273808
273828
273913
274046
274099
274109
274158
274226
274276
274359
274424
274437
274450
274466
274509
274512
274517
274530
274551
274786
274797
274798
277160
277197
277276
277712
278698
279182
279302
279428
279446
279650
279845
279892
280073
280194
280207
280425
280479
280945
281227
281637
281659
281829
282212
282225
282226
282829
283136
283502
284371
284556
284580
285549
285654
286364
286515
286721
286818
286932
286938
287063
287350
287553
287712
287850
288002
288011
288225
288386
288461
288467
288508
288513
288587
288677
288773
288774
288814
288815
288825
288867
289079
289193
289590
289625
289639
289717
289771
289938
289995
290085
290096
290237
290263
290303
290574
290793
290828
290884
290924
291025
291049
291181
291394
291845
292633
292891
292912
292969
293011
293240
293338
293339
293340
293346
293649
293792
293850
293939
293996
294299
294488
294576
294761
294939
294997
295046
295107
295224
295314
295354
295749
296269
297409
297410
297614
297632
297693
298258
298624
298808
299218
299365
299432
299444
299504
299624
299638
299648
300003
300165
300448
300939
300943
301042
301056
301121
301220
301249
301324
301458
301561
301639
301642
301773
301954
302108
302269
302507
302867
303099
303151
303394
303670
303675
303685
303888
303925
304119
305138
305233
305247
305504
305605
305797
305811
305937
305948
306090
306099
306106
306124
306139
306179
306217
306238
306316
306486
306517
307704
307852
307859
307910
307933
308181
308234
308870
308884
308971
309153
309387
309397
309401
309460
309619
309959
309972
310157
310218
310287
310304
310328
310611
310626
311087
311571
312006
312094
312338
312680
312964
314729
314740
314854
314949
315477
315558
315616
315855
315910
316037
316144
316188
316374
316483
316528
316577
317001
317405
317446
317545
317710
317859
318384
318438
318559
318613
318753
318795
318855
319071
319125
319136
319140
319143
319203
319251
319311
319314
319319
319487
319587
319811
319968
320145
320193
320651
320656
320995
320996
321000
321045
321580
321783
321861
322119
322140
322529
322538
322550
322578
322589
322660
322717
322793
322796
322841
323414
323591
323613
323692
323711
323714
323953
324010
324160
324241
324584
324585
324663
324673
324712
324864
325043
325109
325128
325163
325372
325491
325755
326375
326522
326530
326608
326792
327184
327191
327223
327350
327406
327503
327615
327755
327927
328055
328654
328693
328794
329000
329317
329397
329478
329931
329935
330342
330531
330655
330709
330930
330994
331001
331016
332333
332446
332518
332544
332599
332668
332811
332814
333050
333881
334258
334537
334548
334571
334705
334714
334962
335738
335828
335850
335911
335946
336030
336202
336236
336316
336387
336504
336582
337138
337180
337410
337565
338114
338159
338193
338251
338759
339549
339609
339962
339966
340228
340723
341032
341169
341275
341283
341291
341345
341379
341558
342009
342319
342328
343237
343567
343664
344429
344620
344692
344918
345694
345880
346395
346486
346608
346898
347016
347370
347389
347633
347728
347756
348016
348020
348344
348663
348744
348831
348836
348894
349097
349125
349147
349216
349282
349306
349678
349691
349701
349801
349955
350144
350183
350283
350330
350483
350532
350559
350662
351089
351331
351368
351400
351529
351682
351915
351922
351964
352134
352309
352457
352480
352540
352722
352766
352781
352848
352892
352937
353284
353370
353781
354051
354223
354357
354368
354370
354590
354625
354630
354651
354679
354764
354824
354948
354990
355012
355087
355146
355154
355187
355189
355280
355358
355412
355769
355788
355789
355967
356267
356327
356542
356673
357191
357438
357841
357861
358188
358223
358270
358404
358664
358815
359021
359046
359449
359529
360314
360607
360669
360693
360884
361048
361191
361294
361507
361769
362376
362721
362841
362862
363060
363074
363095
363152
363246
363499
363507
363515
363541
363544
363578
363669
363676
363694
363714
363733
363752
363775
363920
364425
364758
365062
365307
365383
365518
365546
365590
366065
366167
366366
366526
366682
366795
366893
367038
367046
367464
367508
367521
367535
367575
367645
367646
367722
367843
367872
367952
368093
368188
368464
368702
368829
368882
369288
369664
369933
369968
370033
370082
370297
370314
370333
370393
370536
370554
370561
370846
370897
371000
371009
371030
371177
371178
371197
371264
371316
371432
371433
371440
371445
371996
372032
372314
372323
372372
372457
372544
372576
372635
373029
373031
373193
373307
373522
373551
373638
373679
373890
373938
374293
374642
374702
375082
375264
375290
375303
375326
375327
375538
375628
375644
375870
375946
375978
376000
376004
376167
376210
376242
376262
376303
376335
376553
376624
376713
376727
376750
376768
376793
376974
377345
377349
377375
377396
377407
377412
377543
377544
377632
377732
377745
377940
378000
378011
378017
378028
378112
378214
378221
378297
378337
378343
378369
378434
378446
378451
378527
378711
378760
378762
378825
378838
378842
378983
379165
379218
379514
379515
379691
380100
380102
380106
380110
380268
380274
380294
380617
380668
380957
381130
381167
381410
381506
381606
381612
381647
381712
381718
381923
382293
383150
383313
383459
383620
383791
383805
383822
383829
383856
383857
383951
384187
384190
384213
384219
384287
384316
384320
384439
384524
384601
384622
384663
384807
385032
385070
385157
385163
385211
385220
385227
385377
385407
385411
385590
385857
385868
386180
386357
386646
387389
387495
387512
387513
387526
387536
387615
387644
387658
387815
387817
387870
387920
388094
388126
388185
388402
388587
388682
388696
388795
388863
388867
388906
388954
388969
388992
389050
389074
389135
389143
389156
389276
389360
389404
389427
389470
389478
389558
389564
389572
389574
389584
389596
389612
389627
389695
389697
389763
389773
389785
389863
389867
390001
390010
390117
390136
390301
390309
390315
390438
390537
390550
390589
390612
390635
390649
390855
391103
391250
391316
391361
391380
391401
391459
391484
391492
391506
391625
391655
391704
391765
391799
391902
392029
392066
392199
392230
392261
392302
392322
392324
392338
392377
392599
392872
392903
393130
393135
393214
393258
393471
393486
393685
393688
393711
393724
393739
393748
393823
393911
393921
393965
393977
393985
394072
394133
394161
394220
394223
394234
394251
394347
394387
394463
394496
394521
394559
394624
394644
394647
394648
394723
394864
394869
394949
394968
394979
394987
395018
395023
395051
395071
395087
395116
395124
395237
395354
395361
395498
395503
395514
395519
395532
395916
396017
396117
396201
396220
396227
396332
396394
396443
396577
396587
396687
396692
396753
396822
396860
397010
397055
397062
397180
397234
397256
397298
397319
397332
397396
397502
397578
397696
397788
397789
397806
397851
397912
397976
398022
398063
398111
398197
398284
398368
398540
398560
398656
399020
399033
399105
399144
399404
399521
399910
399956
399968
400100
400397
400766
400970
401085
401103
401344
401497
401572
401646
401649
401670
401768
401908
401962
401977
402160
402311
402534
402957
403011
403216
403225
403370
403500
403581
403779
404384
405130
405999
406007
406066
406389
406474
406529
406594
406685
407090
407159
407188
407212
407215
407241
407275
407313
407326
407329
407481
407493
407621
407641
407749
407758
407832
407911
408101
408168
408470
408749
408800
408951
408996
409050
409076
409205
409622
409767
410158
410163
410186
410221
410309
410381
410448
410491
410492
410740
411005
411018
411082
411114
411483
411531
411575
411579
411635
411642
411645
411648
411659
411773
412059
412183
412186
412355
412367
412427
412496
412513
412686
412902
412963
413008
413030
413075
413088
413105
413184
413207
413912
414037
414062
414981
415208
416319
416677
416681
416819
416966
417151
417156
417236
417595
419040
419122
419526
419704
419854
420511
420613
420824
420827
421941
421971
421992
422030
422068
422085
422128
422137
422171
422193
422220
422221
422291
422293
422314
422321
422325
422336
422381
422463
422474
422477
422486
422535
422556
422587
422643
422675
422693
422724
422730
422825
422838
422879
423537
424742
424881
425044
425484
426898
426949
427246
430011
430165
430249
430341
430391
430443
430661
430673
431020
431133
431304
431468
431486
431843
432006
432630
432643
432939
433156
433227
433253
433258
433259
433274
433279
434017
434798
434838
434880
434883
434889
434914
434921
434922
434993
435001
435004
435034
435042
435049
435077
435514
435554
435557
435632
435864
435872
435907
435908
435943
435959
436019
436192
436206
436207
436260
436335
436415
436437
436603
436774
436776
436804
436993
437289
437300
437316
437430
437443
437590
437603
437826
437901
438092
438109
438442
438875
438919
438939
439088
439092
439185
