0
65
67
76
201
205
242
250
274
358
394
575
588
667
711
720
817
819
825
934
943
969
979
1015
1177
1247
1300
1409
1490
1508
1676
1710
1712
1716
1856
1982
2060
2083
2110
2183
2228
2240
2242
2261
2375
2469
2527
2606
2691
2731
2743
2788
2819
2841
2896
2901
3039
3224
3242
3272
3288
3323
3333
3387
3507
3589
3800
3842
3908
4007
4066
4079
4111
4319
4322
4344
4369
4437
4456
4535
4545
4569
4674
4681
4729
4739
4743
4981
5069
5092
5117
5151
5157
5239
5313
5343
5347
5374
5460
5466
5492
5511
5558
5624
5634
5642
5787
5798
6007
6025
6067
6106
6151
6249
6253
6267
6309
6352
6483
6520
6565
6569
6701
6720
6750
6851
7069
7148
7182
7183
7196
7220
7258
7286
7332
7591
7800
7827
7895
8019
8041
8079
8114
8142
8216
8249
8293
8440
8613
8621
8631
8660
8791
8823
8962
9005
9118
9141
9156
9191
9223
9288
9321
9339
9345
9383
9393
9426
9454
9499
9532
9564
9654
9696
9744
9791
9837
9839
9843
9869
9883
9893
9932
9950
9981
10117
10214
10349
10350
10414
10429
10565
10636
10642
10697
10764
10925
10931
10977
11084
11099
11116
11136
11152
11212
11274
11297
11303
11328
11330
11347
11355
11453
11532
11590
11655
11667
11678
11726
11728
11836
11857
12001
12002
12079
12089
12144
12179
12363
12436
12440
12441
12462
12476
12486
12592
12615
12691
12707
12709
12737
12743
12804
12833
12852
12927
12931
12991
13040
13134
13169
13307
13309
13335
13364
13451
13507
13542
13576
13676
13677
13684
13702
13738
13771
13821
13873
13907
13969
13971
14010
14178
14194
14287
14295
14297
14318
14369
14419
14538
14547
14548
14590
14606
14628
14635
14654
14714
14732
14767
14789
14871
14902
14906
14923
15206
15367
15557
15589
15646
15720
15819
15858
15871
15876
15955
16006
16028
16068
16116
16123
16139
16169
16216
16229
16310
16344
16345
16437
16451
16461
16501
16524
16566
16617
16681
16909
16997
17028
17136
17166
17234
17335
17338
17380
17450
17488
17541
17553
17620
17649
17681
17698
17759
17788
17878
17889
17915
18131
18159
18176
18191
18210
18216
18264
18382
18414
18515
18517
18530
18579
18654
18701
18787
18866
18868
18937
18990
19024
19121
19144
19147
19180
19211
19266
19281
19372
19382
19399
19454
19604
19612
19639
19660
19661
19733
19742
19767
19851
19854
19870
19897
20011
20061
20065
20089
20095
20107
20124
20199
20235
20273
20379
20405
20635
20750
20752
20800
20862
20996
21006
21026
21186
21272
21353
21418
21457
21485
21526
21551
21604
21627
21644
21714
21721
21742
21744
21913
22012
22114
22136
22145
22165
22175
22179
22185
22197
22239
22268
22296
22316
22324
22394
22423
22466
22486
22562
22597
22609
22613
22652
22735
22739
22799
22859
22883
22985
23007
23017
23024
23032
23106
23242
23323
23369
23391
23431
23441
23457
23530
23558
23616
23755
23838
23854
23995
24026
24062
24102
24234
24240
24265
24292
24351
24364
24366
24445
24452
24500
24523
24602
24643
24857
25131
25139
25225
25286
25308
25325
25335
25455
25468
25473
25476
25483
25729
25765
25812
25889
26034
26107
26130
26192
26227
26251
26264
26277
26302
26324
26384
26386
26410
26416
26573
26609
26748
26780
26782
26822
26933
26953
26998
27071
27109
27117
27139
27269
27285
27387
27413
27433
27468
27527
27615
27617
27653
27679
27825
27832
27852
27861
27931
27977
28003
28008
28225
28340
28343
28357
28363
28448
28664
28741
28789
28876
28919
28971
28973
28995
28997
29072
29180
29214
29218
29341
29348
29361
29474
29498
29550
29686
29724
29748
29756
29822
29842
29844
29883
29914
30003
30026
30045
30053
30096
30202
30253
30319
30338
30350
30421
30494
30505
30530
30563
30617
30628
30644
30668
30716
30741
30843
30921
30975
31044
31081
31122
31146
31167
31174
31216
31257
31273
31283
31390
31544
31566
31657
31682
31796
31876
32019
32080
32121
32129
32131
32184
32248
32268
32403
32447
32531
32539
32621
32629
32820
32861
32952
33057
33127
33220
33234
33265
33288
33300
33333
33359
33459
33584
33657
33683
33699
34011
34014
34015
34048
34089
34178
34274
34461
34570
34623
34679
34710
34770
34786
34870
34995
35099
35123
35158
35184
35202
35213
35257
35284
35357
35399
35422
35511
35549
35625
35671
35831
35893
36041
36103
36191
36269
36344
36362
36410
36480
36541
36581
36595
36832
36918
36924
36943
36961
36971
37003
37052
37056
37083
37093
37126
37199
37202
37236
37327
37458
37469
37547
37561
37581
37609
37693
37787
37899
38001
38027
38044
38062
38083
38106
38141
38157
38200
38248
38293
38339
38584
38845
38868
38890
38975
38979
39076
39113
39160
39186
39244
39273
39352
39577
39591
39675
39711
39732
39736
39827
39888
39902
39908
39966
40032
40044
40099
40197
40293
40411
40493
40529
40541
40563
40585
40607
40640
40715
40766
40839
40845
41042
41073
41082
41110
41275
41335
41345
41393
41417
41443
41468
41491
41513
41550
41569
41594
41607
41630
41653
41695
41713
41765
41807
42031
42061
42145
42159
42310
42368
42381
42476
42545
42574
42587
42684
42694
42778
42802
42804
42809
42934
42947
43033
43059
43111
43128
43150
43331
43427
43431
43514
43655
43669
43685
43710
43756
43760
43826
43828
43904
43907
43908
43943
43978
44094
44172
44195
44200
44211
44233
44243
44270
44281
44315
44384
44426
44450
44553
44655
44657
44675
44683
44695
44726
44789
44799
44803
44883
44897
44968
45102
45141
45172
45262
45316
45341
45389
45477
45484
45490
45501
45696
45755
45766
45879
45923
45936
46025
46085
46127
46217
46315
46341
46343
46447
46460
46473
46486
46689
46736
46746
46759
46791
47065
47110
47141
47315
47364
47373
47389
47421
47487
47491
47521
47741
47883
47955
47985
48088
48124
48174
48254
48320
48408
48440
48516
48653
48659
48685
48762
48772
48773
48850
48915
48936
48946
49043
49240
49286
49292
49332
49366
49422
49501
49546
49549
49668
49696
49704
49763
49792
49793
49808
49878
49986
50011
50019
50041
50137
50159
50162
50199
50210
50213
50221
50256
50263
50423
50437
50471
50553
50561
50665
50699
50802
50871
51009
51011
51041
51092
51321
51538
51562
51578
51612
51636
51642
51695
51701
51729
51740
51790
51794
51870
51936
51957
51962
51997
51998
52012
52038
52074
52079
52081
52100
52134
52142
52280
52300
52361
52506
52572
52657
52776
52791
52797
52814
52818
52848
52857
52900
52902
52937
52969
53035
53043
53183
53198
53214
53272
53339
53382
53426
53646
53689
53755
53837
53861
53897
53927
53975
54006
54071
54111
54196
54222
54403
54407
54455
54469
54483
54489
54526
54539
54626
54842
54855
54875
54905
54966
54977
54979
54983
54995
55091
55102
55175
55183
55194
55222
55230
55342
55514
55588
55663
55701
55716
55720
55796
55811
55831
55852
55983
55993
56017
56122
56193
56228
56279
56297
56321
56416
56519
56538
56566
56921
56924
56959
56977
57064
57068
57071
57079
57249
57251
57278
57305
57375
57383
57422
57442
57464
57469
57517
57677
57744
57747
57755
57765
57786
57898
57908
57911
57929
58022
58091
58193
58221
58294
58443
58452
58466
58608
58614
58719
58749
58766
58922
58966
59053
59090
59140
59186
59192
59237
59287
59343
59363
59403
59405
59422
59437
59447
59503
59509
59537
59619
59650
59683
59712
59760
59777
59888
59894
59908
59912
60037
60062
60072
60073
60161
60253
60326
60328
60345
60407
60473
60475
60546
60563
60743
60847
60967
61017
61042
61075
61100
61158
61294
61349
61432
61448
61500
61525
61623
61627
61742
61796
61797
61845
61882
62003
62052
62117
62143
62166
62415
62421
62452
62458
62520
62545
62576
62613
62635
62638
62643
62664
62717
62729
62742
62745
62825
62852
62904
62959
63061
63071
63175
63184
63265
63299
63327
63331
63373
63414
63520
63524
63528
63540
63571
63589
63614
63650
63656
63701
63712
63716
63751
63755
63786
63796
63864
63977
64010
64027
64039
64062
64126
64138
64253
64323
64337
64463
64486
64552
64598
64612
64667
64740
64772
64783
64843
64884
64951
65005
65013
65140
65142
65344
65447
65471
65523
65602
65644
65900
65910
66057
66059
66064
66094
66111
66264
66357
66375
66381
66455
66496
66498
66563
66627
66649
66661
66690
66717
66724
66732
66734
66816
66822
67046
67058
67066
67090
67137
67145
67222
67233
67358
67370
67425
67450
67563
67733
67826
67836
67856
67894
67908
67930
68008
68020
68062
68080
68095
68122
68167
68190
68379
68383
68404
68440
68481
68500
68607
68664
68763
68843
68916
68917
69171
69337
69351
69460
69715
69804
69806
69822
70025
70066
70103
70113
70211
70352
70374
70375
70389
70407
70411
70445
70470
70496
70524
70612
70720
70738
70742
70752
70784
70889
70946
70987
71003
71049
71070
71103
71143
71160
71238
71417
71468
71532
71544
71609
71756
71784
71856
71891
71955
71983
72017
72031
72075
72077
72204
72243
72248
72272
72349
72491
72516
72529
72579
72649
72684
72724
72735
72765
72767
72788
72848
72880
73037
73145
73163
73212
73250
73386
73433
73701
73716
73800
73833
73913
73926
73961
74021
74033
74069
74072
74127
74252
74309
74339
74391
74626
74722
74742
74756
74784
74825
74889
74913
75070
75086
75094
75141
75148
75154
75182
75262
75272
75280
75315
75336
75346
75386
75540
75567
75930
75980
75984
75994
76026
76126
76198
76226
76265
76458
76472
76487
76582
76636
76759
76790
76800
76871
76899
76907
77046
77153
77157
77263
77416
77559
77575
77651
77656
77662
77734
77743
77780
77790
77845
77967
77998
78034
78060
78116
78130
78171
78262
78366
78395
78420
78475
78479
78549
78632
78644
78674
78683
78693
78705
78768
78776
78799
78829
78840
78889
78901
78999
79023
79056
79094
79097
79115
79213
79231
79244
79251
79255
79279
79500
79560
79627
79742
79745
79771
79804
79961
80022
80036
80053
80056
80081
80091
80233
80366
80457
80527
80605
80675
80744
80816
80837
80851
80933
80937
80991
81079
81103
81137
81167
81208
81239
81241
81307
81368
81387
81437
81495
81528
81568
81595
81617
81625
81632
81676
81686
81719
81833
81886
81906
81949
81965
82094
82118
82132
82160
82194
82232
82315
82330
82353
82375
82417
82421
82458
82543
82545
82558
82578
82585
82721
82762
82764
82773
82928
83043
83111
83180
83272
83328
83371
83427
83432
83466
83507
83607
83807
83810
83822
83919
83977
84041
84143
84224
84303
84416
84502
84574
84687
84798
84845
84916
84955
85033
85046
85145
85189
85237
85341
85447
85472
85491
85519
85614
85637
85645
85667
85711
85743
85773
85932
86081
86108
86147
86173
86224
86300
86345
86410
86452
86464
86624
86669
86681
86745
86747
86867
86947
87072
87138
87141
87232
87311
87321
87358
87384
87450
87463
87479
87494
87525
87531
87576
87696
87706
87739
87744
87748
87783
87878
87934
87981
88001
88046
88112
88210
88265
88385
88389
88453
88492
88543
88575
88618
88651
88661
88771
88782
88789
88821
88926
88995
89012
89176
89205
89233
89306
89351
89507
89658
89807
89843
89884
89893
89968
89980
90201
90220
90222
90277
90340
90384
90410
90583
90597
90625
90720
90862
90884
90907
90925
90927
90954
90965
91025
91053
91104
91169
91216
91256
91325
91412
91483
91517
91570
91624
91724
91769
91777
91799
91847
91888
91889
91966
92083
92085
92154
92196
92211
92221
92249
92262
92294
92318
92366
92377
92382
92402
92485
92508
92539
92599
92629
92677
92688
92700
92794
92864
93019
93062
93172
93218
93226
93272
93329
93507
93579
93639
93680
93860
93893
93913
93945
93970
94018
94024
94028
94043
94047
94065
94279
94362
94370
94377
94396
94432
94485
94533
94539
94626
94638
94657
94748
94816
94939
94983
95013
95094
95114
95195
95375
95379
95527
95563
95645
95706
95760
95769
95774
95784
95892
95949
95953
95974
96069
96095
96184
96207
96240
96250
96349
96377
96379
96451
96493
96498
96666
96692
96721
96794
96984
96987
97008
97021
97125
97182
97200
97271
97344
97448
97454
97489
97494
97634
97664
97666
97681
97711
97788
97837
97870
97872
97880
98058
98091
98216
98231
98237
98243
98254
98301
98357
98360
98394
98398
98401
98403
98404
98543
98555
98563
98585
98701
98755
98768
98810
98820
98984
99048
99096
99113
99125
99150
99174
99277
99347
99366
99485
99487
99783
99832
99862
99974
100078
100084
100120
100164
100199
100207
100227
100293
100322
100544
100556
100604
100666
100679
100762
100780
100847
100904
100934
101013
101031
101055
101102
101162
101234
101236
101264
101333
101374
101407
101429
101433
101461
101531
101554
101676
101738
101786
101794
101916
101944
101980
102062
102118
102181
102222
102230
102304
102379
102791
102848
102880
102897
102966
103035
103141
103151
103177
103300
103316
103354
103447
103526
103595
103605
103648
103782
103788
103844
103858
103876
103915
103979
104034
104099
104210
104212
104224
104247
104255
104456
104487
104688
104752
104789
104992
105006
105042
105093
105150
105168
105241
105322
105349
105483
105549
105593
105651
105677
105699
105727
105783
105794
105862
105876
105891
105935
105951
105981
106014
106023
106045
106162
106259
106291
106306
106322
106456
106481
106487
106489
106538
106552
106574
106610
106628
106714
106725
106759
106793
106904
106919
106923
107133
107168
107207
107239
107484
107600
107626
107710
107740
107871
107936
107958
107971
108248
108311
108335
108431
108553
108630
108644
108687
108752
108767
108784
108869
108921
109048
109095
109125
109149
109209
109228
109336
109344
109356
109374
109391
109423
109433
109471
109477
109497
109512
109606
109608
109688
109697
109809
109923
109926
109932
109962
109989
110063
110214
110260
110312
110353
110567
110616
110754
110786
110801
110850
110959
111024
111030
111055
111198
111331
111334
111340
111406
111442
111555
111643
111659
111668
111711
111920
111952
112016
112135
112144
112151
112157
112160
112196
112319
112330
112372
112377
112492
112692
112731
112742
112751
112847
112892
112991
113019
113167
113208
113274
113278
113358
113399
113506
113550
113613
113629
113710
113723
113759
113774
113784
113787
113792
113798
113861
113887
114028
114080
114088
114191
114204
114283
114296
114422
114484
114533
114600
114620
114634
114708
114835
114844
114873
115019
115130
115134
115140
115195
115197
115300
115336
115340
115507
115534
115557
115711
115738
115808
115840
116345
116353
116390
116457
116473
116484
116595
116643
116657
116688
116848
116883
116988
117389
117784
118129
118144
118169
118206
118224
118323
118330
118374
118393
118527
118552
118634
118719
118797
119196
119219
119284
119413
119459
119495
119637
119649
119750
119770
119775
120400
120434
120478
120509
120548
120579
120600
120689
120787
120870
121147
121154
121363
121365
121475
122490
123034
123170
123537
123652
123753
123773
123815
124017
124331
124332
124391
124696
124854
124858
124990
125093
125339
125484
125904
126265
126347
127064
127248
127290
127945
128224
128570
128733
128844
128942
128943
128960
128971
129077
129226
129337
129607
129953
129957
129971
129977
130061
130086
130292
130311
130415
130439
130456
130503
130594
130659
130739
130959
131146
131194
131199
131257
131287
131293
131314
131603
131768
131779
131870
131906
131993
132191
132322
132571
132798
132874
132999
133020
133088
133130
134403
134412
134555
134787
135220
135631
135900
135905
135927
136583
137452
138017
138380
138441
138465
139723
139725
139798
139894
140157
140197
141070
141192
141401
141565
141816
142153
142258
142267
142999
143006
143077
143080
143082
143198
143358
143504
143577
143667
143689
143709
143752
143896
143965
144130
144790
144791
144885
144941
144962
145076
145099
145166
145197
145235
145236
145353
145448
145472
145527
145534
145558
145628
145779
145934
146046
146092
146141
146143
146432
146482
146740
146952
147511
147702
147704
147832
147844
147857
147859
147882
147943
147964
147979
148006
148099
148250
148363
148799
148981
149236
149308
149435
149484
149835
149978
150542
150793
150948
151004
151175
151267
151360
151368
151559
151739
152109
152563
152664
152680
152753
152840
152893
152937
153338
153382
153439
153506
153580
153601
153918
154310
154366
154549
154606
154773
154806
154819
154852
154906
154946
155643
155816
155828
155909
155986
156103
156155
156406
156690
156745
156833
156848
156865
156918
157116
157118
157131
157159
157221
157323
157400
157498
157558
157716
157732
158077
158160
158166
158177
158244
158259
158318
158559
158843
159085
159096
159150
159312
159354
159768
160164
160240
160282
160412
160677
160697
160718
160805
160944
161121
161172
161321
161374
161489
161520
161594
161760
162552
162582
162870
162944
162957
163012
163057
163214
163346
163380
163461
163511
163514
163519
163552
164024
164280
164376
164456
164486
164494
165438
165716
165815
165852
165933
166342
166605
166749
166759
166760
166855
166884
166952
166963
167405
167419
167609
167643
167734
168203
168342
168407
168522
168617
168676
169188
169300
169301
169309
169501
169605
169817
170336
170726
170756
171010
171307
172051
172354
172405
172510
172565
172643
172700
174122
174211
174229
174249
174278
174289
174366
174408
174419
174472
174631
174684
174706
174724
174740
174752
174803
174804
174840
174922
174942
174962
174969
175151
175173
175196
175298
175299
175327
175354
175361
175382
175396
175465
175476
175504
175517
175548
175577
175592
175595
175621
175643
176405
177348
177611
177654
177699
177736
177810
177868
177899
177981
177997
178020
178108
178133
178154
178190
178657
178941
179185
179355
179377
179403
179469
179470
179700
179766
179846
180040
180048
180101
180203
180204
180612
180622
180627
180688
181204
181348
181872
181919
182209
182286
182295
183236
183470
183667
183728
184063
184134
184246
184335
184609
184626
184723
184813
184944
185445
185536
185885
185890
185893
186057
186089
186125
186184
186213
186262
186322
186342
186365
186366
186369
186378
186418
186421
186495
186535
186829
187445
187481
187531
187595
187630
187631
187651
187918
188205
188888
189028
189201
189502
189504
189724
189914
190168
190170
190263
190264
190330
190465
190553
190575
190592
190602
190604
190612
190672
190723
190850
191018
191129
191132
191199
191200
191241
191319
191399
192005
192254
192295
192320
192479
192565
192644
192679
192816
192824
192932
193062
193152
193630
193713
193719
193827
193832
193878
193902
194014
194044
194107
194127
194200
194220
194273
194467
194684
194712
194740
194791
194829
195712
195904
195933
196073
196756
197176
197192
197197
197392
197448
197475
198264
198319
198331
198401
198402
198729
198902
199059
199430
199479
199526
199535
199549
199754
200310
200504
200637
201150
201233
201277
201366
201467
201469
201471
201507
201570
201598
201634
201674
201682
202083
202376
202439
203166
203210
203256
203258
203316
203445
203456
203471
203499
203516
203845
203892
203961
204011
204064
204126
204247
204497
205027
205131
205224
205525
205745
205818
206080
206119
206276
206504
206756
206905
207277
207307
207753
208220
208224
208259
208268
208834
208922
208984
209449
210399
210529
210941
211082
211586
212471
212743
213951
214499
215335
217654
218319
219530
220169
221133
221359
222411
222571
223529
223531
224677
225267
225690
225735
225785
225832
226164
226251
226339
226376
226406
226422
226524
226626
226909
226934
226946
226954
226970
226971
226976
226980
227001
227006
227015
227022
227030
227047
227068
227112
227186
227228
227307
227314
227428
227460
227490
227687
227887
227897
227916
227922
227928
227944
227981
228035
228052
228069
228082
228095
228102
228118
228122
228156
228171
228189
228215
228272
228284
228312
228315
228334
228443
228455
228518
228535
228551
228563
228594
228739
228919
228983
228994
229061
229311
229330
229608
229927
229987
230192
230268
230330
231233
231695
231822
232045
232348
232678
232905
233141
233150
233576
233715
233830
235638
235740
236586
236621
237023
237591
237818
238327
238676
239698
239829
239834
240005
240031
240143
241395
242394
242442
242641
242658
242720
242772
242777
242945
243009
243058
243179
243536
243607
243608
243609
243649
243956
244033
244084
244172
244243
244794
244798
244887
245140
245707
245818
246301
246692
246706
246733
246744
246813
246971
247699
249578
249725
249822
250294
250474
250506
250720
251574
251861
251942
252120
252136
252767
252824
253691
253996
254008
254110
254154
254173
254280
254504
254505
254947
255145
255204
255894
256540
256573
256715
256858
257043
257428
257536
257734
257932
257935
258228
258245
258337
258759
259399
259629
260224
260254
260300
260417
260674
261740
262122
262476
262770
263233
263236
263238
263452
264136
264357
264385
264431
264621
264653
264769
265314
265365
265377
265378
265396
265403
265462
265470
265519
265934
266042
266367
266389
266489
266902
266945
267012
267054
267219
267574
267577
267883
267929
267965
268015
268245
268289
268582
269211
269218
269223
269241
269268
269416
269992
270198
270332
270448
270505
270538
271272
271359
271546
271790
272572
272902
272924
272989
273012
273280
273319
273328
273334
273343
273367
273370
273538
273752
273759
273805
273836
273845
273883
273956
274069
274078
274161
275126
276488
276746
277198
277270
277292
277559
277725
277923
278294
278348
278469
278640
278697
278711
279359
279371
280031
280958
281070
281379
281623
282072
282140
282161
282222
282249
282486
282610
283370
283606
283818
283820
284211
284355
284799
284950
285285
285843
285920
286100
286153
286167
286228
286350
286534
286784
286794
286852
286859
287011
287080
287146
287353
287455
287579
287665
287802
287809
287878
287887
287931
288028
288055
288112
288116
288327
288335
288679
288806
288870
288909
288986
289191
289194
289219
289252
289399
289455
289908
290270
290278
290312
290435
290669
291379
291637
291734
291876
291924
292118
292135
292171
292368
292482
292543
292544
292571
292577
292586
292601
292609
292653
292654
292656
292709
292775
292920
293032
293033
293179
293186
293362
293473
294038
294094
294254
294287
294447
294713
294761
294891
294987
295620
295707
295969
295983
296266
296551
296664
296843
296881
296906
296987
297327
297344
297348
298497
298552
298559
298615
298669
298762
298936
298984
299007
299018
299039
299069
299070
299199
299348
299576
299936
299942
300215
300308
300323
300326
300406
300625
300644
300659
300705
300712
300715
300846
300938
301047
301157
301222
301274
301285
301288
301375
301730
302232
302263
302271
302726
302799
302969
303014
303024
303146
303361
303585
304039
304435
304944
304946
304949
305044
305105
305349
305357
305446
305537
306094
306098
306163
306419
306523
307022
307408
307461
307464
308188
308870
309019
309146
309176
309260
309475
309953
310011
310207
310391
310417
310424
310457
310969
312006
312406
312732
313532
313917
313988
314681
314729
314738
315028
315101
315264
315299
315504
315553
315571
315587
316026
316172
316258
316264
316835
316884
317299
317383
317428
317530
317622
317782
317845
317884
318027
318034
318083
318137
318266
318303
318397
318433
318531
318656
318781
318969
318992
319061
319078
319136
319209
319362
319419
319498
319695
319824
319909
319996
320065
320240
320364
320707
320836
320900
320996
321012
321067
321112
321422
321617
321632
321705
321711
321789
321855
321917
322068
322301
322431
322751
322767
323209
323486
323529
323540
323561
323616
323627
323675
323906
323961
324119
324176
324184
324210
324332
324419
324542
324571
324711
324781
324862
325407
325416
325422
325548
325559
325560
325569
325649
325650
325654
325707
325730
325731
325765
325838
326141
326282
326342
326679
326789
326848
327286
327805
328052
328169
328414
328513
328720
328756
328880
328945
329141
329266
329627
329638
329698
329699
329744
329943
329959
329968
329992
329996
331274
331359
331489
331785
331865
331933
331943
332116
332171
332189
332379
332571
333054
333201
333759
333766
333771
333820
333910
333995
334345
334358
334381
334679
334903
335283
335363
335408
335434
335536
335635
335649
335725
335978
335994
335995
336190
336453
336567
337159
337242
337267
337287
337473
337520
337550
337954
338007
338487
338562
338625
338632
338656
338679
338681
338961
338995
339159
339168
339177
339200
339270
339342
339467
339744
339778
339920
339973
340370
340418
340638
340795
340858
341205
341399
342537
342635
342858
343322
343327
343429
343668
343751
343877
344698
344745
344824
344881
345091
345237
345538
345657
346009
346418
346419
346575
346616
346691
346779
346791
346819
346824
346929
347644
347859
347937
347952
348471
348505
348537
348671
348680
348703
348757
348823
348845
348863
348888
348910
349125
349184
349203
349380
349608
349616
349619
349630
349669
349720
349732
350438
350610
350738
350739
350861
351034
351238
351408
351525
351579
351581
351674
351698
351864
351867
351904
351937
351951
351961
351966
352035
352040
352086
352137
352715
352738
352846
353285
353402
353408
353430
353486
353557
353578
353614
353615
353616
353632
353663
353913
353919
353922
353961
353964
354022
354089
354138
354213
354265
354329
354376
354422
354481
354663
354847
355014
355326
355594
355707
355773
356221
356233
356743
356788
356866
356895
357082
357298
357452
358014
358028
358846
359732
359776
360335
360384
361078
361394
361929
361943
362109
362145
362165
362380
362382
362389
362398
362403
362453
362536
362546
362568
362577
362665
362734
362785
363044
363045
363177
363841
363844
363938
364331
364372
364444
364495
364586
364615
364644
364734
364871
365116
365289
365695
365951
366100
366435
366442
366464
366475
366485
366603
366702
366707
366806
367554
367847
367929
367941
368718
368719
368947
368970
369000
369010
369172
369180
369203
369227
369290
369338
369352
369359
369365
369401
369413
369421
369458
369469
369594
369724
369725
369800
369885
369925
369977
370056
370107
370132
370194
370285
370316
370333
370357
370431
370456
370462
370666
370668
370676
370842
371009
371029
371173
371339
371357
371604
371653
371673
371825
371852
371876
371885
372327
372567
372602
372719
372918
372936
373063
373617
373678
373748
373750
373988
374013
374128
374139
374163
374169
374193
374249
374318
374552
374660
374669
374770
374796
374813
375229
375237
375427
375551
375558
375665
375777
375888
376423
376428
376439
376467
376478
376650
376651
376829
376886
377107
377119
377240
377295
377328
377355
377377
377456
377482
377532
377591
377633
377743
377753
377765
377766
377780
377867
378152
378355
378527
378528
378558
378696
378725
378902
379138
379887
379902
380003
380109
380154
380445
380667
380775
380980
381033
381449
381807
382009
382012
382189
382738
382831
382833
382976
383365
383377
383428
383439
383622
383628
383844
383898
383992
384035
384094
384229
384233
384298
384389
384434
384526
384589
384863
384980
385529
385673
385744
385745
385833
385915
385999
386211
386409
386421
386444
386461
386522
386532
386533
386565
386593
386650
386652
386708
386736
386801
386813
386832
386884
386909
386924
387124
387340
387370
387512
387705
387767
387871
387880
387892
388149
388170
388212
388284
388493
388498
388514
388664
388848
388872
388877
388934
389008
389013
389050
389220
389275
389283
389285
389340
389387
389542
389545
389559
389670
389847
389894
390012
390064
390086
390278
390426
390490
390507
390521
390700
390771
390786
390809
390875
391097
391163
391195
391283
391328
391369
391386
391615
391872
392159
392200
392246
392283
392297
392350
392377
392397
392715
392735
392753
392761
392762
392795
392799
392800
392807
392927
393048
393050
393095
393100
393163
393251
393316
393424
393426
393491
393502
393515
393545
393660
393684
393716
393818
393867
393876
393995
394047
394112
394160
394203
394525
394546
394937
395012
395091
395141
395165
395255
395275
395405
395410
395603
395615
395757
395900
395941
396014
396035
396090
396091
396137
396180
396240
396262
396286
396317
396371
396384
396417
396463
396481
396564
396835
397003
397026
397395
397399
397519
397664
397970
398118
398205
398274
398431
398619
398881
398980
399064
399093
399226
399344
399430
399806
399996
400062
400091
400380
400388
400570
400596
400676
400875
400897
400899
401146
402369
402945
403379
403412
403965
405076
405095
405493
405512
405531
405556
405558
405667
405677
406021
406110
406119
406123
406212
406222
406358
406380
406415
406426
406494
406661
406736
406780
406860
406874
406880
406890
406964
407527
407564
407711
407733
407745
407747
407817
407825
407954
408000
408025
408117
408122
408135
408198
408231
408253
408384
408444
408498
408634
408663
408887
408999
409157
409188
409202
409251
409324
409362
409366
409392
409401
409411
409414
409458
409460
409506
409634
409651
409739
409835
409836
409961
410023
410210
410270
410320
410559
410561
410585
410626
410630
410634
410752
410769
410783
411045
411144
411187
411350
411445
411879
412057
412083
412118
412131
412170
412193
412206
412226
412775
413012
413096
414003
415641
415669
415696
415833
415912
416027
416103
416262
416633
418069
418127
418134
418230
418870
418876
418965
419522
419651
420422
420983
420993
421048
421081
421123
421131
421145
421162
421166
421182
421205
421219
421326
421356
421389
421481
421487
421653
421671
421675
421709
421715
421754
421814
421912
421965
421996
422014
422016
422555
423803
424081
425617
425970
426329
427210
427265
428157
428672
429048
429062
429325
429390
429396
429398
429456
429892
430086
430097
430100
430213
430458
430743
430751
431076
431292
431607
431940
432144
432160
432246
432263
432264
433991
434026
434286
434522
434572
434645
434734
434736
434870
434914
435052
435067
435071
435254
435349
435422
435432
435436
435438
435605
435606
435653
435780
436300
436306
436361
436459
436487
436512
436540
436570
436586
436596
436616
436649
436680
436719
436833
437636
437663
437799
437892
437948
438105
