83
121
211
244
320
385
547
553
568
615
616
654
669
683
745
800
1070
1111
1136
1160
1235
1256
1293
1315
1319
1339
1369
1457
1465
1538
1558
1622
1661
1680
1714
1801
1836
1842
1892
1986
2046
2074
2087
2129
2517
2529
2565
2570
2600
2643
2645
2647
2864
2879
2889
2966
2972
2978
3039
3047
3085
3091
3106
3108
3289
3334
3392
3525
3613
3635
3648
3657
3706
3724
3770
4066
4144
4150
4291
4350
4437
4439
4465
4599
4603
4664
4674
4754
4790
4792
5028
5119
5125
5150
5216
5288
5349
5351
5405
5442
5470
5490
5515
5616
5632
5726
5768
5770
5835
5843
5871
5891
5923
5945
5977
6023
6067
6186
6191
6206
6299
6305
6329
6358
6466
6491
6558
6565
6660
6816
6820
6835
6861
6889
7118
7134
7276
7288
7306
7345
7417
7418
7431
7486
7547
7613
7615
7647
7713
7716
7755
7768
7800
7910
7948
8005
8035
8053
8138
8239
8251
8259
8267
8278
8288
8318
8340
8342
8431
8469
8518
8565
8593
8623
8633
8674
8716
8775
8777
8848
8904
9181
9193
9366
9463
9482
9528
9538
9562
9578
9640
9708
9724
9789
9801
9810
9815
9866
9964
9980
9989
10075
10125
10153
10193
10218
10304
10361
10446
10481
10539
10582
10626
10781
10789
10927
10953
11087
11100
11129
11269
11334
11407
11540
11549
11564
11756
11772
11779
11826
11836
11840
11866
11900
11922
11961
12076
12231
12317
12361
12373
12459
12478
12558
12566
12580
12610
12649
12836
12856
12956
12995
13028
13040
13150
13160
13184
13233
13267
13285
13343
13371
13443
13485
13498
13519
13568
13656
13700
13736
13779
13801
13817
13849
13899
13925
13958
14046
14070
14090
14107
14150
14154
14164
14176
14236
14249
14257
14276
14302
14399
14401
14472
14518
14669
14769
14798
14806
14810
14856
14891
14941
15000
15057
15077
15134
15227
15243
15248
15257
15287
15291
15304
15377
15517
15533
15547
15655
15703
15739
15797
15825
16055
16182
16255
16321
16388
16471
16475
16539
16596
16718
16738
16787
16794
16820
16861
16930
16937
16985
16991
17083
17088
17151
17170
17176
17190
17207
17218
17223
17235
17279
17326
17382
17465
17483
17492
17551
17581
17691
17724
17726
17738
17891
17897
17917
17950
18025
18027
18108
18137
18196
18220
18321
18334
18347
18486
18489
18501
18538
18541
18555
18560
18601
18632
18726
18733
18766
18776
18801
18825
18864
18884
18898
18919
18992
19012
19184
19192
19197
19254
19360
19562
19587
19590
19751
19858
19950
20019
20030
20046
20107
20161
20265
20318
20332
20427
20585
20657
20724
20794
20826
20846
20992
21050
21056
21084
21094
21108
21200
21230
21297
21307
21311
21435
21495
21617
21619
21648
21782
21784
21804
22072
22120
22140
22150
22181
22189
22227
22240
22323
22351
22361
22369
22397
22516
22571
22609
22712
22784
22842
22869
22876
22914
23009
23023
23106
23166
23172
23174
23274
23298
23319
23347
23369
23371
23475
23488
23519
23598
23726
23770
23825
23884
23975
24176
24280
24322
24505
24549
24551
24605
24626
24645
24672
24687
24688
24697
24796
25001
25012
25015
25018
25054
25141
25165
25175
25268
25270
25329
25357
25403
25411
25424
25453
25490
25528
25638
25690
25711
25858
25871
25901
25962
26035
26040
26063
26082
26195
26260
26280
26322
26362
26369
26371
26423
26443
26471
26509
26533
26536
26605
26647
26659
26746
26856
26880
26907
27131
27202
27309
27361
27454
27510
27515
27528
27540
27554
27607
27764
27811
27851
27852
27867
27983
28047
28067
28122
28249
28254
28290
28335
28353
28359
28373
28391
28464
28519
28555
28641
28677
28682
28825
28847
28963
29032
29041
29045
29078
29084
29166
29434
29560
29574
29592
29654
29672
29726
29794
29810
29840
29859
29905
29920
30024
30035
30056
30100
30139
30228
30283
30291
30305
30359
30426
30430
30487
30578
30625
30660
30711
30726
30764
30827
30963
31061
31077
31090
31097
31107
31108
31140
31169
31254
31268
31279
31395
31416
31430
31462
31470
31544
31546
31565
31607
31831
31870
31952
31982
32055
32262
32354
32385
32480
32734
32736
32768
32801
32835
32932
33024
33073
33128
33132
33180
33296
33301
33317
33333
33412
33434
33463
33538
33599
33617
33718
33746
33755
33780
33832
33887
33943
33966
33976
33997
34021
34213
34347
34374
34402
34461
34536
34587
34600
34627
34669
34673
34687
34710
34789
34804
34862
34912
34947
34999
35139
35184
35337
35413
35493
35577
35600
35640
35651
35653
35677
35766
35793
35798
35974
36130
36147
36209
36249
36253
36332
36462
36464
36474
36513
36527
36571
36609
36734
36738
36861
36940
36981
37014
37016
37050
37147
37213
37230
37325
37375
37394
37428
37454
37490
37534
37689
37763
37805
37841
37895
38019
38031
38106
38169
38188
38196
38218
38264
38299
38317
38352
38371
38401
38414
38423
38425
38465
38580
38629
38659
38660
38665
38687
38789
38978
39013
39057
39071
39103
39154
39238
39309
39321
39476
39497
39669
39681
39689
39730
39781
39788
39795
39879
39932
39958
40096
40230
40283
40399
40415
40438
40474
40490
40503
40505
40535
40556
40567
40579
40683
40715
40792
40807
40813
40841
40901
40962
41094
41118
41231
41319
41363
41415
41440
41562
41566
41578
41624
41663
41678
41717
41762
41813
41846
41881
41897
41941
41975
41986
41989
42031
42039
42069
42120
42147
42319
42366
42476
42482
42541
42622
42672
42694
42697
42711
42730
42743
42778
42855
42886
42931
42963
43059
43090
43115
43150
43171
43228
43276
43392
43396
43459
43630
43671
43745
43756
43785
43794
44044
44130
44215
44236
44432
44535
44537
44558
44594
44599
44699
44715
44785
44829
44920
44922
44928
44962
45018
45086
45214
45249
45262
45266
45312
45373
45511
45611
45613
45684
45709
45714
45717
45780
46053
46165
46170
46256
46278
46281
46343
46462
46465
46494
46499
46505
46606
46631
46757
46805
46906
46948
47059
47063
47064
47115
47248
47366
47383
47435
47492
47517
47595
47603
47609
47790
47894
47931
48013
48080
48100
48129
48318
48403
48418
48440
48477
48594
48610
48626
48693
48781
48797
48835
48848
48863
48922
48934
48980
48985
49039
49148
49193
49296
49307
49370
49498
49603
49654
49662
49683
49834
49874
49906
49988
49992
50045
50047
50081
50125
50129
50149
50181
50194
50294
50305
50365
50388
50463
50514
50541
50543
50544
50603
50731
50778
50855
50897
50931
50988
50991
51157
51174
51258
51303
51348
51356
51524
51574
51620
51621
51629
51640
51709
51832
51954
51970
52060
52108
52158
52208
52218
52325
52342
52388
52496
52550
52558
52610
52641
52661
52663
52723
52757
52761
52793
52828
52840
52847
52850
52858
52863
52882
52925
52971
52983
53014
53028
53038
53124
53251
53269
53274
53299
53343
53494
53515
53616
53823
53857
53909
53944
53946
54058
54107
54250
54357
54413
54422
54451
54498
54541
54608
54711
54755
54879
54901
55355
55437
55508
55541
55578
55579
55614
55644
55679
55829
55879
55983
56039
56098
56236
56242
56345
56416
56474
56499
56629
56748
56846
56922
56938
56983
56999
57032
57049
57058
57163
57174
57241
57271
57319
57337
57390
57556
57622
57686
57732
57863
57884
58025
58026
58045
58070
58111
58306
58327
58348
58380
58391
58490
58522
58575
58604
58614
58651
58677
58691
58775
58809
58865
58971
58977
59018
59031
59037
59044
59063
59192
59213
59267
59277
59296
59298
59323
59334
59344
59391
59435
59451
59535
59740
59754
59925
59968
59999
60060
60114
60119
60122
60131
60145
60185
60233
60290
60367
60465
60490
60492
60510
60520
60596
60611
60615
60658
60660
60861
60906
60934
60959
61083
61098
61235
61247
61402
61513
61592
61675
61684
61718
61905
62011
62023
62097
62127
62139
62145
62146
62153
62169
62185
62292
62299
62382
62456
62463
62548
62572
62592
62662
62664
62676
62692
62866
62950
63007
63015
63060
63071
63140
63184
63220
63309
63376
63513
63534
63574
63586
63633
63664
63678
63884
63999
64015
64076
64109
64119
64143
64210
64274
64323
64327
64427
64459
64467
64565
64596
64748
64781
64793
64804
64830
64853
64939
65041
65045
65098
65186
65249
65287
65344
65455
65481
65499
65543
65569
65574
65607
65629
65650
65672
65700
65775
65818
65849
65965
65975
65995
66070
66119
66156
66215
66222
66233
66272
66322
66367
66371
66381
66448
66481
66483
66521
66571
66603
66671
66714
66720
66738
66905
66976
66995
66999
67044
67062
67154
67162
67187
67314
67351
67380
67451
67458
67459
67464
67496
67526
67597
67658
67684
67807
67828
67846
67934
68035
68077
68080
68170
68279
68326
68339
68423
68450
68487
68605
68610
68618
68683
68686
68732
68734
68768
68837
68854
68856
68893
68935
68999
69011
69016
69021
69051
69135
69190
69213
69227
69232
69245
69341
69385
69495
69508
69572
69644
69664
69721
69788
69842
69924
69974
70107
70113
70159
70182
70214
70291
70321
70354
70439
70492
70504
70508
70538
70578
70589
70594
70623
70637
70678
70810
70812
70922
70966
70967
71003
71024
71048
71050
71066
71172
71198
71227
71282
71371
71403
71425
71488
71512
71554
71615
71665
71747
71814
71881
71890
71949
71958
72058
72065
72067
72087
72190
72198
72260
72274
72356
72390
72436
72467
72475
72501
72513
72585
72624
72675
72676
72746
72859
72953
72976
73040
73110
73151
73192
73285
73571
73572
73574
73582
73601
73630
73650
73659
73668
73705
73713
73778
73818
73831
73919
73931
73940
73942
73944
73963
74150
74162
74194
74256
74264
74303
74358
74560
74571
74577
74840
74890
74900
74915
74917
74944
74991
75042
75098
75129
75147
75166
75174
75207
75314
75327
75332
75364
75413
75418
75440
75574
75588
75641
75676
75756
75796
75871
75877
75983
76097
76113
76157
76277
76321
76327
76366
76437
76458
76470
76505
76545
76644
76697
76748
76780
76808
76810
76827
76937
76975
76997
77008
77172
77195
77316
77330
77364
77382
77447
77451
77468
77540
77655
77707
77775
77861
78092
78179
78258
78326
78371
78452
78460
78524
78615
78664
78672
78711
78726
78804
78920
79149
79189
79213
79231
79234
79242
79328
79387
79479
79494
79506
79598
79633
79643
79662
79697
79804
79820
79918
79921
79934
80003
80048
80055
80083
80103
80168
80352
80389
80457
80459
80471
80480
80542
80612
80613
80654
80659
80748
80775
80825
80847
80908
80929
81036
81079
81157
81172
81233
81313
81493
81536
81574
81591
81623
81638
81675
81680
81682
81805
81868
81993
82096
82328
82511
82614
82773
82814
82976
83076
83129
83160
83180
83222
83226
83294
83300
83413
83476
83498
83602
83627
83631
83680
83715
83744
83802
83803
83820
83890
84015
84028
84290
84342
84389
84443
84450
84498
84553
84555
84563
84646
84772
84828
84928
84972
84974
85026
85033
85042
85098
85106
85185
85201
85254
85312
85409
85437
85559
85577
85579
85588
85667
85810
85868
85978
86032
86145
86220
86291
86319
86423
86475
86497
86514
86532
86655
86816
86865
87081
87087
87091
87113
87133
87175
87306
87392
87470
87510
87525
87535
87631
87646
87654
87839
87864
87878
88075
88133
88217
88236
88287
88381
88404
88416
88428
88634
88699
88778
88782
88944
88987
89076
89121
89136
89146
89250
89254
89271
89379
89431
89484
89540
89554
89599
89688
89786
89799
89813
89823
89895
89906
90109
90222
90266
90303
90340
90405
90555
90645
90695
90700
90720
90726
90800
90902
90930
90934
90960
91021
91110
91144
91304
91373
91419
91512
91646
91803
91902
92047
92228
92235
92355
92367
92405
92420
92442
92479
92534
92635
92656
92660
92682
92727
92774
92800
92990
93125
93288
93307
93324
93425
93441
93467
93495
93505
93509
93649
93701
93712
93757
93802
93834
93860
93961
94004
94053
94079
94307
94565
94643
94651
94673
94697
94758
94899
94941
95146
95167
95238
95361
95392
95488
95499
95529
95565
95629
95696
95825
95832
95872
96061
96063
96169
96213
96246
96277
96291
96296
96310
96383
96484
96574
96593
96775
96836
96987
97039
97079
97103
97110
97113
97186
97197
97348
97364
97525
97577
97699
97717
97756
97815
97859
97865
97964
97973
97980
97992
98037
98039
98108
98160
98200
98221
98272
98325
98343
98370
98381
98406
98429
98474
98519
98533
98559
98589
98768
98911
99006
99028
99042
99119
99146
99300
99324
99355
99412
99456
99511
99547
99574
99598
99892
99900
99952
99968
100100
100215
100328
100345
100405
100439
100443
100485
100501
100506
100635
100692
100710
100847
100876
100931
100986
101003
101009
101063
101129
101176
101209
101266
101270
101291
101301
101306
101329
101459
101533
101586
101600
101607
101656
101684
101700
101741
101839
101840
101857
101900
102005
102041
102059
102074
102245
102259
102269
102286
102318
102381
102496
102528
102550
102661
102675
102731
102787
102892
102908
102915
102935
102941
103091
103102
103164
103243
103369
103445
103468
103575
103625
103658
103681
103722
103777
103814
103838
103896
104094
104215
104237
104301
104307
104442
104452
104601
104603
104708
104842
104863
104868
104870
104883
104942
104972
105074
105089
105092
105120
105138
105154
105165
105193
105282
105310
105340
105400
105401
105418
105437
105525
105612
105630
105637
105647
105687
105779
105809
105844
105856
105890
105891
105909
105995
106026
106092
106131
106184
106201
106273
106427
106454
106461
106659
106666
106907
106919
106964
106984
107019
107120
107188
107295
107332
107334
107451
107461
107462
107520
107587
107613
107667
107699
107701
107706
107714
107723
107724
107766
107945
107973
107977
107982
107990
108002
108035
108062
108136
108139
108192
108283
108288
108290
108321
108325
108402
108409
108503
108613
108617
108619
108638
108707
108785
108839
108913
108932
109009
109032
109137
109169
109194
109203
109209
109214
109235
109248
109251
109284
109307
109340
109356
109376
109408
109453
109457
109468
109494
109567
109656
109725
109867
109869
109890
109893
109936
109978
110005
110030
110035
110113
110133
110180
110186
110233
110247
110260
110275
110412
110456
110516
110517
110536
110541
110543
110551
110572
110585
110596
110607
110686
110719
110825
110863
110924
110959
111026
111032
111058
111067
111095
111116
111133
111163
111246
111267
111449
111523
111705
111748
111763
111831
111917
112000
112030
112046
112070
112085
112101
112159
112216
112228
112291
112348
112384
112427
112522
112584
112587
112684
112748
112816
112836
112904
113035
113081
113082
113188
113304
113354
113372
113408
113452
113509
113511
113580
113632
113671
113672
113689
113700
113708
113723
113738
113763
113938
113979
113988
114092
114150
114164
114257
114290
114319
114344
114359
114381
114397
114434
114571
114710
114745
114760
114778
114805
114854
114870
114941
114944
114980
114984
115001
115017
115070
115123
115138
115199
115217
115221
115223
115288
115350
115505
115561
115569
115618
115734
116204
116300
116316
116338
116363
116365
116407
116422
116438
116535
116574
116597
116648
116660
116670
116679
117087
117108
117417
117820
117864
117919
118028
118073
118170
118363
118399
118404
118485
118527
118567
118583
118675
118677
118924
119341
119355
119385
119399
119458
119600
119624
119854
120424
120570
120594
120598
120599
120903
120915
121127
121132
121215
121244
121341
121383
121441
121835
121841
122531
122725
123063
123336
123376
123415
123521
123536
123540
123812
123822
124331
124448
125388
125479
125790
125894
126347
126396
126503
126973
127050
127054
127102
127338
127632
128081
128537
128693
128963
129317
129400
129404
129584
129597
129688
129819
130061
130315
130414
130464
130465
130624
130634
130639
130700
130762
130852
131006
131008
131193
131455
131601
131681
131688
131769
132014
132047
132108
132349
132372
132452
132751
133141
133163
134238
134441
135214
135698
137574
137926
137954
137976
138787
139003
139275
139421
139987
140196
140202
140440
140783
141400
141845
141961
142010
142105
142106
142118
142263
142264
142694
142755
142765
143085
143266
143840
143875
143899
144045
144046
144072
144284
144702
144833
144986
145126
145174
145197
145215
145241
145459
145464
145629
145884
145993
146024
146359
146429
147551
147912
148617
148818
149051
149121
149136
149170
149232
149293
149294
149392
149809
150207
150645
150696
150970
151175
151268
151374
151820
151864
152040
152360
152571
152673
152753
152805
152864
152926
152930
152937
152984
153065
153085
153227
153282
153338
153531
153703
153704
153779
154140
154406
154586
154653
154674
154853
154875
154953
154991
155099
155111
155182
155607
155660
155957
156002
156115
156273
156393
156415
156424
156458
156533
156620
156740
156866
156874
156892
157117
157173
157194
157220
157281
157368
157416
157501
157681
157915
158193
158376
158515
158533
159313
159443
159508
159667
160101
160240
160443
160559
160560
160697
160763
160923
161097
161114
161171
161287
161520
161586
162018
162195
162887
162924
163191
163330
163340
163342
163512
163514
163528
164058
164114
164280
164326
164407
164650
165058
165824
165993
166088
166406
166430
166567
166575
166778
166968
167019
167298
167335
167404
167573
167750
167786
167794
167864
167944
167978
168595
168597
168724
168805
169220
169962
170358
170391
170596
170747
171010
171224
171225
172413
172705
172893
173578
174046
174069
174107
174157
174291
174298
174400
174423
174425
174448
174515
174521
174523
174529
174541
174635
174652
174657
174715
174722
174733
174736
174766
174797
174809
174813
174847
174870
174901
174904
174913
174922
174975
175172
175205
175217
175262
175312
175337
175392
175429
175465
175524
175527
175558
175569
175619
175623
175640
175775
177300
177611
177652
177653
177710
177715
177793
177815
177945
177984
178148
178153
178168
178277
178286
178350
178381
178383
178470
178474
178614
178932
178972
179162
179190
179684
180021
180100
180458
180510
180693
180723
180737
180786
180873
181199
181243
181593
181870
181933
182006
182209
182213
182712
183200
183253
183301
183644
183721
183871
183972
184147
184149
184288
184315
184507
184601
184627
185371
185421
185444
185507
185694
186091
186127
186166
186227
186235
186291
186320
186321
186327
186332
186362
186419
186429
186459
186473
186494
186499
186534
186541
186543
186582
186584
186602
186618
186620
186830
187206
187290
187471
187554
187646
187652
187919
187938
188142
189075
189086
189149
189981
190076
190254
190265
190322
190324
190337
190502
190504
190582
190598
190610
190621
190686
190716
190749
191097
191278
191419
191427
191434
191442
191473
191481
192056
192121
192811
192830
192842
193371
193782
193804
194370
194380
194412
194486
194730
194733
194895
195690
195717
196144
196645
196789
196971
197399
198025
198044
198326
198576
198859
198938
199123
199462
199487
199503
199522
199549
200280
200282
200300
200418
200423
200451
200718
201131
201292
201414
201466
201515
201711
201729
201840
201982
202045
202070
202082
202123
202932
203565
203607
203913
204025
204040
204133
204246
204501
204549
204633
204891
205099
205142
205502
205826
205863
205975
207277
208001
208115
208144
208401
209239
210217
210514
210518
210611
211222
211398
212097
212128
212393
212424
213469
213470
213783
213952
214837
215036
215318
215675
216225
216312
216506
216755
217379
217653
217684
218265
218352
218353
219029
220099
221138
222191
222374
222508
222520
222535
223178
223745
223834
225258
225589
225701
225719
225779
226015
226096
226134
226200
226369
226448
226494
226538
226577
226614
226813
226865
226891
226900
226913
226920
226925
226931
226958
226993
227019
227087
227094
227104
227127
227142
227146
227147
227165
227170
227242
227412
227441
227646
227879
227901
227910
227914
227918
228004
228008
228076
228091
228101
228126
228152
228159
228195
228282
228347
228364
228393
228398
228463
228528
228547
228608
228609
228615
228616
228631
228650
228677
228894
228898
229105
229136
229257
229409
229609
229765
229797
229802
229808
229856
229973
230195
230225
230229
230296
230306
231157
232337
232349
232678
232871
232893
235141
235613
235690
235725
236583
236811
237162
237315
237404
237621
239677
239683
239709
239799
239801
239809
239819
239827
239844
240671
241370
241419
241420
242214
242235
242396
242672
242711
242767
242894
242943
243054
243102
243530
243728
243780
243800
243997
244194
244686
244782
244799
244887
244918
244929
244950
244963
245473
245779
246475
246535
246573
246708
246743
246912
246955
247213
247943
247983
248136
248538
248652
249400
249497
249600
249808
250221
250282
250395
250481
251466
251481
251503
251727
252051
252147
253325
253328
253756
253771
253978
253988
253989
254110
254411
254484
254503
254514
254895
255147
256165
256254
256536
256573
257092
257200
257470
257560
257702
257828
259544
259650
259701
259850
260068
260364
261592
261600
262715
262850
262881
263018
263183
263228
263300
263308
263547
263630
263661
263685
263950
264325
264389
264633
264770
265068
265124
265259
265329
265395
265405
265475
265519
265679
265843
265952
266113
266159
266547
266957
267012
267137
267159
267184
267210
267317
267373
267374
267391
267461
267497
267838
267967
267978
268200
268387
268579
268620
268646
268721
269260
269416
269580
270404
270501
270596
271222
271234
271341
271360
271662
271709
271740
271789
271799
272055
272302
272449
272475
272546
272639
272737
272802
272864
272867
272881
273030
273046
273047
273269
273272
273319
273355
273453
273467
273592
273718
273757
273861
273968
273971
274025
274028
276199
276337
276426
276469
276494
276514
276574
277192
277586
277923
278365
278382
278415
278697
278762
278867
279131
279257
279258
279360
280257
280399
280602
280958
281420
281508
281522
282090
282228
282233
282238
282346
282452
282765
283287
283392
283597
283651
283872
283962
283978
284056
284705
284889
285849
286192
286748
286796
286872
286898
286920
286949
286988
287152
287229
287238
287315
287360
287550
287629
287636
287670
287768
287799
287804
287814
287849
287974
288171
288236
288307
288368
288803
288944
289182
289183
289233
289251
289252
289273
289513
289606
289650
289793
289841
289892
289896
289928
290146
290369
290384
290464
290465
291638
291990
291992
292052
292069
292162
292177
292192
292203
292205
292214
292234
292303
292551
292586
292647
292653
292938
293074
293124
293187
293633
293695
293911
294038
294233
294311
294381
294593
294670
294706
294774
294836
296060
296660
296831
296833
296870
296904
296907
297005
297344
297381
297515
298159
298413
298694
298700
298790
298858
298874
298940
299032
299048
299264
299650
299804
299848
299963
300179
300263
300401
300409
300414
300416
300703
300716
300723
300846
300926
300963
301065
301100
301219
301288
301296
301922
302098
302264
302505
302552
302737
304067
304377
304389
304805
304856
305379
305437
305961
306011
306032
306163
306418
306874
306914
306972
307023
307274
307456
307618
308509
308569
309009
309019
309103
309158
309339
309375
309431
309745
309952
309954
310633
310733
310921
311089
311431
312560
313878
314577
314710
314729
315128
315129
315283
315509
315529
315611
316132
316140
316215
316845
316857
316987
316988
317200
317301
317384
317435
317464
317599
317601
317623
317743
317784
317924
317927
317982
318143
318219
318245
318302
318560
318861
319017
319136
319444
319480
319503
319721
319802
319910
320061
320140
320429
320446
320584
320729
320732
320896
320899
320929
321006
321588
321594
321642
321725
322010
322135
322681
322744
322762
322931
323118
323213
323333
323408
323558
323572
323581
323654
323682
323761
323763
323793
323814
324092
324096
324151
324154
324174
324180
324407
324480
324775
324797
324886
325296
325306
325550
325593
325613
326003
326026
326223
326281
326456
326474
326522
326585
326654
326956
327236
327703
327782
327806
327809
328009
328156
328311
328430
328468
328690
328695
328766
329603
329677
329701
329959
330058
330271
330970
331613
331646
331728
331902
331943
332559
332566
332571
333282
333537
333747
333762
333813
333859
334106
334450
334722
334876
334882
334921
334931
335536
335551
335552
335635
335648
335714
335732
335741
336131
336190
336191
336233
336323
336610
337100
337158
337266
337312
337938
338478
338642
338651
338668
338679
338681
338685
338691
339074
339088
339203
339359
339457
339532
339744
340027
340032
340345
340411
341073
341126
341128
341169
341179
341206
341469
342676
342858
343068
343326
343668
343669
343701
343726
343800
343801
343867
343924
344048
344344
344345
344378
344863
344903
345329
345384
345385
345534
346416
346419
346584
346808
346829
346907
347738
347854
348196
348221
348538
348604
348769
348843
348858
349104
349106
349233
349416
349470
349478
349578
349586
349617
349660
349665
349707
349941
349963
350144
350353
350425
350429
350692
350757
351007
351428
351438
351499
351501
351776
351818
351823
351840
351860
351882
352007
352028
352315
352331
352791
352846
353039
353402
353505
353557
353618
353645
353673
353675
353678
353680
353800
353804
353920
353970
354194
354230
354261
354384
354386
354401
354520
354661
354662
355019
355025
355446
356176
356664
356771
356786
357129
357168
357214
357398
357588
357666
357863
358001
358271
358323
358846
359710
360353
360665
361057
361542
361890
362017
362132
362224
362298
362326
362400
362413
362514
362612
362638
362651
362797
362820
363004
363008
363051
363054
363059
363136
363345
363373
363379
363568
363815
363841
363960
363961
364175
364292
364447
364633
364638
364934
365210
365212
365433
365437
365750
365840
366292
366555
366568
366583
366610
366611
366658
366688
367015
367262
367297
367477
367516
367801
367877
367886
367912
367924
367954
368345
368838
368954
368987
368996
369002
369011
369111
369181
369259
369262
369264
369269
369313
369327
369390
369453
369576
369785
369885
370104
370192
370204
370232
370271
370273
370326
370642
370668
370953
371019
371192
371400
371572
371622
371624
371672
371677
371761
371825
371906
371937
371947
372553
372590
372661
372720
372743
372790
372824
372905
372908
373530
373601
373627
374012
374024
374132
374147
374186
374251
374552
374660
374696
374713
374779
374838
374873
374909
374913
374982
375026
375028
375099
375190
375290
375312
375331
375553
375912
375920
375959
376179
376327
376517
376530
376612
376621
376628
376717
376751
376765
376799
376830
377059
377096
377102
377139
377162
377179
377183
377204
377259
377325
377367
377409
377459
377470
377495
377512
377541
377559
377605
377625
377744
377752
377768
377835
377839
378094
378244
378480
378814
379189
379248
379334
379716
379778
379833
379885
379990
380000
380109
380296
380681
380716
380751
380918
380950
381036
381871
381881
382196
382578
382657
382696
383114
383225
383295
383348
383356
383372
383420
383555
383569
383585
383633
383661
383686
384011
384059
384069
384153
384154
384217
384295
384320
384329
384385
384434
384639
384979
385153
385342
385449
385867
386143
386194
386529
386803
386835
386865
386878
386904
386923
386963
387019
387144
387295
387428
387615
387630
387634
387889
387983
388062
388178
388188
388307
388367
388373
388470
388531
388562
388578
388593
388630
388776
388784
388953
389110
389121
389126
389128
389327
389366
389460
389511
389652
389697
389701
389715
389753
389841
389875
389972
390067
390087
390113
390131
390472
390518
390537
390554
390556
390798
390932
390937
391095
391257
391307
391319
391372
391688
391800
391911
391934
392158
392278
392292
392395
392422
392458
392510
392521
392563
392603
392607
392845
392882
392915
392940
392955
392977
393040
393170
393240
393279
393325
393350
393375
393384
393398
393476
393570
393588
393607
393624
393677
393678
393885
393886
393922
393928
393951
393963
394075
394080
394088
394094
394141
394157
394161
394162
394206
394266
394333
394353
394460
394555
394777
395008
395135
395144
395202
395227
395276
395302
395304
395322
395358
395430
395466
395472
395474
395553
395601
395683
395685
395708
395754
395778
395787
395875
395946
396061
396087
396101
396196
396209
396243
396249
396348
396424
396429
396431
396478
396724
396757
396779
396801
397271
397312
397508
397563
397569
397632
397866
398080
398183
398191
398198
399010
399062
399163
399248
399282
399347
399817
399853
400098
400204
400386
400678
400722
400754
400808
401003
401124
401415
401597
402059
402201
402252
402386
402584
403437
404500
405055
405212
405461
405493
405660
405670
405701
406084
406132
406148
406249
406301
406324
406325
406365
406450
406692
406792
406938
406950
406957
407003
407141
407217
407253
407605
407775
407978
408043
408047
408219
408501
408536
408591
408615
408649
408773
408817
408900
408914
409040
409183
409331
409350
409369
409454
409467
409476
409656
410051
410230
410275
410335
410344
410369
410476
410477
410534
410560
410633
410655
410669
410676
410685
410687
410703
410709
410777
410784
411144
411169
411212
411617
411642
411716
411847
411974
412111
412198
412782
412970
413931
414983
414986
415437
415654
416059
416149
416570
416573
416622
416712
416724
416785
416931
418415
418516
418577
418731
418736
418914
419232
419252
419273
419546
419637
419847
419848
420982
421043
421064
421074
421134
421154
421235
421249
421300
421302
421314
421411
421474
421517
421541
421603
421610
421616
421654
421671
421701
421772
421799
421871
421883
421894
421910
421915
421938
421943
421965
421974
421994
423878
423883
423933
423989
424164
424503
425669
425918
425923
427357
428133
428515
429192
429671
430129
430219
430452
430463
430471
431201
431623
431626
431679
431943
432138
432314
433063
433811
433823
433832
433834
433841
433857
433921
433938
433949
433975
434014
434038
434087
434126
434150
434287
434531
434804
434868
434929
434966
435001
435067
435192
435238
435245
435271
435315
435372
435379
435646
435804
435807
435808
435849
435905
435922
436104
436145
436302
436309
436320
436470
436491
436533
436534
436540
436608
436650
436957
436968
437424
437455
437773
437776
437782
437803
437901
437922
437931
438006
