6
43
191
195
199
228
260
312
358
457
563
570
579
585
699
731
930
967
1031
1035
1078
1128
1164
1251
1274
1306
1347
1415
1467
1570
1582
1756
1762
1829
1864
1980
2103
2153
2163
2171
2293
2294
2404
2412
2477
2515
2537
2544
2548
2580
2727
2804
3015
3039
3110
3172
3228
3256
3365
3418
3443
3463
3481
3501
3505
3507
3573
3611
3671
3836
3966
4029
4033
4062
4210
4235
4274
4299
4353
4411
4546
4548
4553
4631
4729
4810
4846
4895
4901
4915
5008
5050
5063
5065
5114
5167
5251
5294
5303
5391
5455
5562
5588
5674
5744
5770
5847
5875
5881
6063
6113
6166
6195
6279
6291
6391
6565
6682
6828
6845
6852
6870
6926
7112
7148
7165
7239
7313
7321
7349
7366
7374
7383
7411
7617
7673
7714
7730
7808
7810
7823
7870
8091
8274
8340
8463
8473
8484
8678
8737
8916
9026
9236
9248
9272
9379
9395
9434
9475
9568
9582
9638
9692
9720
9841
9935
10044
10057
10062
10081
10214
10271
10347
10369
10414
10426
10492
10599
10651
10657
10677
10777
10931
11035
11037
11042
11083
11139
11187
11193
11246
11269
11294
11311
11426
11521
11534
11609
11680
11706
11713
11751
11826
11891
11899
11955
11977
12089
12105
12106
12181
12219
12271
12345
12383
12438
12457
12467
12576
12594
12672
12810
12823
12832
12862
12869
12903
12923
12967
13005
13007
13022
13067
13230
13259
13297
13477
13502
13552
13640
13702
13768
13892
14014
14126
14161
14191
14304
14306
14348
14389
14435
14469
14481
14595
14656
14669
14671
14699
14708
14737
14852
14886
14891
14922
14941
14942
14973
15081
15161
15304
15382
15529
15544
15593
15659
15805
15870
15916
15920
15948
16066
16126
16144
16166
16211
16286
16326
16368
16384
16397
16427
16524
16559
16649
16715
16725
16774
16814
16820
16852
16983
17022
17026
17056
17065
17102
17109
17117
17123
17158
17192
17252
17303
17328
17359
17368
17390
17434
17436
17518
17620
17743
17778
17819
18222
18254
18274
18501
18546
18551
18583
18609
18687
18763
18821
18879
18982
18988
19015
19035
19287
19293
19374
19474
19489
19497
19518
19570
19571
19600
19667
19767
19888
19911
19936
20048
20083
20132
20177
20207
20282
20332
20386
20398
20440
20469
20554
20558
20587
20665
20982
21004
21010
21070
21149
21153
21161
21169
21171
21202
21266
21352
21401
21427
21455
21461
21485
21496
21540
21547
21625
21656
21729
21737
21892
21895
21919
21941
21958
21984
22060
22094
22114
22123
22143
22145
22224
22348
22375
22413
22429
22474
22529
22540
22574
22788
22799
22833
22929
23014
23162
23216
23227
23293
23318
23393
23439
23441
23445
23467
23469
23584
23669
23725
23740
23811
23829
23857
23860
23882
23948
24010
24012
24023
24032
24078
24086
24096
24230
24269
24284
24320
24493
24586
24600
24633
24713
24722
24774
24951
24970
24987
25157
25173
25247
25306
25368
25471
25530
25536
25544
25574
25630
25652
25740
25754
25814
25858
25917
25977
25987
26001
26025
26043
26059
26069
26088
26132
26212
26383
26426
26489
26515
26567
26585
26607
26620
26635
26679
26721
26846
26892
26899
27026
27145
27334
27399
27407
27419
27498
27536
27568
27726
27745
27768
27842
27855
27874
27962
28015
28019
28038
28119
28322
28332
28341
28342
28377
28383
28403
28427
28526
28553
28569
28599
28614
28622
28741
28831
28953
28988
29058
29064
29124
29144
29150
29152
29227
29231
29257
29315
29340
29344
29356
29384
29386
29387
29528
29648
29816
29834
29844
29885
29932
29976
29986
30023
30060
30165
30175
30188
30230
30261
30289
30311
30319
30397
30432
30500
30536
30590
30656
30878
30881
30888
30890
30891
30923
30966
30969
30976
31035
31040
31047
31050
31061
31062
31095
31122
31209
31226
31232
31262
31275
31292
31299
31398
31441
31582
31600
31690
31819
31845
31892
31939
31941
31980
32062
32067
32068
32127
32223
32247
32266
32401
32463
32469
32517
32565
32678
32785
32807
32835
32910
32992
32999
33028
33105
33175
33188
33196
33279
33353
33428
33438
33456
33471
33493
33677
33703
33776
33823
33979
34007
34014
34030
34043
34046
34056
34067
34166
34170
34233
34236
34256
34355
34385
34438
34450
34522
34524
34541
34714
34874
34947
34949
35035
35079
35119
35168
35176
35228
35273
35355
35357
35361
35407
35483
35496
35614
35634
35724
35756
35767
35833
35880
35926
36007
36048
36141
36168
36225
36263
36287
36297
36309
36358
36426
36438
36470
36676
36810
36818
36929
36939
36952
37020
37026
37032
37076
37080
37341
37371
37381
37547
37561
37579
37589
37591
37609
37737
37763
37905
38042
38190
38290
38347
38421
38445
38800
38827
38918
38922
38929
38946
38977
38991
39020
39045
39166
39259
39267
39269
39293
39340
39380
39461
39494
39571
39609
39633
39789
39835
39849
39898
39920
39930
40008
40057
40084
40085
40184
40189
40263
40285
40286
40309
40339
40387
40398
40432
40448
40475
40510
40535
40539
40587
40619
40721
40879
40944
41126
41185
41243
41255
41326
41422
41469
41478
41715
41724
41745
41756
41792
41912
41945
42010
42183
42254
42319
42327
42364
42376
42409
42446
42458
42493
42659
42689
42694
42836
42857
42870
42930
42949
42981
43016
43126
43187
43244
43430
43482
43496
43526
43651
43676
43701
43731
43768
43775
43812
43908
43909
43966
44006
44014
44086
44120
44154
44185
44198
44201
44203
44295
44344
44388
44461
44558
44631
44662
44667
44710
44718
44781
44829
44841
44881
44895
45086
45130
45157
45287
45308
45361
45395
45427
45531
45583
45609
45618
45622
45774
45801
45825
45837
45889
46006
46026
46085
46165
46205
46317
46477
46490
46491
46628
46659
46675
46730
46731
46733
46746
46749
46769
46785
46862
47003
47073
47105
47222
47235
47242
47364
47379
47388
47419
47425
47495
47519
47708
47791
47793
47835
47847
47885
47925
47935
48029
48043
48063
48158
48299
48356
48440
48446
48457
48479
48515
48516
48522
48562
48614
48665
48711
48721
48744
48789
48801
48855
48924
48999
49005
49013
49276
49308
49469
49532
49546
49567
49569
49616
49689
49824
49859
49894
49935
49954
49986
49993
50029
50034
50204
50266
50284
50309
50336
50340
50388
50417
50443
50518
50529
50559
50583
50662
50853
50913
50951
50968
51013
51054
51055
51075
51133
51141
51276
51490
51516
51540
51554
51627
51646
51735
51775
51809
51823
51909
51957
52038
52236
52327
52370
52399
52425
52434
52436
52446
52454
52457
52475
52587
52618
52735
52742
52842
52932
52952
52977
53044
53045
53080
53151
53180
53191
53198
53261
53283
53343
53374
53408
53476
53535
53620
53670
53686
53687
53725
53966
54060
54222
54273
54281
54383
54492
54537
54596
54615
54775
54809
54878
54921
54947
54996
55005
55030
55079
55113
55117
55196
55256
55258
55283
55289
55297
55321
55449
55478
55500
55503
55533
55657
55708
55724
55791
55800
55907
55915
56013
56045
56074
56167
56224
56281
56361
56386
56416
56462
56470
56565
56587
56665
56759
56791
56809
56815
56947
56999
57015
57017
57037
57079
57109
57110
57138
57180
57203
57227
57305
57357
57377
57525
57529
57574
57599
57648
57718
57724
57805
57836
57872
57991
57997
58008
58040
58058
58065
58073
58099
58135
58137
58139
58184
58189
58217
58294
58333
58343
58373
58410
58559
58628
58695
58766
58823
58866
58951
59006
59018
59123
59125
59146
59186
59224
59275
59276
59349
59355
59377
59414
59542
59553
59704
59832
59906
59912
59989
59994
60006
60010
60019
60022
60027
60153
60227
60290
60293
60299
60332
60333
60399
60417
60465
60566
60604
60660
60668
60678
60704
60753
60763
60791
60805
60825
60896
60898
60968
60992
61088
61091
61207
61265
61430
61464
61474
61530
61639
61656
61772
61809
61811
61826
61863
61886
61897
61933
61975
62043
62091
62122
62148
62240
62441
62463
62511
62516
62530
62626
62637
62674
62693
62852
62864
62944
62983
63000
63029
63066
63105
63171
63191
63292
63360
63368
63419
63424
63468
63565
63596
63697
63961
64009
64027
64161
64164
64166
64193
64270
64581
64594
64612
64624
64630
64715
64799
64826
64845
64851
64990
65021
65154
65219
65341
65342
65439
65467
65483
65565
65576
65585
65629
65716
65726
65826
65869
65894
65942
65948
65954
66002
66127
66300
66302
66341
66492
66503
66659
66673
66692
66712
66728
66744
66973
66977
67001
67038
67070
67137
67231
67269
67292
67306
67318
67376
67386
67396
67443
67492
67590
67601
67610
67719
67805
67815
67844
67988
68002
68054
68065
68116
68156
68285
68338
68373
68419
68478
68496
68538
68703
68811
68822
68848
68864
68892
68955
69023
69028
69040
69058
69071
69077
69178
69210
69273
69307
69327
69343
69439
69467
69479
69506
69614
69680
69958
69970
69976
70046
70058
70066
70107
70136
70179
70227
70339
70387
70415
70416
70484
70496
70534
70610
70611
70614
70623
70654
70706
70801
70814
71006
71063
71129
71221
71235
71237
71267
71269
71312
71318
71333
71337
71397
71556
71585
71919
71956
71978
71986
72112
72128
72131
72158
72333
72347
72355
72389
72420
72479
72497
72540
72564
72574
72610
72651
72915
72919
73002
73006
73031
73084
73150
73236
73338
73350
73407
73435
73470
73517
73535
73588
73596
73820
73882
73951
73979
74071
74095
74258
74299
74311
74361
74440
74447
74523
74581
74600
74697
74716
74717
74745
74879
74907
75017
75045
75082
75086
75182
75230
75413
75447
75462
75510
75518
75547
75752
75754
75766
75867
75875
75895
75907
75966
75988
75994
76014
76021
76128
76248
76267
76335
76465
76503
76537
76695
76704
76748
76780
76941
77042
77060
77170
77214
77224
77322
77324
77356
77404
77422
77552
77654
77691
77747
77825
77962
78000
78019
78107
78186
78391
78397
78408
78436
78440
78470
78479
78796
78807
78849
78855
78876
78916
78980
79072
79078
79169
79213
79308
79322
79477
79510
79693
79717
79721
79723
79786
79797
79819
79834
79844
79857
79997
80091
80116
80139
80149
80152
80575
80590
80593
80705
80715
80790
80796
80859
80891
80892
80904
80962
80964
80987
81016
81050
81062
81094
81112
81174
81249
81273
81275
81279
81281
81295
81313
81336
81368
81435
81503
81556
81569
81575
81597
81607
81805
81849
81947
82005
82049
82059
82064
82120
82232
82242
82277
82290
82331
82350
82373
82400
82419
82466
82470
82501
82503
82563
82620
82625
82676
82686
82803
82896
82920
82939
82953
82969
83009
83094
83203
83205
83266
83276
83294
83362
83452
83460
83550
83594
83631
83750
83811
83923
83925
83948
83974
84047
84051
84063
84203
84294
84339
84385
84395
84416
84446
84454
84602
84612
84672
84684
84713
84719
84767
84787
84797
84924
85157
85185
85437
85515
85521
85537
85575
85590
85653
85860
85936
85938
85958
85972
86100
86175
86337
86483
86514
86563
86629
86650
86691
86743
86795
86805
86809
86848
86883
87035
87101
87107
87119
87179
87228
87303
87462
87509
87602
87728
87764
87784
87794
87831
87835
87848
87932
87964
88046
88162
88241
88248
88293
88301
88311
88385
88398
88598
88615
88661
88693
88702
88708
88776
88818
88890
88914
88948
89030
89044
89140
89191
89205
89256
89262
89356
89537
89560
89613
89641
89643
89741
89834
89836
89878
89997
90162
90190
90270
90284
90375
90377
90385
90517
90531
90722
90878
90967
91017
91104
91112
91161
91186
91250
91387
91434
91737
91765
91815
91819
91865
91926
91928
91950
91956
92013
92025
92026
92062
92064
92145
92366
92375
92405
92439
92485
92563
92583
92635
92658
92749
92934
92977
92991
93075
93234
93287
93370
93439
93481
93597
93678
93701
93769
93809
93866
93895
93909
93932
93953
94011
94036
94049
94142
94213
94255
94277
94320
94410
94438
94441
94448
94491
94494
94500
94543
94596
94688
94747
94752
94779
94833
94863
94864
94866
94960
95059
95088
95094
95100
95136
95279
95355
95373
95401
95409
95428
95515
95545
95639
95669
95680
95682
95688
95719
95767
95788
95928
96125
96322
96343
96401
96516
96595
96688
96731
96761
96948
96994
96995
97127
97130
97175
97197
97236
97263
97266
97288
97401
97404
97522
97567
97583
97585
97597
97692
97724
97829
97875
97992
98001
98170
98200
98312
98382
98398
98451
98497
98504
98549
98612
98685
98730
98762
98877
98883
98917
98976
99030
99064
99135
99214
99254
99282
99394
99397
99472
99489
99563
99637
99739
99868
99918
99970
99988
100086
100128
100180
100401
100413
100531
100542
100570
100633
100726
100780
100807
100821
100961
101016
101096
101152
101221
101233
101291
101301
101622
101656
101694
101736
101746
101772
101861
101863
101888
101902
101940
101952
101994
102029
102072
102173
102193
102267
102323
102332
102391
102494
102723
102829
102830
102889
102895
103039
103121
103133
103162
103185
103205
103300
103326
103428
103495
103513
103522
103542
103585
103658
103745
103816
103878
103959
103988
104094
104165
104210
104319
104333
104396
104426
104458
104503
104658
104706
104708
104785
104818
104822
104833
104870
104982
105030
105122
105170
105173
105213
105250
105322
105496
105758
105875
105955
105968
106014
106023
106047
106210
106351
106391
106424
106430
106445
106454
106456
106487
106562
106604
106658
106691
106697
106704
106751
106776
106799
106804
106932
106937
106979
107005
107089
107135
107170
107186
107245
107269
107391
107416
107455
107468
107500
107504
107513
107662
107703
107725
107737
107759
107774
107792
107821
107873
107914
107925
107930
107945
108047
108212
108335
108344
108393
108394
108402
108412
108497
108510
108544
108558
108559
108617
108640
108644
108786
108809
108850
108856
108894
108928
108935
108943
108964
108966
109106
109167
109173
109191
109262
109311
109339
109363
109447
109499
109560
109624
109642
109701
109717
109743
109867
109895
109936
109956
109980
110079
110103
110105
110282
110304
110316
110440
110452
110475
110485
110498
110525
110561
110598
110643
110719
110737
110784
110903
110929
111049
111055
111074
111145
111158
111238
111299
111391
111486
111515
111519
111622
111636
111745
111892
111947
111967
112002
112091
112132
112133
112146
112186
112200
112201
112223
112256
112261
112272
112301
112306
112393
112470
112495
112517
112546
112662
112724
112763
112780
112844
112903
112922
113081
113099
113324
113390
113392
113423
113476
113608
113619
113628
113674
113767
113800
113851
113861
113864
114051
114052
114106
114127
114390
114473
114492
114507
114659
114719
114786
114886
115007
115037
115452
115476
115498
115586
115729
115736
115760
115773
115988
116088
116096
116203
116349
116356
116374
116384
116416
116428
116496
116505
116552
116553
116589
116630
116634
116667
116696
116763
116995
117017
117111
117249
117387
117424
117785
117823
117831
118124
118133
118156
118170
118183
118187
118204
118212
118267
118407
118453
118977
119059
119126
119190
119261
119383
119402
119452
119514
119687
119904
120116
120213
120221
120229
120302
120394
120543
120806
120856
120966
120999
121138
121331
121349
121463
121762
121907
121985
122047
122194
122722
123398
123477
123745
124041
124085
124228
125114
125309
125344
125883
125910
126073
126096
126115
126503
126605
126986
127705
127878
128354
128563
128669
128734
128940
128990
129002
129646
129665
129703
130008
130020
130066
130067
130129
130221
130438
130459
130588
130656
130676
130707
130821
130850
130885
131004
131066
131184
131301
131304
131343
131443
131453
131548
131740
131865
131989
131990
132033
132047
132097
132127
132135
132137
132327
132476
133023
133077
133087
133135
133820
133872
133905
134044
134610
134899
134966
135580
135631
137140
137441
137580
137606
137785
137955
138234
138478
138789
138848
139726
139828
140043
140195
140854
141213
141611
141764
141843
142132
142425
142584
142868
143027
143423
143485
143574
143882
144128
144374
144497
144632
144893
144976
145098
145102
145121
145134
145146
145214
145299
145351
145511
145621
145715
145780
145878
145918
145942
146024
146026
146088
146115
146143
146530
146712
146826
147128
147266
147495
147607
147916
147949
148016
148091
148133
148138
148211
148245
148285
148359
149764
149970
150181
150381
150415
150618
150705
151488
151882
151944
152065
152162
152771
152853
152936
152950
152954
153484
153704
153785
154119
154599
154866
154896
154926
154927
155129
155139
155333
155737
155740
155771
155876
155907
156217
156218
156320
156503
156615
156638
156749
156751
156828
156853
156938
157228
157373
157439
157455
157477
157484
157500
157501
157591
157636
157677
157763
157769
157829
157915
157917
157972
158158
158181
158497
158521
158561
158579
158739
158780
158786
158980
158984
159092
159111
159153
159184
159193
159498
159518
159924
159931
159996
160032
160416
160558
160716
160745
160757
160808
160945
161009
161106
161107
161160
161174
161306
161940
161998
162007
162521
162807
163030
163173
163188
163332
163333
163345
163364
163376
163522
163528
163710
163711
164379
164457
164760
165432
165459
165662
165722
165829
165830
165866
165976
165977
166073
166078
166080
166435
166532
166615
166914
167028
167161
167354
167406
167511
167701
167785
167793
167916
168389
168403
168596
168614
169165
169262
169538
169629
169843
169961
170641
170749
171021
171217
171282
171916
172369
172686
172693
173442
174107
174231
174401
174463
174470
174480
174547
174549
174635
174640
174720
174771
174819
174840
174861
174912
174927
174941
174948
175001
175004
175015
175134
175140
175174
175201
175236
175249
175304
175340
175346
175370
175414
175454
175474
175533
175586
175639
177600
177780
177807
177813
177831
177840
177932
178001
178032
178189
178384
178475
178509
178515
178583
179027
179055
179065
179114
179164
179331
179336
179409
179680
179708
179722
179745
179795
180191
180224
180277
180512
180514
180709
180720
180734
180756
180765
181174
181200
181338
181919
182289
182320
183358
183374
183407
183471
183730
183871
183956
183957
184147
184200
184288
184521
184528
184549
184603
184714
184716
184931
185281
185302
185324
185337
185403
185414
185472
185473
185499
185735
185750
186027
186123
186218
186285
186333
186344
186437
186517
186532
186553
186564
186635
186674
186760
187087
187096
187278
187616
187765
187781
187868
188859
189156
189259
189724
190151
190331
190467
190582
190612
190689
190991
191001
191018
191056
191066
191134
191200
191254
191278
191379
191401
191450
191505
191560
192397
192412
192818
192972
193038
193062
193088
193096
193311
193718
193724
193731
193732
193825
193941
193971
194086
194264
194278
194293
194538
194714
194729
194929
194953
195696
195706
195715
195721
196078
196678
197040
197150
197171
197173
197188
197283
197401
197448
197966
198063
198172
198296
198326
198362
198414
198417
198522
198559
198631
198719
198725
198762
199026
199074
199099
199240
199244
199407
199475
199538
199550
199950
200289
200457
200642
200735
201251
201407
201465
201473
201507
201549
201564
201785
202239
202400
202550
203072
203309
203400
203480
203597
203599
203719
203999
204110
204294
204416
204617
204995
205104
205121
205125
205214
205450
205742
205761
206125
206353
206464
206818
207085
207112
208002
208033
208109
208127
208221
208406
208488
208549
209045
209196
209348
210080
210398
210421
211398
211649
211981
212793
213015
213491
214915
216024
217956
218266
218763
218766
219311
219712
220275
220623
220823
221421
222541
222801
222803
222804
222870
222882
223463
223530
224230
224282
225604
225632
225712
225838
225922
225930
225968
226360
226406
226572
226578
226606
226835
226963
227008
227084
227092
227093
227117
227131
227134
227168
227189
227245
227246
227251
227348
227374
227401
227428
227465
227498
227593
227731
227826
227954
227979
228001
228036
228045
228091
228131
228134
228179
228266
228330
228331
228340
228405
228426
228537
228539
228588
228622
228631
228652
228693
228719
228750
228934
229124
229142
229204
229228
229359
229382
229672
229699
229723
229724
229738
229755
229857
229862
229943
229993
229997
230201
231124
231138
231164
231755
231991
232337
233516
235121
235287
236624
236845
237500
237687
237887
239719
239814
239903
240005
240028
240126
240143
240198
240803
241452
241554
241732
242395
242465
242551
242613
242655
242675
242911
242929
242949
242975
242988
243083
243255
243306
243347
243433
243656
243706
243728
244010
244032
244214
244794
245154
246304
246337
246469
246575
246598
246671
246680
246708
246745
246767
247330
248467
248539
248846
248882
248885
249245
249349
249387
249856
250261
250384
250412
250472
250637
250728
251056
251503
251571
251942
252812
253179
253286
253325
253675
253927
254032
254155
254182
255138
255801
255848
255897
256324
256856
257274
257478
257944
258285
258849
259634
260021
260042
260413
261693
261916
262386
262418
262454
262716
263225
263237
263283
263492
263502
263553
263936
263952
264107
264199
264269
264385
264431
264722
264731
265070
265074
265254
265255
265333
265411
265845
266041
266047
266301
266426
267036
267167
267273
267317
267421
267579
267829
267921
268490
268600
268612
269195
269237
269248
269604
269694
269735
269797
270247
270310
270465
270485
270503
270538
270677
271287
271379
271542
271570
271730
271901
271920
271936
272003
272713
272876
272976
272994
273036
273059
273330
273465
273498
273505
273539
273635
273671
273677
273745
273835
273876
273966
274078
274161
276506
276515
276663
276681
276919
277114
277119
277329
277760
277788
278673
278675
278697
278827
279196
279301
279406
279764
280095
280867
281281
281429
281455
281461
281520
282422
282611
282741
283299
283613
283773
284365
284662
284698
284796
285294
285599
285836
286153
286223
286252
286294
286668
286762
286787
286872
287000
287008
287550
287588
287737
287795
287914
288002
288252
288267
288673
288857
288871
289163
289603
289664
289826
289918
289962
290060
290139
290195
290315
290510
290580
292048
292069
292182
292185
292188
292196
292223
292255
292261
292303
292798
293094
293472
293969
294038
294284
294541
294875
294954
296353
296455
296614
296624
296626
296824
296833
297332
297349
298085
298158
298527
298534
298713
298871
299002
299056
299337
299679
299928
300129
300135
300188
300319
300413
300418
300443
300658
300716
300888
302260
302262
302660
302788
303013
304097
304802
304866
305181
305209
305224
305377
305396
305601
305631
305693
305912
305950
306081
307030
307048
307379
307549
307891
308093
308179
308306
308519
308582
308593
309021
309122
309158
309286
309288
309608
309752
309848
309969
309997
310086
310453
310539
311000
311011
311633
311943
312000
312067
312489
312684
312722
312799
313212
313245
314498
314595
314604
314667
314729
314993
314996
315099
315520
315536
315571
315610
315646
315825
315992
316154
316217
316284
316461
316462
316469
316708
316814
316822
316825
316889
317149
317441
317662
317727
317959
318071
318325
318362
318373
318443
318622
318625
318632
318723
318752
318826
318863
318930
318969
319059
319077
319493
319568
319600
319602
319606
319695
319802
319905
319911
319916
319924
319995
320021
320040
320052
320140
320899
321060
321277
321646
321671
321675
321710
321812
321885
321892
321927
322096
322133
322248
322341
322667
322759
322790
322796
322929
323058
323170
323204
323504
323613
323624
323631
323676
323897
324148
324328
324389
324587
324660
324879
324923
325318
325350
325382
325397
325567
325644
325655
325838
325923
326150
326340
326384
326394
326475
326502
326642
326679
326977
327211
327647
327785
327817
328013
328171
328742
328776
328867
329111
329112
329116
329603
329640
329677
329697
329790
329947
329963
330003
330621
330965
331111
331414
331588
331604
331934
332206
332255
332931
333143
333217
333382
333391
333767
333878
333899
334546
334586
334612
334786
334860
334896
335275
335364
335549
335860
335886
335985
336118
336186
336194
336206
336208
336211
336213
336457
337155
337212
337240
337249
337276
337332
337759
337779
338558
338620
338628
338690
339917
339964
340015
340337
340429
340588
340605
340616
340628
340632
340873
341074
341368
341599
342355
342597
343163
343669
343755
343809
343828
343925
344124
344251
344264
344657
345091
345154
345160
345234
345458
346063
346281
346634
347042
347044
347114
347402
347861
347936
348145
348203
348234
348235
348260
348832
348834
348845
348894
348911
348977
349074
349203
349216
349226
349381
349417
349471
349477
349530
349559
349641
349883
350355
350452
350457
350727
350967
351106
351160
351358
351364
351418
351427
351457
351530
351557
351622
351796
351806
351839
351866
351878
351888
351901
351934
351957
351994
352041
352045
352062
352084
352094
352102
352287
352376
352418
352526
352538
352645
352738
352922
353330
353413
353643
353649
353662
353795
353808
353875
353997
354357
354507
354521
354544
354635
354726
354835
354838
355026
355299
355407
355751
356158
356193
356772
356777
356920
357187
357893
357967
358234
358494
359667
359747
359932
360044
360395
360440
360698
360739
360818
361955
361999
362071
362123
362144
362168
362377
362401
362459
362527
362612
362736
362996
363051
363099
363259
363819
363864
364122
364224
364241
364463
364569
364583
364613
364649
364958
364971
365020
365214
365384
365491
365532
365658
366243
366496
366497
366528
366550
366574
366579
366586
366608
366615
366629
366687
366828
366952
367140
367371
367510
367515
367901
367931
368723
368977
368980
369012
369064
369196
369254
369255
369303
369324
369348
369354
369361
369404
369428
369450
369466
369585
369589
369801
369872
370044
370200
370202
370248
370282
370332
370348
370356
370636
370684
370687
370836
370872
371056
371349
371792
371819
371827
371833
371834
372072
372581
372598
372623
372641
372665
372913
373046
373395
373530
373683
373759
374015
374057
374196
374290
374561
374655
374758
374798
374841
374864
374873
374901
374903
374921
375011
375050
375159
375190
375452
375526
375736
375776
375777
375801
375825
375840
375848
375887
375965
376185
376199
376340
376358
376409
376435
376454
376477
376480
376517
376528
376604
376655
376752
376756
376813
376919
377144
377148
377160
377225
377238
377275
377332
377352
377382
377441
377451
377465
377487
377492
377512
377582
377587
377625
377639
377715
377717
377734
377752
377759
377831
377843
377876
377917
378024
378175
378214
378344
378394
378462
378481
378542
378554
378595
378598
378663
378695
379125
379133
379235
379288
379338
379372
379633
379834
379980
380006
380007
380141
380591
380635
380744
380949
381062
381449
381670
381745
381784
382006
382064
382365
382556
382859
382900
383097
383217
383246
383578
383613
383651
383655
383695
383737
383923
384003
384006
384037
384178
384188
384230
384245
384259
384298
384361
384395
384396
384588
384640
384698
384708
384749
384833
384836
385351
385386
385470
385494
385515
385529
385728
385915
386004
386048
386187
386188
386197
386208
386313
386374
386407
386409
386441
386463
386539
386547
386652
386697
386705
386722
386798
386825
386827
386953
387059
387151
387190
387228
387318
387408
387550
387631
387866
387899
387954
387983
388017
388102
388275
388307
388413
388489
388535
388629
388639
388667
388754
388877
388896
388909
388992
389024
389109
389117
389243
389363
389471
389545
389674
389718
389723
389886
390111
390220
390224
390295
390420
390447
390469
390507
390510
390517
390747
390852
390922
390960
391098
391107
391302
391356
391369
391693
391932
391934
392088
392198
392203
392308
392568
392586
392597
392721
392734
392753
392852
392865
392876
392902
392945
392969
393017
393065
393103
393124
393135
393151
393200
393244
393277
393302
393309
393321
393388
393407
393418
393434
393447
393486
393501
393578
393581
393614
393671
393677
393690
393707
393775
393794
393795
393885
393893
393923
393956
393979
394004
394021
394035
394072
394109
394224
394258
394259
394269
394271
394331
394363
394489
394527
394645
395101
395113
395141
395292
395341
395361
395367
395390
395469
395470
395699
395712
395790
395850
395851
395871
396085
396105
396168
396169
396210
396268
396337
396342
396388
396812
396816
396833
396875
396932
396934
396954
396964
397098
397246
397312
397524
397656
397879
398033
398167
398182
398203
398472
398735
398737
398794
398839
398878
399161
399250
399266
399541
399579
399798
399846
400096
400098
400126
400158
400197
400277
400596
400684
400863
401141
401143
401437
401668
401808
401981
402171
402383
402832
402835
402922
405386
405483
405512
405558
405573
405623
405642
406014
406059
406106
406117
406120
406132
406143
406267
406321
406325
406326
406329
406358
406616
406853
406870
406881
406933
406938
406981
407038
407194
407390
407427
407442
407518
407728
407836
408000
408016
408031
408099
408110
408215
408233
408235
408292
408588
408752
408820
408902
409031
409324
409363
409368
409397
409418
409575
409612
409675
409708
409783
410115
410135
410193
410289
410293
410317
410344
410564
410656
410662
410686
410705
410734
411125
411395
411484
411537
411803
411926
412035
412038
412199
412200
412636
412796
413697
413940
414064
414841
415007
415865
416066
418185
418195
418518
418734
418914
418915
418950
419068
419534
419851
420939
421036
421117
421138
421170
421190
421193
421228
421230
421345
421382
421383
421404
421436
421526
421582
421586
421602
421604
421709
421740
421775
421786
421795
421837
421864
421876
421880
421893
421919
422005
422020
422559
422810
423890
423991
424158
424473
425670
425948
426981
427064
428181
429053
429250
429402
429913
430025
430038
430090
430100
430115
430137
430139
430212
430473
430606
430699
431603
431605
431697
431721
432234
432386
433072
433835
433897
433993
433997
434108
434116
434151
434572
434879
434888
434901
434946
434968
435020
435123
435202
435215
435308
435316
435365
435375
435380
435384
435388
435442
435444
435446
435452
435612
435636
435646
435685
435804
435811
435817
435856
435872
435927
436129
436328
436340
436351
436591
436597
436606
436873
436955
437192
437638
437777
437778
437911
437922
438014
438170
438180
438196
