26
32
46
50
83
111
113
141
318
383
399
401
470
527
640
735
753
761
779
792
796
808
809
892
1029
1076
1189
1215
1233
1341
1401
1405
1600
1651
1659
1688
1738
1773
1786
1792
1807
1970
2052
2129
2130
2131
2183
2273
2279
2309
2419
2463
2498
2765
2796
2845
2856
2869
2883
2923
2990
2999
3031
3072
3106
3232
3244
3266
3309
3414
3418
3467
3515
3681
3694
3704
3716
3782
3798
3808
3832
3871
3878
3898
3933
4013
4043
4051
4138
4144
4186
4251
4274
4353
4382
4399
4409
4473
4513
4609
4631
4664
4679
4737
4762
4776
4816
4868
4886
4893
4993
5002
5006
5011
5136
5143
5199
5297
5364
5374
5498
5500
5544
5592
5652
5745
5809
5871
5907
6067
6156
6221
6281
6331
6348
6393
6439
6768
6797
6810
6821
6825
6827
6982
6993
7030
7154
7319
7382
7447
7506
7549
7607
7624
7643
7661
7669
7692
7700
7932
7970
7972
7995
8065
8293
8297
8308
8338
8427
8458
8687
8823
8856
8896
8998
9185
9304
9327
9393
9424
9426
9487
9527
9554
9602
9620
9724
9887
9889
9922
9923
9995
10003
10048
10067
10081
10113
10178
10184
10222
10296
10379
10426
10442
10453
10474
10515
10517
10525
10543
10616
10661
10668
10695
10698
10704
10833
10857
10881
10923
10947
11021
11108
11144
11160
11185
11198
11326
11430
11443
11648
11660
11702
11842
11888
11907
12109
12154
12157
12205
12229
12239
12247
12257
12281
12395
12492
12503
12590
12651
12655
12672
12766
12812
12834
12840
12841
12949
13055
13080
13140
13166
13281
13354
13356
13429
13438
13475
13501
13536
13552
13602
13640
13772
13892
13911
14009
14069
14176
14211
14218
14222
14240
14252
14297
14316
14341
14349
14364
14450
14507
14602
14748
14827
15008
15091
15136
15144
15205
15216
15280
15439
15477
15499
15522
15649
15669
15691
15698
15703
15730
15787
15838
15923
15990
16069
16087
16118
16211
16266
16313
16422
16558
16686
16915
16916
16921
16947
17036
17060
17083
17253
17283
17293
17326
17491
17503
17608
17650
17678
17729
17742
17756
17764
17988
17994
18000
18015
18043
18126
18152
18159
18222
18281
18298
18372
18374
18397
18490
18497
18541
18564
18631
18668
18684
18737
18754
18770
18787
18794
18804
18813
18838
18840
18843
18875
18925
18986
19181
19185
19191
19246
19258
19287
19289
19301
19315
19354
19372
19376
19649
19707
19730
19736
19752
19844
19845
19851
19863
19972
19973
19978
20085
20102
20111
20184
20238
20274
20277
20364
20372
20390
20467
20500
20532
20565
20601
20636
20854
20885
20902
20933
20969
20977
20985
21133
21259
21292
21342
21375
21494
21558
21584
21598
21600
21628
21703
21719
21726
21731
21737
21878
21930
21964
22032
22050
22098
22100
22185
22199
22281
22293
22315
22343
22429
22500
22504
22674
22702
22732
22753
22769
22781
22898
22953
22999
23043
23083
23110
23152
23203
23291
23295
23405
23442
23530
23568
23630
23727
23735
23757
23785
23842
23872
24003
24059
24105
24217
24253
24293
24304
24356
24360
24385
24447
24509
24555
24596
24602
24654
24858
24887
25024
25069
25188
25251
25372
25405
25441
25450
25459
25578
25581
25643
25735
25789
25997
26016
26154
26291
26307
26356
26384
26577
26608
26632
26646
26685
26694
26724
26741
26785
26832
26885
26959
27023
27048
27085
27131
27137
27141
27147
27216
27226
27302
27343
27359
27468
27472
27499
27506
27592
27675
27725
27851
28090
28103
28123
28150
28302
28422
28446
28464
28468
28491
28536
28538
28539
28584
28603
28662
28724
28735
28785
28811
28830
28831
28845
28874
28964
29012
29019
29030
29035
29153
29163
29315
29478
29499
29522
29715
29721
29725
29807
29843
29855
30034
30059
30093
30180
30208
30210
30255
30361
30420
30479
30491
30507
30516
30522
30534
30571
30583
30638
30751
30854
30922
30935
31065
31076
31135
31136
31149
31273
31304
31361
31367
31391
31456
31466
31591
31617
31677
31716
31759
31830
31928
31931
31941
32057
32222
32278
32381
32397
32499
32661
32670
32694
32707
32711
32714
32724
32751
32833
32883
32900
32943
33024
33037
33149
33175
33276
33285
33341
33399
33409
33475
33484
33615
33676
33706
33725
33774
34160
34201
34312
34523
34535
34561
34654
34818
34836
34958
34976
35076
35108
35141
35143
35192
35216
35384
35459
35505
35624
35657
35736
35742
35807
35950
35987
36006
36017
36052
36091
36108
36133
36157
36294
36311
36349
36416
36531
36611
36704
36714
36784
36837
36885
36956
36965
37014
37040
37084
37102
37124
37136
37151
37281
37302
37338
37374
37543
37589
37645
37670
37772
37908
37998
38130
38224
38228
38257
38316
38328
38331
38375
38497
38558
38608
38674
38771
38814
38828
38835
38849
38852
38855
38861
38913
39015
39035
39052
39168
39209
39440
39482
39499
39587
39720
39804
39848
39879
39919
39920
39978
39980
39982
40047
40056
40115
40212
40250
40299
40391
40416
40445
40499
40506
40522
40555
40562
40719
40815
40916
40946
40986
41038
41041
41133
41196
41222
41238
41315
41416
41459
41480
41522
41576
41674
41689
41719
41810
41830
41998
42103
42170
42253
42254
42276
42302
42455
42494
42500
42623
42649
42691
42773
42809
42918
42980
42995
43117
43204
43272
43303
43332
43341
43419
43429
43447
43573
43589
43590
43592
43596
43641
43788
43837
43850
43880
43908
43978
44018
44040
44109
44115
44141
44165
44173
44302
44304
44315
44340
44390
44585
44675
44705
44773
44851
44878
44948
44958
45000
45129
45140
45153
45169
45342
45356
45432
45444
45456
45464
45520
45538
45556
45602
45619
45688
45700
45714
45770
45788
45806
45835
45843
45860
45916
45974
46048
46066
46082
46087
46151
46165
46212
46217
46232
46233
46290
46297
46335
46336
46396
46398
46453
46474
46570
46576
46584
46664
46694
46732
46760
46818
46834
46838
46980
47042
47107
47125
47176
47256
47335
47355
47394
47435
47471
47531
47572
47669
47686
47737
47880
48098
48122
48176
48242
48247
48293
48343
48344
48363
48374
48410
48541
48558
48619
48676
48678
48685
48709
48824
48826
49138
49191
49192
49242
49465
49480
49603
49685
49770
49787
49811
49829
50067
50075
50092
50108
50198
50208
50232
50264
50284
50288
50294
50347
50514
50574
50600
50624
50665
50685
50738
50784
50809
50822
50838
50843
50849
50890
50965
50972
50994
51062
51078
51263
51280
51320
51352
51474
51480
51484
51567
51576
51665
51687
51697
51815
51833
51835
51869
51882
51888
51889
52093
52439
52443
52572
52739
52806
52904
52951
52971
53005
53018
53042
53101
53116
53124
53134
53149
53237
53290
53310
53418
53441
53597
53691
53706
53789
53847
53864
53920
54032
54056
54070
54074
54078
54086
54164
54345
54514
54570
54732
54864
54872
54932
54954
54998
55010
55024
55049
55056
55078
55148
55290
55318
55346
55425
55484
55562
55597
55624
55631
55667
55719
55815
55865
55911
55939
56166
56239
56316
56346
56496
56515
56577
56630
56634
56744
56875
56898
56905
56962
57022
57099
57120
57150
57170
57225
57283
57365
57387
57416
57519
57553
57554
57668
57698
57700
57789
57946
57980
57985
57991
58047
58069
58123
58127
58152
58161
58169
58193
58215
58224
58228
58341
58353
58465
58485
58496
58553
58581
58587
58604
58606
58691
58709
58810
58812
58862
58904
58937
58957
58992
59008
59023
59044
59091
59108
59125
59135
59231
59232
59264
59285
59330
59332
59353
59386
59437
59448
59470
59474
59530
59593
59595
59627
59654
59718
59809
59951
60020
60222
60232
60238
60382
60408
60443
60550
60558
60805
60823
60839
60915
60919
60968
61000
61045
61071
61107
61130
61223
61249
61283
61350
61376
61378
61458
61500
61527
61607
61697
61726
61804
61924
62017
62070
62172
62185
62358
62444
62477
62590
62638
62646
62896
62920
63000
63009
63081
63082
63118
63161
63198
63202
63228
63278
63385
63390
63413
63449
63480
63506
63554
63589
63622
63676
63706
63769
63846
63850
63932
64043
64123
64125
64160
64202
64359
64369
64391
64405
64444
64475
64482
64612
64614
64663
64796
64878
64880
64943
64966
64968
65029
65230
65249
65263
65406
65427
65439
65528
65596
65679
65688
65718
65797
65897
65905
65952
65962
66079
66118
66338
66391
66422
66427
66489
66508
66522
66532
66604
66634
66744
66760
66818
66828
66875
67022
67031
67077
67110
67238
67267
67335
67364
67463
67500
67528
67554
67576
67718
67774
67782
67792
67844
67896
67917
67923
67969
68016
68049
68099
68108
68139
68168
68176
68247
68251
68255
68265
68342
68347
68418
68457
68583
68640
68766
68789
68940
68996
69012
69017
69218
69291
69298
69321
69370
69376
69429
69543
69549
69551
69559
69610
69677
69796
70010
70011
70016
70136
70140
70160
70361
70428
70471
70519
70587
70593
70597
70639
70714
70780
70799
70811
70868
70966
71055
71126
71164
71206
71301
71331
71467
71553
71634
71748
71856
71858
71869
71950
71975
72087
72206
72339
72384
72410
72495
72628
72651
72712
72723
72823
72942
72977
73101
73145
73186
73293
73348
73374
73489
73491
73524
73548
73633
73665
73699
73784
73795
73873
73915
73927
73960
74016
74079
74163
74175
74262
74305
74415
74450
74479
74501
74508
74563
74567
74577
74761
74886
74901
74946
74948
75023
75030
75061
75156
75311
75344
75356
75391
75440
75652
75676
75680
75762
75836
75866
75897
75952
75966
75980
76071
76125
76190
76196
76242
76361
76526
76589
76593
76631
76643
76795
76846
76901
76925
77000
77018
77035
77133
77150
77180
77187
77239
77329
77515
77566
77620
77660
77703
77726
77759
77849
77938
77951
78043
78063
78089
78195
78238
78280
78424
78447
78494
78530
78542
78551
78568
78610
78704
78736
78755
78805
78828
78926
78936
78970
78998
79056
79093
79159
79296
79359
79444
79471
79475
79534
79549
79556
79576
79589
79598
79616
79664
79698
79708
79764
79799
79843
79849
79905
79953
79982
80069
80197
80212
80251
80254
80328
80351
80406
80414
80453
80542
80559
80562
80584
80631
80649
80655
80717
80854
80879
80992
80996
81089
81202
81258
81289
81345
81360
81467
81528
81637
81813
81861
81866
81888
81984
82018
82045
82086
82173
82363
82419
82437
82522
82582
82673
82679
82699
82711
82737
82775
82798
82812
82829
82845
82987
82988
83180
83229
83237
83441
83510
83604
83775
83819
84023
84040
84205
84232
84290
84338
84378
84405
84443
84454
84486
84503
84645
84671
84723
84727
84777
84793
84862
84878
84961
85101
85144
85226
85285
85318
85365
85400
85488
85674
85684
85751
85753
85775
85792
85909
85927
85995
85999
86148
86291
86368
86484
86495
86510
86523
86631
86658
86670
86779
86835
86896
86986
87003
87051
87141
87165
87180
87317
87385
87395
87439
87474
87481
87483
87529
87554
87636
87731
87778
87906
87994
87998
88244
88273
88289
88310
88458
88464
88465
88752
88865
88893
88945
89137
89159
89311
89319
89330
89348
89419
89520
89551
89587
89638
89825
89847
89874
89929
89934
90103
90137
90143
90223
90332
90399
90423
90511
90603
90731
90922
90928
91046
91102
91123
91204
91224
91348
91393
91395
91414
91434
91480
91526
91547
91571
91608
91636
91672
91753
91801
91807
91825
91841
91843
91888
92128
92144
92212
92243
92480
92482
92533
92554
92681
92716
92757
92787
92870
92876
92905
92946
92988
92997
93096
93228
93382
93415
93438
93461
93465
93474
93539
93546
93586
93590
93724
93772
93809
93829
93912
93920
93953
93961
93967
93981
94042
94186
94202
94203
94240
94451
94471
94477
94479
94624
94644
94675
94680
94731
94763
94767
94779
94810
94812
94828
94855
94892
94923
94981
94983
95193
95254
95334
95587
95622
95628
95630
95661
95812
95829
95833
95844
95888
95932
96045
96072
96096
96367
96409
96415
96509
96553
96629
96665
96737
96748
96937
97061
97077
97081
97122
97144
97222
97243
97349
97356
97400
97407
97478
97529
97541
97560
97579
97626
97655
97698
97709
97774
97789
97839
97855
97857
97998
98110
98184
98204
98263
98352
98363
98429
98491
98562
98592
98596
98612
98631
98728
98763
98834
98842
98907
98925
98996
99172
99178
99186
99380
99395
99410
99422
99447
99498
99507
99512
99525
99551
99570
99711
99737
99784
99803
99807
99927
100010
100052
100136
100182
100200
100236
100290
100488
100546
100812
100827
100874
101002
101108
101184
101209
101275
101297
101339
101528
101569
101596
101693
101707
101713
101719
101822
101886
101972
101976
102091
102094
102112
102144
102156
102189
102253
102296
102337
102367
102469
102493
102494
102503
102534
102559
102671
102911
103003
103007
103046
103060
103162
103203
103245
103268
103313
103359
103366
103413
103470
103508
103575
103732
103756
103775
103851
103860
103903
103920
103961
103978
103982
103985
103988
104070
104196
104234
104240
104242
104262
104272
104301
104356
104416
104419
104566
104612
104636
104667
104683
104742
104919
104922
104968
105062
105066
105076
105090
105092
105125
105138
105146
105169
105222
105238
105324
105368
105394
105409
105567
105839
105857
105863
105903
106033
106107
106119
106125
106227
106267
106284
106305
106336
106353
106379
106443
106468
106473
106624
106658
106732
106827
106831
106913
106931
106952
106993
107208
107337
107423
107445
107480
107509
107540
107614
107621
107623
107662
107699
107760
107863
107921
108107
108212
108244
108249
108282
108284
108287
108358
108482
108521
108523
108541
108548
108578
108624
108717
108722
108743
108751
108826
108829
108872
108875
108891
108995
109096
109112
109114
109120
109187
109333
109359
109398
109480
109508
109524
109623
109786
109797
109860
109995
110043
110119
110286
110315
110373
110431
110440
110448
110561
110640
110683
110687
110765
110769
110822
110847
110857
110877
110887
110928
110947
111033
111150
111176
111298
111304
111330
111363
111380
111464
111497
111504
111575
111598
111636
111650
111651
111736
111961
112076
112106
112132
112150
112252
112302
112337
112372
112445
112446
112539
112567
112568
112576
112667
112672
112786
112829
112859
112904
112914
112947
113024
113041
113066
113229
113281
113387
113390
113449
113536
113548
113576
113635
113662
113673
113675
113719
113773
113776
113788
113815
113827
113844
113904
113970
114049
114051
114128
114169
114218
114342
114395
114459
114879
114906
114951
114952
115035
115060
115085
115119
115127
115142
115298
115318
115384
115460
115560
115563
115573
115602
115646
115654
115662
115673
115678
115682
115767
115788
115859
115869
116005
116324
116351
116556
116576
116588
116597
116662
116691
116725
116746
116848
116863
116915
117010
117012
117586
117889
117921
118069
118378
118501
118584
118706
118707
118787
118798
118867
119425
119563
119678
119736
119818
119917
119980
120196
120294
120299
120320
120548
120636
120686
120980
121072
121106
121165
121207
121675
121682
122192
122457
122724
122737
122791
122897
122992
123231
123521
123523
123546
123969
123981
123992
124028
124031
124138
124207
124602
125552
125569
125709
125813
125925
126093
126205
126278
126555
126622
126870
127284
127844
127861
128009
128011
128081
128285
128289
128350
128712
128751
128876
129043
129136
129153
129164
129182
129208
129275
129314
129434
129761
129796
130009
130177
130578
130602
130712
130747
130822
130825
130869
130885
131029
131060
131119
131136
131339
131392
131417
131444
131544
131691
131742
131802
131989
132043
132155
132307
132340
132365
132385
132454
132671
132694
132729
133777
133874
134617
134623
136563
137567
137587
137695
138119
138498
138591
139195
139524
140042
140325
140548
141116
141441
141592
142270
142383
142401
142856
142960
143253
143554
144001
144133
144222
144284
144342
144382
144385
144433
144690
144809
144851
144938
145024
145137
145211
145349
145359
145418
145641
145653
145705
145709
145787
145851
146005
146251
146276
146336
146444
146712
146793
147033
147212
147427
147494
147552
147575
147794
148059
148116
148348
148444
148518
148648
149125
149310
149394
149452
149545
149627
149668
149823
150240
150763
151006
151018
151214
151488
151529
151768
151846
151864
152020
152060
152196
152229
153056
153079
153154
153160
153178
153270
153360
153381
153392
153539
153728
154139
154713
154866
154881
154997
155017
155043
155077
155273
155389
155396
155518
155684
156204
156217
156283
156420
156457
156599
157015
157090
157130
157157
157254
157290
157521
157557
157623
157705
157814
157847
157861
158064
158100
158123
158613
158645
158782
158929
159053
159954
160035
160080
160271
160290
160310
160428
160574
160623
160794
161203
161442
161891
162076
162113
162322
162467
162832
162981
163048
163331
163426
163661
164017
164331
164679
164751
164875
164935
165102
165390
166086
166166
166185
166371
166478
166716
166792
166813
167114
167160
167168
167339
167503
167563
167786
167793
168168
168209
168424
168483
168678
168713
169122
169331
170135
170191
170236
170369
170484
170645
171283
171313
171480
171552
171742
171769
171782
172042
172051
172053
172226
173171
173294
173384
174832
174910
174959
174978
175130
175149
175178
175236
175296
175298
175326
175390
175420
175463
175496
175543
175572
175577
175579
175608
175676
175699
175722
175775
175961
175997
176065
176068
176091
176131
176134
176314
176382
177409
178215
178320
178424
178426
178541
178988
179073
179292
179706
179815
179908
179912
180064
180096
180126
180131
180721
180910
181451
181457
181518
181612
181854
181938
181939
182026
182130
182563
182592
183040
183166
183356
183631
184010
184399
184510
184598
184610
184797
184979
185215
185262
185265
185278
185351
185454
185678
185793
186036
186071
186377
186470
186587
186648
186714
186735
186781
186822
186944
186974
186980
187016
187044
187106
187137
187153
187194
187231
187238
187253
187269
187351
187360
187381
187407
187410
187522
187562
187695
188012
188189
188347
188394
188672
189243
189937
189961
190038
190240
190266
190506
190729
190956
190972
190995
191094
191238
191286
191312
191316
191441
191945
192002
192003
192019
192108
192121
192152
192164
192171
192185
192240
192335
192994
193150
193387
193414
193659
194172
194516
194564
194623
194734
194830
194838
194880
195003
195079
195126
195154
195183
195228
195456
195662
196432
196478
197412
197902
197913
197914
197918
197920
197942
197947
198336
199298
199324
199337
199349
199425
199426
199431
199467
199715
199839
199969
200541
201021
201096
201452
201648
201682
201898
201978
201985
202015
202421
203129
203147
203181
203367
203539
203675
203915
204166
204177
204187
204459
204519
204620
204678
204741
204767
204808
204822
205028
205031
205262
205334
205394
205417
205456
205606
205712
206225
206384
206477
206814
206853
207140
207339
207355
207419
207528
208785
209042
209184
210013
210765
211169
211249
212532
212561
213341
213527
213819
214205
215746
216958
217381
217383
217593
217607
219002
219119
219449
220490
221082
221104
221158
221557
222053
222074
223109
223644
225992
226334
226353
226444
226448
226544
226590
226667
226872
226982
227017
227079
227227
227289
227291
227591
227728
227757
227778
227801
227818
227856
227914
227982
227985
228055
228117
228219
228235
228236
228287
228293
228349
228408
228509
228692
228716
228748
228799
228822
228827
228855
228871
228902
228915
228952
228979
229037
229110
229155
229163
229195
229221
229253
229271
229276
229279
229397
229447
229467
229474
229666
229676
229690
229864
229934
229952
229972
230184
230204
230218
230281
230326
230341
230374
230472
230510
230556
230570
230626
230976
230980
231037
231052
231683
232489
232550
232725
233077
233324
233639
233875
233892
236031
236040
236372
236479
236703
237162
237563
237637
238539
239320
239459
239489
239537
239620
240547
240558
240564
240638
241084
241437
241455
242129
242512
242808
242861
242885
242938
243197
243212
243231
243260
243301
243457
243621
243650
243679
243687
243818
244213
244329
244364
244423
244425
244504
244771
245506
245533
245654
245767
245874
246848
246920
247204
247413
247425
247442
247547
247549
247603
248656
250084
250132
250356
250359
250550
250984
251028
251371
251551
251616
252239
252274
252308
252440
252784
253558
253775
254105
254660
254700
254890
255022
255057
255136
255416
255857
255864
255866
255882
256016
257428
257619
257667
258013
258042
258534
258668
258979
259632
259860
260450
260981
261158
262402
262426
263147
263471
263477
263500
263547
263610
263672
263802
264034
264398
264870
265136
265676
265856
266059
266072
266095
266105
266131
266137
266183
266196
266198
267091
267160
267161
267365
267984
268074
268088
268351
268369
268525
268528
268943
268975
268981
269266
269305
269442
269975
269986
269991
270027
270080
270252
270276
270347
270348
270351
270424
270431
270465
270680
271084
271165
271216
271255
271257
271445
271710
271768
272522
272726
272752
272785
273077
273228
273283
273289
273317
273344
273685
273908
273938
273939
273986
274014
274070
274143
274224
274247
274273
274276
274285
274313
274360
274399
274460
274498
274560
274813
274933
276966
277051
277268
277300
277466
277634
278126
278392
278477
278767
279025
279064
279126
279225
279283
279497
279699
280083
280206
280484
280792
280793
281382
281658
282051
282831
282861
283016
283098
283099
283136
283632
284067
284580
285142
285549
286073
286442
286660
286936
286963
287023
287082
287109
287553
287559
288022
288090
288204
288322
288360
288566
288588
288646
288667
288670
288736
288783
288935
289066
289080
289098
289099
289464
289943
289947
289979
290030
290097
290216
290285
290383
290587
290770
290940
291171
291202
291280
291332
291440
292182
292452
293009
293153
293163
293227
293250
293344
293556
293700
293753
293845
293949
294034
294240
294459
294576
294656
294685
294758
294901
294994
295003
295309
295313
295317
295789
297034
297278
297320
297385
297409
297616
298259
298543
298606
298607
298869
298874
298944
298950
299009
299172
299315
299340
299580
299590
299657
299746
299800
299843
299845
299967
300053
300160
300167
300919
300942
301106
301188
301449
301517
301518
301565
301642
301888
301915
301919
301933
302263
302269
302853
303124
303149
303152
303320
303496
303583
303617
303681
303726
303772
303810
303901
304809
305439
305781
305866
306247
306728
306850
307044
307406
307589
307599
307760
307796
307853
307854
307942
308153
308339
308425
308572
309059
309068
309145
309153
309155
309186
309190
309387
309401
309460
309899
309996
310040
310113
310219
310257
310283
310394
310756
310776
310848
311339
311345
311380
312011
312153
312345
312489
313034
313567
313840
313852
314063
314140
314208
315174
315177
315360
315380
315862
315910
316363
316532
316542
316988
316999
317351
317399
317517
317574
317745
317803
317832
317932
318192
318228
318582
318634
318680
318752
318911
319024
319081
319106
319190
319269
319311
319384
319478
319486
319487
319598
319667
319673
319747
319882
319994
320086
320106
320145
320161
320165
320450
320485
320718
321014
321042
321122
321140
321158
321182
321468
321505
321769
322199
322256
322544
322545
322646
322656
322742
322872
322873
322887
323289
323479
323511
323529
323556
323611
323635
323685
324122
324144
324157
324165
324265
324481
324556
324637
324646
324706
324755
324767
324839
324921
325012
325058
325183
325202
325336
325522
325727
325826
325864
325887
325888
326232
326239
326258
326308
326696
326955
326974
327025
327101
327154
327222
327329
327348
328509
328734
328821
329005
329569
329679
329728
330079
330127
330495
330543
330600
330649
330745
330951
330956
330959
330960
331036
331092
331135
331364
331843
331926
331928
332068
332462
332580
333069
333435
334341
334770
335079
335254
335311
335365
335432
335592
335832
335873
335899
335914
336286
336313
336442
336601
336687
336808
336952
337143
337170
337805
338051
338099
338240
338287
338300
338391
338396
338499
338530
338678
338723
339439
339470
339473
339563
339574
339945
339997
340723
340913
340929
340942
340944
341283
341284
341348
341351
341363
341533
341557
341569
341602
341712
341824
341864
342113
342158
342266
342597
343049
343269
343272
343870
344653
344690
344810
344991
345060
345914
346177
346178
346181
346394
346439
346682
346922
347013
347047
347493
347632
347745
347749
347870
348038
348065
348664
348885
348886
348911
349119
349151
349177
349208
349224
349322
349420
349489
349624
349794
349865
349955
350129
350130
350148
350150
350186
350209
350338
350368
350576
350584
350589
350616
350629
350889
350919
351351
351529
351698
351805
352345
352409
352483
352573
352758
352813
352859
352866
352867
352963
352988
353065
353081
353085
353354
353370
353517
353773
354105
354552
354635
354646
354758
354763
354864
354903
354935
355237
355321
355337
355399
355488
356296
356360
356605
356716
356718
357185
357694
357731
357743
358139
359141
359234
359798
360314
360431
360845
361652
362002
362343
362359
362777
362833
362883
362990
363076
363101
363155
363384
363389
363418
363488
363617
363992
364010
364794
365244
365245
365264
365298
365406
365515
365992
366510
366634
366740
366766
366874
366905
367252
367358
367384
367464
367509
367644
367690
367779
368750
368883
369401
369698
369945
369968
370092
370147
370155
370178
370259
370272
370284
370294
370305
370316
370365
370382
370442
370684
370694
370702
370861
370946
371115
371141
371290
371299
371447
371460
371611
371644
371655
371663
371927
372199
372304
372323
372386
372438
372465
372478
372546
372571
372579
372590
372639
372666
372742
372767
372791
372803
372809
372879
373031
373535
373635
373636
373680
373771
374239
374260
374685
374695
374696
374734
374866
375031
375034
375036
375137
375343
375366
375774
375828
375850
375857
375866
376017
376099
376647
376865
376875
376939
377000
377151
377215
377216
377243
377310
377390
377448
377592
377597
377605
377638
377733
377745
377752
377963
378004
378010
378211
378225
378315
378331
378344
378359
378395
378415
378420
378477
378586
378602
378622
378710
378735
378738
378916
378935
378983
379031
379182
379217
379569
379745
379865
379868
380108
380117
380191
380220
380227
380276
380285
380453
380483
380504
380559
380571
380582
380937
381019
381021
381351
381419
381423
381486
381624
381729
381993
382401
382463
382757
383278
383300
383536
383620
383856
383869
383881
383999
384080
384177
384200
384290
384314
384315
384344
384346
384410
384602
384663
384810
385201
385202
385221
385229
385265
385547
385669
385733
385863
386126
386259
386269
386420
386459
386464
386485
386689
386717
386782
386822
386837
386979
387077
387155
387159
387175
387348
387545
387570
387596
387597
387614
387663
387679
387681
387725
387790
387891
387921
387943
387972
388058
388092
388155
388200
388250
388313
388607
388638
388687
388817
388825
388847
388848
388936
388985
388987
389148
389222
389300
389368
389374
389476
389569
389615
389639
389673
389718
389727
389909
389966
390037
390147
390274
390314
390367
390382
390414
390480
390675
390678
390691
390722
390725
390812
390942
390976
391296
391316
391446
391460
391461
391466
391482
391498
391512
391634
391857
391883
391911
392033
392066
392133
392155
392185
392204
392317
392366
392515
392600
392656
392783
392850
392895
393125
393131
393200
393321
393513
393532
393589
393697
393742
393785
393856
393880
393931
393956
393960
393962
393969
393972
393973
393979
394007
394020
394021
394080
394084
394089
394155
394163
394199
394227
394364
394422
394463
394466
394525
394535
394553
394556
394561
394569
394579
394600
394617
394674
394685
394698
394759
394781
394788
394789
394834
394840
394883
394933
394945
395000
395112
395119
395143
395169
395221
395316
395349
395359
395448
395489
395503
395520
395750
395804
395878
395970
396016
396051
396095
396177
396251
396283
396380
396402
396568
396614
396767
396854
396907
396952
396963
396969
396982
397056
397182
397211
397278
397484
397674
397777
397795
397800
397908
398081
398191
398232
398279
398288
398356
398368
398392
398409
398520
398538
398547
399144
399426
399484
399514
399523
399977
400038
400071
400104
400174
400184
400564
400670
401014
401074
401131
401176
401179
401353
401359
401524
401575
401581
401670
401762
401870
402043
402107
402637
403291
403599
403774
404574
406173
406320
406330
406401
406478
406546
406567
406641
407119
407165
407214
407288
407290
407306
407324
407340
407424
407431
407508
407510
407694
407835
407992
408056
408137
408392
408454
408691
408793
408802
408810
408977
408991
409009
409072
409253
409337
409339
409378
409487
409540
409615
409621
409636
409659
409748
409771
409831
409941
410009
410015
410178
410188
410215
410231
410258
410299
410304
410305
410358
410362
410490
410684
410834
410935
411011
411014
411029
411085
411117
411204
411233
411261
411317
411362
411598
411622
411629
411645
411661
411706
411773
411803
412102
412109
412287
412364
412378
412385
412400
412474
412536
412644
412655
412678
413073
413086
413223
413228
413689
413750
413756
414869
414911
414914
414928
415037
415039
415208
415915
415980
415984
416658
416802
417105
417106
417155
417249
417794
417876
419113
419179
419206
419218
419433
419459
419529
419531
419798
419958
420277
421729
421929
421952
422054
422075
422128
422198
422223
422252
422269
422322
422335
422387
422451
422452
422476
422526
422550
422615
422619
422635
422636
422648
422666
422683
422686
422702
422744
422760
422914
422947
422960
422966
422970
422981
422992
422995
423532
424254
424738
425143
426615
426857
426899
427292
428024
428192
428225
429163
429164
429499
429963
430022
430034
430035
430068
430392
430581
430890
430891
431008
431013
431121
431280
431695
431840
432011
432640
432646
432863
433127
433173
433192
433261
433519
434047
434790
434794
434808
434894
434953
434980
435512
435600
435607
435726
435748
435867
435894
435976
435991
436021
436190
436237
436249
436262
436296
436352
436408
436418
436578
436624
436763
436810
436831
436845
436891
436988
437141
437324
437478
437479
437521
437624
437670
438443
438457
438765
438817
438891
438895
438909
438926
438944
439005
439175
