20
85
103
158
174
183
364
407
427
439
512
611
689
699
705
811
831
873
885
913
929
991
1013
1205
1256
1307
1453
1520
1604
1740
1944
1968
2000
2064
2101
2145
2147
2189
2212
2354
2389
2404
2435
2447
2467
2485
2509
2570
2603
2631
2733
2749
2753
2781
2798
2819
2843
2981
3001
3011
3021
3097
3172
3206
3240
3297
3331
3337
3341
3349
3363
3386
3448
3521
3760
3762
3924
3964
3993
4041
4098
4112
4124
4142
4160
4172
4194
4329
4331
4405
4441
4465
4477
4486
4540
4548
4609
4658
4788
4818
4832
4915
4919
5024
5082
5093
5140
5190
5343
5359
5372
5431
5456
5574
5618
5622
5768
6087
6091
6119
6243
6364
6382
6384
6444
6495
6505
6522
6600
6603
6635
6676
6694
6729
6760
6772
6832
6863
6867
6909
7038
7095
7216
7441
7486
7577
7663
7671
7763
7802
7829
7849
7865
7984
8120
8198
8278
8293
8332
8376
8435
8471
8519
8581
8653
8819
8826
8865
8872
8897
9012
9044
9112
9120
9271
9302
9329
9420
9578
9596
9604
9620
9670
9676
9875
9881
9910
9969
9985
10068
10180
10193
10202
10236
10279
10439
10518
10669
10748
10769
10774
10783
10805
10955
11021
11099
11242
11274
11310
11312
11348
11361
11391
11533
11553
11554
11560
11607
11609
11618
11857
11942
12047
12076
12078
12087
12101
12114
12120
12154
12215
12335
12403
12429
12495
12580
12582
12638
12704
12748
12758
12892
13018
13038
13077
13097
13309
13330
13395
13521
13596
13602
13676
13711
13766
13777
13779
13790
13817
13857
13939
13956
14045
14117
14134
14143
14204
14240
14280
14376
14407
14483
14512
14543
14737
14784
14846
14952
14961
15004
15010
15068
15086
15127
15155
15176
15226
15281
15294
15452
15465
15483
15673
15812
15817
15824
15855
15944
16115
16164
16186
16399
16422
16474
16530
16662
16669
16697
16783
16809
16849
16855
16891
17022
17136
17147
17247
17321
17332
17334
17356
17413
17443
17457
17463
17589
17601
17746
17845
17846
17848
18053
18294
18340
18499
18586
18601
18612
18626
18679
18718
18728
18737
18753
18891
18986
18987
18994
19113
19204
19251
19252
19266
19428
19483
19541
19547
19577
19584
19604
19620
19690
19691
19697
19719
19781
19787
19876
19892
19951
19966
20074
20093
20123
20125
20169
20300
20362
20370
20455
20533
20538
20549
20590
21011
21023
21149
21266
21397
21503
21668
21691
21713
21823
21848
21873
21939
21990
22018
22098
22208
22215
22219
22246
22322
22390
22402
22491
22557
22581
22689
22808
22810
22842
23020
23045
23094
23122
23136
23190
23193
23195
23197
23213
23228
23231
23313
23325
23379
23383
23393
23405
23618
23714
23722
23757
23895
23998
24039
24205
24213
24251
24281
24342
24358
24394
24445
24558
24593
24595
24598
24654
24684
24707
24719
24810
24919
25051
25090
25113
25154
25230
25313
25380
25416
25420
25427
25475
25503
25561
25566
25572
25857
25870
25895
25914
25928
25987
26113
26138
26197
26241
26281
26283
26297
26303
26307
26315
26316
26486
26489
26509
26549
26584
26592
26646
26652
26682
26683
26688
26689
26735
26895
26907
26929
26953
27013
27173
27189
27262
27319
27478
27503
27566
27587
27603
27659
27669
27748
27782
27792
27906
27935
27937
27958
28010
28014
28186
28235
28276
28279
28294
28314
28342
28414
28753
28820
28838
28857
28878
29101
29107
29157
29229
29373
29445
29479
29564
29609
29771
30363
30410
30450
30461
30493
30494
30560
30576
30737
30787
31039
31094
31168
31202
31203
31240
31269
31335
31350
31476
31575
31589
31594
31602
31631
31637
31748
31753
31804
31997
32020
32023
32031
32198
32329
32358
32415
32444
32456
32635
32781
32818
32820
32844
32944
32986
33070
33274
33286
33291
33324
33338
33357
33365
33379
33424
33464
33481
33518
33551
33725
33737
33799
33861
33873
33922
33927
34046
34132
34138
34149
34193
34366
34368
34702
34729
34769
34832
34846
34925
34945
34957
34970
35039
35071
35085
35106
35124
35156
35378
35387
35398
35453
35478
35566
35568
35614
35828
35896
35904
35944
36186
36210
36221
36225
36358
36440
36475
36491
36587
36756
36819
36903
36946
36952
36958
37026
37087
37177
37403
37446
37456
37475
37644
37655
37844
37897
37908
37944
38008
38041
38151
38166
38274
38295
38329
38345
38640
38676
38743
38836
38885
38906
38970
39002
39059
39095
39115
39132
39147
39238
39297
39320
39380
39448
39478
39577
39615
39633
39655
39698
39746
39754
39818
39920
39936
39944
40002
40004
40072
40126
40183
40186
40197
40216
40230
40279
40315
40333
40339
40364
40419
40427
40435
40437
40466
40506
40574
40576
40609
40665
40696
40752
40912
40932
40939
40958
40998
41107
41137
41169
41176
41207
41217
41277
41279
41314
41394
41429
41506
41508
41596
41599
41818
41881
42063
42082
42103
42139
42192
42197
42230
42389
42397
42428
42475
42505
42527
42570
42582
42612
42641
42747
42750
42782
42885
42887
42941
43005
43049
43131
43180
43184
43237
43285
43312
43324
43399
43493
43497
43503
43515
43523
43632
43665
43705
43777
43795
43904
43913
43927
43932
43938
43973
44102
44191
44259
44273
44320
44355
44428
44480
44502
44533
44541
44592
44602
44605
44619
44657
44713
44778
44804
44902
44933
44966
45008
45094
45116
45193
45227
45266
45268
45281
45296
45331
45619
45623
45664
45774
45844
45881
45889
45951
46038
46090
46120
46126
46138
46146
46155
46165
46199
46206
46223
46260
46272
46340
46370
46378
46386
46459
46603
46642
46690
46706
46724
46734
46775
46836
46842
46853
46869
46875
46926
47010
47067
47093
47117
47192
47230
47306
47310
47322
47338
47469
47486
47558
47745
47774
47776
47854
47859
47887
47928
47998
48052
48100
48150
48172
48180
48310
48370
48390
48398
48452
48570
48605
48630
48638
48670
48674
48834
48870
48931
48944
48954
48973
49032
49066
49115
49123
49243
49277
49360
49387
49450
49571
49633
49646
49778
49793
49799
49835
49846
49852
49870
49932
50030
50075
50094
50104
50240
50397
50408
50447
50499
50532
50580
50676
50699
50746
50752
50756
50812
50863
50910
50926
50951
51155
51206
51216
51226
51233
51241
51284
51314
51389
51472
51488
51527
51655
51703
51745
51764
51773
51777
51836
51837
51883
51907
51934
51935
51959
52183
52191
52197
52273
52387
52407
52471
52485
52626
52669
52691
52733
52953
52975
52992
53097
53162
53185
53202
53251
53267
53290
53330
53360
53458
53597
53598
53781
53872
53920
53952
54105
54215
54371
54374
54449
54539
54543
54584
54616
54620
54642
54671
54707
54753
54757
54769
54774
54851
54888
54942
55008
55076
55112
55236
55276
55415
55509
55537
55700
55729
55732
55759
55765
55781
55826
55917
56008
56028
56030
56036
56112
56116
56474
56499
56523
56627
56704
56780
56807
56864
56872
56896
56931
56947
57178
57237
57263
57267
57304
57401
57414
57520
57555
57587
57601
57684
57743
57782
57787
57823
57937
58025
58075
58111
58162
58217
58240
58242
58292
58334
58345
58349
58362
58382
58416
58502
58508
58587
58629
58633
58641
58670
58671
58673
58694
58840
58857
58974
59002
59063
59106
59208
59255
59285
59419
59488
59511
59797
59855
59871
60039
60063
60107
60141
60168
60205
60261
60273
60326
60372
60439
60478
60558
60586
60589
60592
60637
60713
60715
60865
61179
61201
61233
61267
61285
61312
61325
61357
61370
61400
61495
61527
61597
61617
61667
61678
61704
61740
61780
61798
61961
62110
62183
62229
62296
62336
62346
62394
62403
62428
62455
62493
62560
62574
62615
62683
62743
62761
62775
62798
62885
62986
63010
63075
63083
63091
63118
63119
63170
63184
63314
63331
63334
63354
63376
63417
63433
63490
63528
63541
63552
63596
63685
63720
63809
63811
63823
63903
63988
64019
64073
64140
64170
64182
64203
64219
64239
64249
64272
64337
64360
64381
64424
64432
64472
64576
64598
64624
64643
64684
64714
64766
64768
64779
64785
64812
64830
64844
64861
64873
64878
64893
64907
64935
64968
65041
65063
65083
65145
65217
65236
65237
65277
65307
65349
65469
65531
65596
65612
65692
65815
65852
65885
65890
65891
65905
65971
66084
66136
66155
66161
66223
66290
66323
66348
66356
66398
66485
66566
66646
66673
66848
66862
66879
66976
67024
67097
67099
67126
67179
67193
67195
67202
67243
67267
67295
67335
67337
67397
67437
67441
67506
67537
67676
67709
67782
67969
68002
68048
68058
68153
68159
68172
68220
68245
68268
68304
68415
68479
68567
68592
68650
68664
68759
68795
68818
68920
68942
68999
69022
69028
69077
69087
69101
69111
69138
69195
69249
69259
69281
69325
69384
69399
69413
69429
69543
69545
69583
69629
69663
69692
69733
69752
69790
69822
69846
69860
69903
69905
69982
70006
70172
70303
70459
70469
70542
70554
70587
70607
70627
70699
70815
70880
70996
71000
71005
71046
71052
71158
71175
71203
71210
71222
71234
71437
71474
71513
71553
71579
71587
71607
71714
71763
71806
71946
71994
72054
72075
72097
72101
72131
72215
72299
72400
72408
72430
72433
72477
72562
72590
72626
72740
72745
72810
72918
72920
72930
73006
73077
73085
73093
73201
73236
73238
73524
73527
73623
73684
73801
73812
73927
73953
73956
74066
74246
74266
74304
74340
74371
74382
74437
74477
74487
74514
74546
74828
74847
74903
74923
74964
74974
75034
75098
75110
75132
75162
75244
75258
75295
75299
75320
75337
75389
75412
75458
75475
75483
75515
75517
75550
75648
75656
75753
75786
75849
75921
76009
76051
76071
76085
76111
76198
76233
76266
76326
76398
76413
76426
76482
76542
76546
76639
76657
76667
76670
76727
76754
76818
76828
76857
76927
77156
77195
77250
77323
77343
77357
77518
77651
77710
77728
77742
77860
77973
78037
78131
78208
78227
78317
78332
78412
78522
78566
78605
78636
78654
78722
78726
78797
78805
78857
78872
78876
78961
78997
79004
79071
79087
79097
79099
79111
79135
79207
79243
79286
79341
79353
79421
79434
79487
79566
79652
79685
79777
79824
79881
79967
79984
80000
80124
80142
80151
80217
80234
80275
80328
80386
80406
80429
80549
80550
80554
80638
80772
80849
80859
80861
80927
81029
81031
81089
81095
81143
81224
81230
81268
81292
81321
81567
81609
81624
81687
81722
81769
81861
81895
82008
82041
82391
82554
82907
82933
82957
83001
83013
83153
83168
83276
83352
83436
83498
83518
83522
83550
83564
83610
83631
83676
83703
83725
83741
83769
83784
83888
83973
83994
84102
84116
84157
84249
84448
84450
84466
84470
84552
84587
84617
84671
84692
84711
84763
84770
84785
84848
84856
84999
85149
85183
85271
85359
85405
85450
85585
85587
85593
85613
85639
85751
85822
85887
85971
86042
86068
86097
86133
86134
86154
86218
86325
86413
86417
86459
86467
86479
86483
86508
86510
86588
86597
86693
86756
86786
86799
86802
86843
86859
86869
87040
87179
87187
87285
87445
87496
87539
87565
87642
87770
87784
87853
87926
87968
87973
88148
88175
88241
88246
88346
88350
88368
88370
88442
88443
88501
88547
88553
88599
88685
88715
88768
88891
88893
89044
89116
89199
89211
89252
89330
89342
89474
89523
89599
89662
89717
89821
89995
90032
90149
90182
90205
90284
90351
90372
90452
90525
90605
90669
90679
90769
90841
90970
91011
91078
91231
91269
91294
91369
91373
91422
91446
91503
91571
91642
91681
91687
91792
91851
91977
91988
92028
92065
92118
92126
92210
92247
92296
92461
92566
92568
92767
92807
92827
92867
93109
93117
93175
93183
93241
93338
93481
93537
93558
93599
93617
93643
93715
93721
93738
93753
93800
93811
93819
93831
93859
93934
93988
94011
94115
94170
94176
94198
94204
94222
94255
94332
94446
94505
94570
94599
94795
94825
94865
94913
94918
94929
94972
94999
95035
95145
95160
95183
95199
95300
95314
95450
95456
95550
95605
95619
95670
95725
95808
95812
95824
95904
95912
95945
96125
96651
96665
96720
96730
96741
96766
96785
96814
96884
96954
97045
97079
97087
97106
97167
97189
97259
97265
97317
97319
97487
97548
97655
97688
97709
97836
97949
98130
98133
98366
98398
98501
98527
98540
98614
98697
98712
98726
98767
98769
98950
98959
99111
99339
99430
99443
99451
99519
99589
99721
99875
99983
100076
100132
100154
100236
100260
100356
100473
100764
100766
100784
100883
100938
101029
101087
101118
101142
101145
101289
101390
101545
101549
101607
101750
101912
101950
101982
102136
102174
102227
102263
102278
102296
102391
102432
102663
102740
102843
102869
102877
102921
102951
102959
103044
103062
103136
103188
103234
103239
103289
103361
103409
103466
103503
103511
103589
103645
103687
103693
103817
103848
103920
103951
104038
104173
104246
104303
104447
104465
104480
104540
104619
104652
104671
104714
104720
104730
104754
104755
104890
104928
104944
104967
105144
105221
105236
105241
105252
105288
105374
105379
105392
105395
105412
105449
105504
105628
105715
105821
105845
105853
105867
105871
105972
106012
106047
106059
106074
106091
106223
106263
106273
106309
106311
106414
106504
106520
106526
106593
106681
106872
106879
106881
106937
107161
107165
107190
107285
107318
107345
107406
107449
107453
107471
107521
107549
107601
107662
107710
107758
107765
107870
107939
107950
108017
108072
108181
108269
108335
108402
108432
108441
108486
108489
108519
108523
108562
108564
108586
108722
108733
108783
108826
108954
108995
109024
109096
109098
109110
109139
109141
109232
109308
109327
109369
109483
109524
109651
109690
109691
109917
110143
110187
110227
110330
110416
110454
110477
110484
110550
110598
110618
110625
110843
110910
110919
110997
111033
111105
111109
111150
111192
111212
111257
111275
111435
111461
111466
111516
111662
111762
111769
111867
111912
111960
111988
112014
112020
112043
112072
112104
112120
112172
112208
112236
112242
112307
112314
112412
112439
112480
112508
112581
112628
112788
112804
112938
113003
113061
113070
113186
113234
113264
113281
113332
113386
113463
113528
113576
113696
113756
113762
113778
113880
113890
113909
113914
113954
114080
114240
114259
114279
114284
114327
114368
114434
114468
114567
114625
114696
114716
114768
114940
114984
115036
115039
115091
115150
115215
115313
115444
115491
115610
115620
115644
115660
115680
115727
115731
115745
115776
115825
115989
115994
116297
116406
116483
116506
116528
116536
116555
116569
116586
116636
116640
116647
116666
116669
116673
116674
116683
116684
116708
116792
116807
116813
116865
116902
117013
117019
117200
117327
117442
117631
117991
118383
118540
118601
118673
118754
118798
119507
119561
119610
119705
119712
119722
119753
119769
119790
119912
119939
119955
119976
119987
120100
120126
120179
120321
120383
120402
120513
120685
120801
120946
120978
120988
121015
121018
121541
121544
121678
122072
122138
122343
122417
122502
122667
122895
122990
123053
123171
123243
123257
123292
123557
123937
124076
124260
124971
125191
125280
125285
125572
125803
125861
126048
126307
126309
126315
126443
126528
126901
126910
127083
127180
127257
127544
127801
128777
128829
128927
129043
129145
129199
129209
129285
129286
129314
129820
129853
129854
129869
129908
130026
130055
130192
130308
130310
130428
130623
130643
130661
130665
130676
130685
130815
131073
131259
131449
131694
131798
132134
132261
132264
132267
132311
132336
132441
132474
132652
132661
133326
133924
134128
134154
134306
134308
134314
134617
134654
134682
135407
137530
137615
137700
137824
138489
138641
138643
139049
139097
139405
140163
140278
140445
141102
141209
141329
142058
142258
142356
142687
143234
143746
144039
144110
144154
144162
144174
144222
144299
144355
144435
144511
144755
144793
144918
144938
145072
145131
145226
145391
145406
145441
145447
145451
145466
145697
145721
145760
145787
146039
146040
146107
146315
146387
146391
146414
146535
146763
147022
147080
147304
147364
147410
147566
147714
147860
148367
148474
148489
148509
148874
149119
149330
149631
149652
149812
150376
150730
150744
150778
150785
150817
150895
150988
151251
151312
151372
151399
151541
151846
152112
152219
152385
152401
152608
152697
152741
152841
152887
152958
153096
153178
153327
153359
153375
153376
154481
154578
154772
154950
155076
155085
155140
155181
155535
155594
155681
155732
155777
155785
155798
155841
155989
156011
156209
156284
156369
156399
156639
156678
156693
156863
156912
156980
157153
157158
157255
157317
157366
157701
157728
157783
158097
158160
158327
158602
158641
158667
159182
159495
159558
160130
160451
160459
160545
160645
160655
160811
160845
160938
161374
161687
161689
161832
161885
161978
162048
162288
162371
162972
163109
163414
163636
163640
163678
163865
164006
164057
164090
164215
164220
164333
164829
164833
164840
165025
165120
165329
165464
165756
165767
166090
166095
166156
166649
166713
166727
166861
167537
167972
168095
168139
168351
168406
168424
169054
169193
169254
169365
169862
170029
170186
170363
170476
170608
170691
170719
171323
171764
171765
171855
171898
171931
172128
172272
173321
173406
174957
174997
175023
175026
175103
175134
175303
175329
175341
175432
175433
175464
175493
175501
175564
175565
175615
175616
175654
175794
175851
175864
175892
175902
175919
175994
176014
176027
176172
176217
176233
176261
176267
176305
178277
178345
178388
178451
178455
178565
178826
178898
178904
178939
178944
179118
179243
179376
179646
179786
179908
179910
179917
180093
180258
180403
180407
180421
180426
180585
180653
180797
180802
181150
181295
181410
181460
181516
181834
182322
182576
182757
182949
183136
183160
183175
183751
183805
183888
184093
184390
184401
184464
184552
184771
184798
184978
185114
185341
185390
185442
185678
186662
186731
186803
186911
186938
186948
186973
187066
187069
187113
187174
187234
187253
187276
187292
187295
187331
187370
187563
187800
187840
187853
187935
187945
188088
188237
188369
188387
188408
189231
189620
190204
190457
190683
190879
191032
191061
191144
191146
191210
191321
191322
191419
191434
191440
191453
191522
191576
191750
192008
192014
192023
192105
192116
192118
192207
192900
192977
192988
193109
193448
193543
193557
193886
194123
194456
194461
194467
194573
194579
194599
194675
194741
194778
194885
195107
195161
195424
195467
195688
196418
197044
197463
197904
197915
198254
198706
198949
199030
199051
199127
199150
199155
199286
199335
199356
199397
199447
199455
199655
199830
199832
199907
199962
199972
199974
200029
200174
200245
200312
200753
200958
201017
201367
201394
201438
201440
201518
201994
202030
202034
202148
202149
202427
202526
202529
202857
203075
203140
203141
203244
203283
203284
203651
203920
203922
204014
204027
204170
204214
204461
204472
204559
204766
204797
204844
204856
205154
205354
205714
205715
205808
205823
205863
205875
206025
206039
206401
207135
207183
207197
207552
207721
208189
208657
208669
208702
208713
208766
208839
208850
208868
209043
209101
209188
209221
209292
209907
211124
211252
211675
211807
212852
213347
213365
213474
214174
214205
214546
214613
215246
215770
216064
216290
218357
218419
218690
219002
219077
219836
220264
221119
221730
222224
223279
224196
224949
225518
226222
226319
226403
226450
226589
226663
226705
226827
226885
227262
227309
227659
227669
227693
227726
227728
227744
227753
227768
227772
227825
227849
227863
227905
227977
227980
228179
228401
228423
228547
228671
228716
228743
228755
228767
228783
228786
228810
228814
228823
228841
228877
228880
228899
229007
229008
229009
229029
229033
229059
229069
229109
229160
229162
229198
229255
229258
229279
229290
229333
229344
229377
229483
229575
229651
229666
229692
229708
229733
229734
229857
229870
229897
229900
230025
230171
230349
230468
230500
230523
230580
230601
230866
231068
231781
232425
232795
233336
233586
233885
233902
233906
234563
234699
236177
236721
236872
237068
237787
237882
238385
238421
238453
240557
240577
240860
241230
241238
242157
242198
242331
242892
242939
243178
243299
243366
243624
243627
243628
243650
243705
244041
244221
244423
244527
244766
244906
245009
245213
245588
245608
245620
245706
245784
245888
246028
246085
246390
246414
246416
246636
246788
246851
246982
247244
247267
247278
247294
247325
247948
248129
249154
249617
250046
250356
251471
251472
251648
251885
252215
253550
253600
253817
254244
254280
254675
254677
254743
254919
255417
255867
255878
258210
258293
258756
258900
258940
259385
259563
259578
259754
259826
260507
260518
260749
260760
260775
260988
262310
262368
262472
262676
262890
263473
263556
263615
263948
263960
263973
264032
264289
264358
264391
264413
264577
264734
265374
265384
265395
265510
265805
265821
265992
266111
266145
267084
267283
267322
267950
267953
267969
267974
267983
267999
268043
268172
268634
268739
268986
269261
270011
270022
271061
271170
271321
271747
272108
272380
272540
272584
272626
272727
272750
272786
272920
272962
273062
273279
273666
273764
273814
274047
274055
274065
274083
274120
274146
274283
274325
274349
274405
274433
274454
274456
274468
274480
274495
274593
274758
274858
276909
276910
277108
277341
277439
277540
277582
277729
277963
277970
278027
278958
279020
279103
279137
279226
279263
279412
279852
280083
280204
280536
280649
281139
281731
282288
282474
282996
284377
284660
284686
285121
285136
285433
285705
285731
286690
287014
287064
287425
287564
287774
287776
287926
288029
288223
288361
288428
288509
288682
288836
288877
289103
289184
289193
289548
289931
289937
289957
289963
290383
290697
290710
290893
290958
291000
291020
291155
291236
292249
292452
292617
292811
292893
292909
292970
293019
293201
293253
293262
293292
293304
293317
293402
293470
293480
293545
293847
293948
293959
294088
294139
294147
294256
294759
294808
294895
294927
295476
295526
295658
295696
295781
296724
296768
297603
297731
297739
298087
298247
298251
298546
298881
298884
299151
299214
299264
299328
299341
299398
299402
299467
299556
299581
299615
299659
299746
299808
299827
299835
299987
300059
300147
300469
300970
300979
301249
301261
301309
301534
301654
302231
303380
303381
303423
303427
303439
303540
303592
303736
303764
304008
304481
305330
305508
305687
305737
305852
305867
305949
306096
306171
306197
306483
306517
306521
306985
307555
307586
307600
307672
307832
307905
308074
308430
308979
309397
309799
309897
309966
310026
310054
310357
310462
310490
310547
310577
310777
310842
311263
311421
312138
313052
313295
313369
314494
315173
315555
315588
315624
315634
315668
315804
316357
316421
316445
316495
316502
316812
316844
317002
317241
317334
317335
317697
317775
317885
318035
318456
318533
318559
318628
318648
318675
318953
319045
319120
319131
319268
319294
319654
319701
319717
319793
319944
319986
320008
320011
320443
320458
320508
320803
320947
321001
321004
321068
321153
321780
321781
322012
322381
322544
322558
322579
322587
322736
322790
322816
322894
323057
323067
323071
323482
323648
323685
323736
323786
323801
323974
324063
324153
324215
324234
324476
324487
324521
324738
324756
324791
324944
324998
325018
325027
325069
325138
325201
325341
325483
325532
326107
326212
326257
326345
326348
326400
326594
326998
327094
327137
327238
327240
327334
327350
327420
327421
327427
327460
327794
328111
328177
328230
328703
329260
330096
330116
330439
330561
330743
330781
330845
330900
330928
331648
331723
331868
332222
332286
332287
332345
332396
332410
332464
332611
332853
332885
333050
333254
333334
333988
334512
334547
334973
335036
335254
335300
335480
335530
335578
335611
335728
335847
335938
336032
336237
336282
336348
336686
336938
336977
337006
337127
337137
337154
337182
337184
337215
337260
337561
337805
337930
338198
338233
338251
338261
338288
338355
338726
338731
339438
339447
339479
339496
339504
339915
339965
339996
340228
340277
340585
340727
340787
341352
341366
341593
341741
341746
341778
341790
342318
342911
343148
343430
343473
343625
343645
343779
344265
344272
344665
345065
345330
345408
345794
346106
346354
346610
346812
346846
346852
346911
346923
346933
347013
347374
347861
347995
348002
348031
348385
348664
348839
348892
348909
348915
349152
349161
349195
349224
349371
349398
349425
349628
349631
349659
349665
349674
349699
349711
349757
349866
350148
350477
350545
350570
350572
350584
350585
350615
350628
350652
350663
350887
351097
351100
351200
351267
351305
351331
351480
351630
351679
351770
351942
351990
352427
352428
352533
352573
352587
352653
352715
352798
352813
352837
352850
352897
352923
352937
352938
352979
352991
352994
353411
353517
353633
354368
354466
354594
354616
354623
354634
354739
354773
354926
355142
355154
355315
355340
355399
355459
355505
355564
355789
356347
357124
357139
357420
357742
358356
358603
358709
358738
358769
358886
358946
358977
359059
359182
359366
359367
359475
359529
359696
359752
359801
360426
360691
361088
361299
361326
361359
361387
361617
361618
362636
362645
362998
363144
363465
363749
363788
363971
363990
364472
364758
365001
365127
365323
365363
365423
365446
365540
365580
365588
365596
365657
366480
366485
366534
366757
366795
367283
367497
367554
367659
367690
368050
368209
368220
368370
368721
368848
369159
369963
369971
370248
370249
370292
370341
370375
370385
370457
370471
370496
370543
370703
370726
370770
370874
370896
370985
371098
371100
371183
371204
371256
371324
371362
371374
371426
371454
371638
371646
371673
371847
372390
372445
372573
372577
372584
372696
372724
372736
372799
372952
373165
373299
373393
373497
373636
373656
373680
373772
374113
374293
374481
374603
374962
374993
375004
375173
375287
375452
375532
375623
375641
375732
375808
375836
375842
375877
375884
375999
376006
376029
376077
376164
376303
376624
376766
376794
376876
377140
377152
377325
377344
377352
377379
377382
377389
377436
377449
377453
377662
377712
377732
377736
377785
377867
377871
378009
378151
378172
378214
378218
378233
378269
378332
378357
378385
378397
378418
378424
378443
378562
378597
378598
378683
378690
378811
378816
378817
378891
379066
379204
379210
379372
379531
379557
380162
380190
380803
380861
381019
381082
381734
381945
381964
381965
381972
381991
382632
382636
382712
382774
382867
382958
382986
383088
383168
383411
383749
383849
383869
383873
383974
384195
384289
384316
384344
384953
384956
385078
385211
385214
385271
385272
385292
385358
385399
385583
385603
385840
385853
386317
386323
386324
386437
386508
386687
386722
386771
386805
386884
386900
386967
386981
386994
387008
387153
387318
387348
387353
387354
387384
387430
387510
387573
387679
387832
387857
388064
388126
388196
388203
388256
388607
388667
388821
388842
388934
388991
389044
389132
389160
389284
389333
389339
389406
389459
389495
389523
389641
389642
389674
389692
389769
389934
390082
390257
390258
390263
390271
390275
390315
390324
390346
390363
390415
390652
390696
390713
390714
390761
390866
390922
391012
391014
391049
391400
391485
391673
391744
391787
391875
391876
391891
391910
391934
392046
392080
392299
392304
392356
392428
392594
392668
392971
393066
393126
393163
393189
393222
393248
393272
393317
393518
393527
393561
393568
393673
393719
393770
393780
393794
393853
393854
393946
393950
394011
394012
394062
394157
394199
394234
394263
394269
394274
394286
394342
394417
394418
394419
394422
394464
394488
394496
394509
394555
394561
394573
394615
394626
394650
394671
394683
394705
394719
394724
394734
394761
394769
394778
395047
395078
395090
395099
395122
395156
395243
395313
395326
395618
396007
396137
396154
396162
396177
396195
396219
396235
396315
396399
396447
396832
396874
396913
397109
397233
397251
397355
397368
397381
397518
397545
397554
397655
397814
397911
397937
398021
398108
398122
398123
398150
398235
398362
398542
398553
398843
398845
398900
399043
399134
399155
399169
399179
399346
399510
399592
399716
399973
400080
400102
400171
400174
400231
400266
400403
400485
400779
401103
401170
401513
401597
401720
401724
402097
402114
402143
402288
402376
402509
402524
402657
402780
403040
403411
403591
403758
403781
404561
404564
406310
406338
406355
406384
406411
406482
406484
406644
406677
406988
407096
407107
407180
407267
407388
407414
407794
407795
408011
408184
408696
408753
408770
408802
408804
409003
409032
409038
409155
409239
409382
409395
409527
409609
410010
410147
410318
410335
410346
410347
410390
410397
410620
410647
410707
410799
410878
410970
410992
410998
411031
411198
411217
411225
411239
411241
411250
411251
411532
411594
411647
411706
411727
411730
411731
412020
412175
412432
412538
412618
412700
412777
412972
413012
413075
413091
413193
413568
413629
413765
413922
413959
413986
414981
415037
415957
416617
416623
416632
416664
416676
416770
416967
417152
417245
417589
417611
417909
419120
419126
419132
419175
419207
419209
419347
419715
419888
419923
419930
420525
420526
420932
420936
421402
421941
421959
421975
422110
422114
422209
422231
422258
422284
422301
422329
422358
422368
422394
422406
422550
422576
422596
422603
422673
422720
422762
422763
422770
422796
422807
422812
422815
422843
422853
422854
422985
422986
422990
422993
423535
424837
425453
426656
426927
427234
427967
427988
428252
429134
429148
429222
429295
429475
429957
430275
430283
430294
430427
430478
430889
431023
431092
431104
431130
431696
431847
432633
432712
432810
432884
433123
433148
433157
433181
433219
433230
433277
434044
434494
434814
434838
434868
434903
434917
434926
434933
434956
435001
435021
435060
435066
435068
435102
435637
435645
435724
435791
435884
435886
435969
436019
436042
436180
436199
436250
436302
436370
436424
436434
436592
436609
436624
436715
436827
436844
436908
436985
437130
437283
437294
437441
437481
437495
437519
437536
437622
437863
437894
437923
437950
438098
438127
438411
438432
438442
438530
438539
438875
438883
439182
