49
69
103
160
222
258
306
324
343
347
350
371
471
494
583
585
597
616
651
767
771
850
913
939
979
989
1122
1329
1403
1429
1560
1580
1718
1737
1748
1855
1880
1942
1948
1996
2026
2034
2042
2070
2083
2120
2133
2173
2254
2261
2320
2496
2559
2575
2641
2717
2725
2733
2741
2757
2771
2792
2794
2841
2856
2950
3017
3154
3160
3166
3236
3268
3270
3521
3535
3617
3702
3738
3852
3908
4015
4037
4051
4154
4270
4407
4419
4595
4635
4652
4662
4764
4939
4970
5009
5067
5088
5150
5192
5197
5208
5273
5283
5436
5450
5672
5686
5702
5877
5893
5905
6015
6021
6049
6176
6195
6391
6399
6405
6435
6439
6440
6442
6475
6514
6544
6565
6579
6637
6648
6748
6788
6822
6835
6865
6874
6876
6880
6898
6905
6952
6987
7009
7089
7094
7128
7176
7188
7204
7248
7250
7266
7267
7324
7345
7351
7380
7458
7595
7653
7672
7707
7742
7773
7776
7810
7819
7859
7900
7914
7937
7958
7984
8057
8093
8192
8210
8251
8316
8364
8567
8573
8579
8597
8653
8846
8848
8863
8887
8940
8971
8996
9029
9064
9074
9198
9234
9258
9280
9308
9341
9381
9408
9410
9598
9616
9661
9663
9742
9785
9831
9927
10072
10172
10180
10214
10236
10349
10356
10371
10378
10408
10439
10482
10553
10562
10569
10592
10742
10849
10881
10909
10925
11069
11094
11169
11239
11246
11278
11324
11337
11341
11421
11493
11521
11543
11561
11675
11722
11760
11776
11804
11955
12007
12065
12082
12118
12157
12217
12227
12231
12319
12375
12462
12483
12485
12517
12809
12811
12844
12905
12947
12956
13077
13096
13097
13126
13144
13271
13289
13536
13606
13661
13724
13783
13876
13888
13951
13955
13973
13989
14013
14073
14080
14090
14093
14192
14371
14608
14614
14665
14675
14677
14714
14720
14728
14747
14755
14794
14956
14977
15044
15087
15146
15158
15199
15207
15209
15414
15615
15664
15673
15824
15848
15924
16069
16086
16126
16197
16208
16231
16267
16287
16330
16334
16364
16442
16576
16593
16597
16661
16663
16752
16778
17007
17037
17080
17108
17143
17223
17242
17247
17296
17361
17440
17460
17476
17482
17497
17535
17541
17590
17620
17751
17754
17812
17814
17846
17873
17889
18024
18061
18079
18091
18097
18210
18317
18362
18379
18455
18461
18495
18507
18543
18600
18669
18762
18772
18789
18791
18805
18814
18820
18827
18888
18927
19075
19163
19189
19231
19402
19424
19544
19575
19592
19608
19609
19650
19669
19686
19690
19717
19817
19819
19840
19860
19977
20010
20120
20219
20260
20291
20366
20386
20417
20435
20575
20608
20648
20677
20701
20814
20900
20974
21106
21139
21162
21285
21355
21391
21439
21446
21450
21516
21554
21589
21598
21605
21607
21735
21878
21891
21892
21975
22075
22100
22112
22125
22159
22241
22319
22347
22360
22371
22417
22546
22563
22597
22613
22677
22803
22809
22821
22863
22868
23054
23150
23176
23287
23298
23315
23353
23409
23411
23443
23465
23547
23616
23730
23766
23796
23827
23924
24124
24205
24265
24276
24278
24374
24397
24439
24474
24553
24580
24584
24717
24734
24736
24762
24772
24828
24844
25056
25088
25137
25171
25247
25261
25298
25329
25333
25335
25438
25475
25504
25520
25708
25714
25716
25759
25852
25858
25893
25897
25907
25954
26012
26016
26017
26021
26023
26089
26092
26136
26267
26271
26273
26347
26379
26408
26430
26434
26526
26579
26685
26715
26740
26885
26906
26976
27034
27126
27146
27164
27214
27267
27285
27356
27405
27455
27504
27510
27612
27670
27690
27694
27755
27787
27859
27867
27910
27946
28004
28071
28201
28307
28342
28401
28404
28503
28582
28599
28605
28611
28774
28838
28845
28904
28950
28954
28973
28985
29000
29003
29010
29038
29047
29084
29103
29107
29168
29180
29203
29226
29257
29264
29268
29286
29288
29336
29428
29448
29474
29512
29520
29602
29756
29868
29905
30127
30159
30190
30237
30254
30277
30473
30588
30609
30656
30906
30917
30973
31108
31132
31169
31281
31384
31385
31387
31410
31420
31464
31472
31517
31531
31601
31635
31683
31747
31902
31964
32176
32279
32322
32379
32418
32425
32441
32478
32553
32576
32600
32753
32758
32777
32824
32827
32948
32982
33030
33036
33046
33073
33188
33227
33343
33462
33463
33474
33538
33578
33661
33671
33715
33778
33812
33871
33899
33958
33996
34036
34056
34087
34127
34141
34143
34145
34168
34172
34202
34412
34430
34447
34469
34494
34532
34679
34770
34836
34897
34937
34973
34990
34996
35045
35158
35188
35223
35237
35257
35296
35308
35321
35323
35337
35350
35381
35446
35450
35456
35462
35549
35558
35560
35651
35710
35711
35779
35930
35967
36033
36046
36057
36237
36247
36271
36273
36274
36285
36291
36293
36297
36354
36362
36428
36448
36575
36634
36746
36820
36892
36908
36996
37106
37132
37191
37226
37258
37302
37327
37538
37613
37615
37619
37654
37668
37745
37823
37864
37939
37963
38005
38009
38089
38094
38154
38264
38293
38339
38343
38408
38443
38445
38503
38511
38534
38540
38612
38655
38667
38783
38787
38790
38807
38856
38864
38888
38931
39047
39048
39156
39158
39250
39332
39388
39442
39521
39595
39631
39665
39753
39797
39902
39945
40019
40142
40177
40179
40187
40191
40281
40309
40359
40491
40528
40567
40615
40646
40695
40713
40813
40821
40900
40977
41010
41012
41022
41092
41129
41298
41413
41480
41571
41635
41641
41654
41723
41729
41730
41782
41809
41825
41829
41957
41960
42035
42103
42464
42511
42512
42525
42641
42670
42896
42927
43047
43076
43127
43144
43153
43157
43199
43225
43226
43250
43335
43341
43359
43603
43605
43624
43629
43739
43747
43821
43826
43879
43950
44002
44046
44151
44180
44190
44221
44223
44233
44247
44288
44290
44295
44311
44410
44490
44522
44538
44549
44556
44624
44736
44835
44841
44913
45004
45050
45117
45133
45134
45143
45180
45194
45280
45360
45361
45413
45417
45501
45549
45637
45641
45655
45783
45975
46028
46036
46051
46217
46287
46365
46399
46414
46430
46444
46479
46501
46534
46549
46594
46619
46643
46753
46966
47001
47041
47104
47206
47216
47315
47421
47510
47538
47574
47698
47730
47739
47840
47872
47906
47929
48053
48094
48098
48194
48239
48252
48459
48590
48644
48671
48740
48762
48764
48922
48982
48993
49172
49254
49292
49342
49357
49404
49538
49551
49640
49668
49719
49799
49836
50071
50077
50105
50109
50121
50137
50233
50275
50282
50287
50334
50439
50463
50471
50636
50682
50713
50727
50748
50763
50765
50813
50928
50968
50973
50991
50997
51043
51052
51163
51212
51282
51386
51462
51478
51508
51546
51572
51735
51759
51838
51907
51998
52027
52164
52202
52329
52331
52336
52506
52593
52639
52669
52766
52794
52819
52875
52889
52950
53177
53180
53217
53287
53420
53439
53533
53586
53668
53699
53741
53787
53801
53964
54103
54104
54110
54123
54135
54180
54210
54232
54323
54353
54368
54471
54477
54514
54620
54679
54727
54785
54831
54854
54913
54957
55006
55011
55012
55022
55030
55040
55202
55212
55222
55252
55291
55487
55501
55505
55565
55579
55596
55626
55796
55807
55824
56049
56214
56240
56347
56354
56377
56593
56615
56684
56694
56899
57011
57017
57040
57104
57207
57212
57269
57283
57305
57355
57632
57657
57674
57680
57685
57708
57726
57750
57752
57763
57767
57776
57905
57907
57940
57950
57990
57994
58003
58057
58058
58169
58172
58188
58281
58306
58325
58357
58363
58426
58432
58492
58496
58552
58561
58566
58628
58634
58659
58665
58675
58739
58842
58904
58931
58970
58974
59013
59022
59081
59085
59201
59237
59239
59247
59249
59312
59317
59498
59563
59571
59579
59722
59731
59779
59944
59996
60041
60085
60145
60155
60201
60239
60290
60363
60376
60422
60433
60473
60479
60534
60540
60568
60582
60587
60657
60755
60769
60785
60793
60996
61017
61099
61101
61107
61114
61133
61186
61187
61299
61335
61653
61731
61762
61764
61886
61915
61971
61977
61978
62023
62041
62064
62115
62122
62167
62255
62256
62301
62314
62421
62575
62609
62611
62648
62682
62686
62693
62830
62837
62999
63005
63117
63143
63171
63249
63323
63346
63370
63381
63410
63479
63555
63742
63779
63784
63831
63973
64019
64142
64145
64163
64170
64217
64238
64247
64276
64423
64465
64511
64551
64713
64764
64766
64830
64838
64955
65037
65134
65212
65250
65256
65296
65331
65435
65484
65528
65565
65591
65609
65709
65723
65855
65873
65925
65960
65989
66055
66072
66116
66123
66130
66189
66224
66448
66472
66724
66734
66781
66785
66863
66921
66935
66984
67016
67030
67055
67079
67092
67107
67126
67147
67167
67225
67304
67408
67458
67470
67492
67528
67530
67563
67567
67590
67596
67625
67792
67860
67881
67932
68038
68182
68226
68257
68385
68393
68421
68425
68431
68450
68475
68490
68496
68508
68528
68567
68682
68752
68776
68824
68840
68842
68868
68918
68919
69015
69127
69160
69184
69225
69227
69228
69269
69273
69276
69422
69471
69584
69628
69642
69733
69756
69796
69883
69934
69955
70031
70039
70094
70225
70238
70255
70263
70293
70329
70449
70476
70534
70570
70612
70641
70692
70708
70802
70808
70880
70956
70975
71063
71101
71156
71331
71393
71442
71550
71575
71668
71723
71770
71801
71804
71900
71939
71958
72094
72182
72188
72258
72382
72438
72509
72579
72697
72701
72871
72940
72986
73039
73063
73120
73137
73174
73176
73274
73375
73376
73382
73452
73588
73822
73844
73955
73984
74027
74038
74097
74188
74270
74277
74344
74367
74487
74490
74661
74663
74817
74823
74900
74970
75050
75083
75105
75107
75201
75460
75472
75512
75545
75551
75692
75694
75771
75778
75811
75851
75925
76157
76194
76214
76296
76378
76466
76494
76512
76562
76638
76663
76687
76714
76752
76766
76980
77010
77070
77208
77261
77280
77294
77437
77480
77504
77568
77769
77921
77980
78019
78033
78112
78171
78201
78284
78434
78462
78468
78502
78528
78638
78715
78732
78753
78835
78858
78907
78980
78988
79000
79027
79029
79082
79294
79316
79379
79445
79462
79471
79539
79546
79617
79619
79669
79691
79734
79748
79750
79784
79792
79867
79912
79934
80017
80020
80257
80279
80519
80531
80550
80569
80943
81135
81180
81193
81231
81317
81368
81403
81526
81605
81635
81780
81914
81987
82057
82188
82196
82293
82372
82393
82462
82673
82721
82748
82792
82794
82809
82822
82864
82882
82889
83008
83027
83205
83207
83314
83350
83411
83440
83468
83541
83571
83688
83880
83881
83908
84009
84041
84043
84062
84070
84100
84148
84191
84362
84374
84467
84533
84678
84717
84857
84878
85121
85287
85295
85305
85339
85349
85375
85376
85413
85464
85499
85600
85606
85707
85797
85919
86232
86300
86369
86377
86383
86385
86445
86681
86786
86789
86803
86937
86955
86984
87028
87129
87240
87287
87292
87346
87502
87668
87704
87738
87886
87930
87938
87959
87983
88025
88106
88117
88128
88274
88301
88322
88404
88607
88685
88693
88697
88721
88748
88801
88849
88859
88867
88869
88908
88967
88969
89026
89036
89082
89239
89252
89266
89322
89452
89505
89519
89556
89560
89593
89706
89756
89776
89887
89919
90013
90099
90100
90152
90200
90282
90392
90536
90549
90557
90563
90649
90718
90751
90911
90986
91031
91042
91131
91138
91161
91240
91299
91337
91349
91513
91570
91574
91726
91861
91936
91940
91970
91996
91998
92037
92072
92176
92209
92226
92238
92241
92259
92405
92437
92475
92481
92485
92510
92547
92549
92708
92771
92847
92951
93053
93113
93124
93126
93199
93229
93273
93306
93324
93517
93551
93625
93838
93850
93999
94014
94030
94183
94305
94345
94612
94621
94638
94742
94745
94747
94785
94829
94835
94845
94911
94931
95044
95102
95156
95259
95331
95373
95401
95488
95644
95735
95741
95751
95781
95853
95859
95872
95899
95919
95943
96001
96050
96105
96143
96147
96188
96201
96236
96274
96293
96294
96353
96369
96371
96385
96391
96451
96483
96491
96526
96549
96636
96713
96759
96770
96814
96855
96906
96932
97018
97031
97085
97131
97137
97139
97212
97412
97450
97452
97494
97613
97681
97692
97697
97708
97760
97812
97822
97847
97870
97900
98011
98094
98100
98124
98190
98231
98243
98251
98275
98303
98321
98400
98419
98593
98897
98945
99008
99066
99184
99251
99344
99395
99414
99472
99570
99586
99618
99690
100006
100054
100102
100116
100253
100273
100293
100347
100384
100542
100674
100676
100692
100772
100798
100851
101053
101195
101264
101321
101405
101421
101425
101505
101525
101578
101674
101847
101904
102112
102118
102257
102317
102326
102385
102407
102496
102518
102522
102550
102570
102578
102596
102615
102629
102731
102755
102846
102866
103016
103022
103075
103078
103089
103111
103140
103149
103199
103225
103464
103582
103607
103630
103671
103695
103786
103844
103850
103872
103910
103925
103941
103963
104024
104090
104097
104147
104163
104267
104406
104508
104548
104607
104640
104791
104891
105086
105109
105205
105302
105388
105401
105443
105595
105692
105784
105842
105933
105981
106034
106147
106206
106281
106297
106430
106465
106498
106514
106526
106552
106610
106695
106757
106815
106861
106866
106937
106953
107021
107235
107309
107324
107402
107456
107506
107550
107590
107712
107789
107799
107840
107859
107905
107958
107976
107980
107983
108021
108029
108117
108208
108215
108224
108230
108283
108340
108392
108514
108531
108559
108609
108621
108627
108641
108683
108833
108868
108900
109036
109179
109226
109257
109391
109497
109506
109514
109539
109670
109688
109875
109913
110008
110080
110137
110180
110234
110277
110310
110326
110342
110491
110526
110584
110612
110687
110761
110903
111138
111267
111369
111408
111517
111536
111585
111678
111735
111762
111786
111937
111948
111958
111979
112013
112053
112080
112168
112187
112217
112227
112388
112416
112468
112489
112540
112632
112643
112822
112834
112857
112881
112943
112959
113013
113138
113150
113322
113366
113447
113492
113546
113572
113573
113605
113685
113708
113709
113718
113731
113964
114036
114042
114078
114088
114133
114148
114174
114259
114261
114290
114302
114321
114394
114411
114419
114518
114541
114551
114596
114807
114854
114885
115070
115092
115104
115122
115126
115130
115136
115151
115235
115277
115302
115307
115321
115335
115404
115420
115444
115494
115517
115631
115633
115734
115814
116293
116318
116336
116491
116499
116520
116573
116664
116693
116854
117371
117387
117471
117813
117836
117923
118035
118131
118140
118258
118279
118297
119205
119300
119412
119450
119481
119486
119524
119545
119622
119697
119832
120052
120062
120095
120108
120278
120340
120399
120473
120807
120941
121055
121317
121324
121472
122043
122135
122207
122491
122505
122513
122517
123081
123336
123397
123502
123699
123759
123769
123781
124019
124254
124603
124756
124988
124994
125533
125582
125717
125913
126074
126083
126368
126406
126803
126973
127037
127277
127284
127651
127884
127915
127952
128142
128843
129087
129088
129111
129285
129307
129427
129584
129953
130019
130031
130084
130347
130410
130588
130625
130664
130739
130919
131225
131294
131354
131395
131442
131779
131929
132034
132174
132177
132403
132723
133083
133104
133135
133234
133872
134367
135158
135581
135698
135922
136899
137446
137452
137487
137505
137627
138390
138632
138948
139225
139761
139922
140052
141436
142134
142409
142440
142553
142672
142765
143652
143972
144059
144229
144329
144474
144606
144829
144985
145043
145073
145158
145250
145351
145448
145624
145757
145791
146094
146191
146300
146829
146914
146952
147244
147308
147325
147807
147844
148006
148195
148322
148360
148508
148801
149006
149133
149192
149231
149507
150541
150706
150973
151027
151138
151238
151286
151294
152117
152151
152174
152207
152323
152495
152609
152611
152673
152688
152694
152713
152766
152771
152820
152956
153194
153383
153447
153648
153685
154794
154798
154847
154864
154953
154974
155188
155244
155401
155449
155543
155589
155737
155816
155900
156041
156155
156176
156182
156391
156396
156518
156616
156653
156744
156760
156849
156874
157099
157152
157170
157205
157243
157397
157484
157499
157898
158050
158168
158173
158189
158387
158514
158678
159091
159553
159746
159785
159940
160032
160096
160127
160128
160144
160163
160284
160319
160494
160519
160578
161154
161238
161293
161318
161438
161472
161512
161779
162189
162499
162544
162547
162873
162925
163340
163344
163461
163532
163647
164028
164157
164654
164729
165001
165356
165369
165449
165460
165981
165983
166059
166071
166153
166377
166451
166472
166577
166803
166809
167146
167161
167476
167532
167576
167891
167962
168256
168535
168640
169132
169314
169402
169482
169519
169520
169965
170151
171032
171125
171195
171266
172279
172398
172550
172577
172596
172643
172656
172659
172687
173685
174196
174243
174380
174401
174546
174612
174706
174746
174772
174840
174845
174881
174886
174920
174938
175004
175151
175161
175261
175332
175337
175360
175393
175411
175453
175460
175465
175589
175597
175601
175626
177692
177697
177718
177787
177815
177830
177935
177980
177983
178206
178248
178254
178271
178536
178588
178679
179039
179042
179065
179173
179386
179656
179681
179877
180049
180114
180249
180279
180330
180514
180636
180658
180690
180752
180757
180782
180906
181253
181395
181822
181867
182012
182116
182214
182240
182687
182804
183045
183068
183270
183359
183746
183747
183775
183785
183928
184121
184139
184146
184235
184237
184640
184647
184719
184813
184935
184952
185677
185681
186069
186132
186225
186245
186247
186367
186401
186516
186549
186573
186588
186665
187094
187296
187563
187644
187648
188226
188697
188799
189201
190135
190143
190146
190413
190415
190502
190611
190615
190628
190639
190649
190719
191159
191174
191189
191240
191310
191367
191391
191392
191399
191406
191423
191429
191450
191459
191483
191531
191982
192112
192360
192575
192843
192884
193013
193023
193064
193073
193075
193463
193837
193853
194006
194145
194381
194394
194475
194706
194717
194728
194800
194816
195713
195801
195895
197190
197214
197355
197506
197521
197971
197986
198379
198417
198524
198582
198659
198692
198723
198725
198919
198993
199097
199173
199404
199442
199444
199754
200084
200207
200291
200355
200362
201171
201181
201244
201260
201420
201546
201574
201584
201600
201608
201691
202122
202131
202319
203175
203211
203323
203545
203792
203851
203869
204040
204080
204141
204348
204395
204406
204445
204458
204576
204749
205634
205673
205862
206087
206303
206449
206588
206790
207090
207178
207274
207642
208025
208051
208052
208111
208268
208287
208307
209034
209052
209069
209194
210080
210391
210456
211209
211338
211395
212510
212618
213112
213135
213469
213488
214837
216226
216260
216623
216899
217620
218324
219756
220777
221926
222345
222532
222791
222868
225575
225661
225968
225994
226187
226207
226300
226371
226529
226597
226841
226898
226949
226970
227056
227138
227181
227184
227220
227303
227312
227432
227440
227491
227528
227534
227572
227944
227969
228007
228048
228157
228183
228200
228208
228306
228312
228320
228368
228386
228396
228448
228468
228516
228528
228543
228602
228631
228728
228780
228926
228986
229104
229114
229121
229154
229317
229615
229689
229761
229766
229806
229821
229911
230325
230348
231081
231226
231234
231305
231495
231693
231778
232146
232678
232846
233169
233572
233718
233724
234470
235356
235464
235686
235854
235855
235961
236232
236488
236624
236903
236918
236943
237060
237162
237393
237678
237802
239095
239216
239348
239683
239802
240280
240505
241459
241621
242570
242670
242767
242772
242953
242975
243127
243205
243254
243256
243338
243480
243487
243533
243610
244173
244274
244538
244584
244633
244805
244815
244938
245231
245237
245546
245679
246041
246046
246185
246539
246606
246674
246731
246816
246835
246912
247210
247943
247947
248419
248468
248885
248910
249397
249800
250453
250735
251215
251348
252049
252137
252825
253546
254108
254228
254271
254308
254453
254514
254524
254624
256134
256788
257195
257256
257272
257296
257331
257734
257795
257830
257936
257943
258140
258336
258337
258849
258883
258912
259397
259434
259621
259649
259650
260037
260426
260553
262388
262423
262447
262451
262631
262782
262787
263224
263259
263299
263552
263554
263556
263557
263584
263600
263607
263660
264114
264136
264159
264305
264357
264378
264430
264581
264620
264621
264640
264731
264764
265066
265260
265365
265842
266158
266371
266404
266412
266946
267172
267328
267369
267384
267385
267482
267815
268205
268214
268217
268219
268659
268721
269240
269250
269268
269632
269785
270347
270416
270434
270445
271021
271265
271397
271501
271513
271608
272142
272372
272424
272449
272460
272509
272617
272743
272874
272898
272921
272970
273031
273041
273071
273323
273342
273431
273504
273617
273665
273677
273718
273820
273960
274016
274027
274032
274083
276121
276170
276495
276695
277311
278467
278556
278629
278865
278879
279303
279305
279858
279924
280676
281159
281505
281526
281659
282226
282764
282957
283598
283612
283796
283813
284365
284872
285344
285677
286297
286492
286630
286761
286762
286894
287080
287115
287243
287244
287323
287354
287551
287559
287562
287571
287578
287747
287807
287825
287873
287886
287982
288003
288138
288139
288186
288237
288308
288458
288756
288870
289161
289192
289200
289248
289295
289338
289515
289674
289904
289938
290068
290156
290296
290393
290434
290553
290623
291435
292008
292189
292193
292522
292531
292548
292568
292599
292985
293024
293031
293086
293182
293224
293283
293377
293473
293942
294285
294368
294539
294566
294665
294759
294890
295635
295656
295952
295975
296060
296551
296838
296950
297282
298085
298127
298216
298497
298498
298655
298750
298768
298922
298980
299016
299270
299348
299367
299658
299669
300132
300170
300174
300184
300367
300522
300660
300678
300744
300752
300833
300966
301084
301953
302128
302177
302232
302251
302504
302575
302710
302914
303127
303128
304377
304503
304623
304734
304854
305154
305171
305265
305366
305423
305653
305892
306038
306084
306205
306785
306806
307313
307454
307481
307551
307557
307558
307567
308267
309079
309116
309375
309475
309507
309611
309828
310205
310486
310607
310609
310915
310969
311945
312459
313213
313713
313882
313894
314048
314500
314676
314921
314980
315478
315758
315760
316891
317167
317268
317383
317384
317431
317441
317471
317644
317662
317800
317835
317966
318039
318092
318144
318159
318193
318293
318373
318394
318547
318857
318996
319055
319150
319162
319423
319505
319553
319684
320053
320118
320242
320243
320434
320477
320610
320614
320628
320732
320815
320821
320832
320898
321187
321428
321620
321634
322413
322591
322648
322734
322766
322800
322817
322940
322983
323266
323297
323383
323386
323404
323421
323520
323525
323545
323551
323569
323614
323675
323723
323794
323796
323839
323887
324076
324116
324127
324384
324419
324637
324823
324877
325370
325657
325995
326105
326160
326477
326545
326551
326627
326658
326681
326758
326789
326954
326956
327223
327556
327806
327822
327823
327833
327836
328581
328628
328927
329111
329204
329358
329513
329566
329700
329788
329789
329794
329841
329894
330015
330113
330387
330498
330970
331115
331202
331436
332178
332301
332325
332931
333536
333852
333920
334217
334303
334346
334359
334518
334648
334856
335196
335708
335741
335752
335861
336002
336089
336132
336146
336223
336225
336309
336687
336792
337176
337212
337241
337274
337312
337369
337668
337779
338489
338495
338512
338534
338590
338631
339145
339270
340024
340376
340396
340424
340826
341100
341273
341367
341469
341600
342303
342520
342625
342828
343329
343448
344126
344253
344738
344904
345254
345384
345473
345531
345694
345742
346095
346740
346763
346812
346819
346921
347067
347134
347397
348185
348195
348236
348353
348668
348674
348738
348759
348793
348803
348870
349193
349196
349201
349284
349417
349482
349561
349588
349618
349941
350350
350352
350377
350422
350522
350739
350853
350884
351148
351436
351463
351602
351680
351839
351857
351974
352129
352260
352443
352644
352770
352791
353296
353431
353578
353623
353645
353685
353701
353766
353777
353799
354002
354087
354089
354129
354214
354284
354372
354465
354607
354660
354832
354861
355254
355317
355600
355621
355791
355978
356172
356239
356694
356741
356775
356889
357131
357167
357588
357725
357816
357819
357994
358033
358137
358270
359516
359710
359893
360096
360274
360307
360535
360615
360698
360716
360750
360818
361088
361442
361704
361909
361910
362052
362144
362146
362196
362395
362447
362454
362465
362556
362570
362775
362787
362904
362964
363005
363053
363070
363155
363177
363225
363554
363560
363741
363803
363851
364065
364231
364372
364381
364418
364427
364542
364611
364638
364969
364998
365232
365305
365369
365390
365655
365658
365667
365709
365752
366288
366332
366404
366441
366480
366546
366551
366564
366576
366601
367236
367263
367309
367370
367372
367508
367512
367861
367898
367955
368186
368719
368740
368775
368948
368958
369092
369104
369179
369228
369304
369330
369340
369448
369453
369501
369505
369537
369570
369724
369811
369819
369906
370020
370021
370064
370167
370231
370232
370346
370355
370437
370450
370468
370680
370698
370879
370883
371016
371026
371088
371222
371348
371412
371429
371489
371492
371572
371593
371608
371679
371766
371813
371818
371874
372077
372196
372216
372549
372555
372627
372628
372646
372681
372789
372920
373198
373241
373722
373730
373752
373841
374012
374061
374063
374254
374292
374312
374356
374369
374553
374588
374705
374781
374841
374884
374902
374909
375046
375086
375216
375359
375585
375743
376259
376364
376435
376466
376533
376610
376628
376644
376669
376746
376753
376899
377091
377104
377204
377248
377249
377275
377297
377348
377384
377410
377445
377496
377502
377530
377600
377608
377642
377720
377795
377825
377828
377838
377868
377886
378328
378538
378564
378695
378743
379136
379180
379214
379497
379509
379711
379817
380143
380158
380175
380192
380198
380549
380552
380555
380640
380641
380643
380681
380744
380778
380993
381019
381039
381834
381879
381920
382359
382399
382427
382580
382897
382949
383206
383223
383333
383359
383375
383590
383610
383632
383660
383803
384424
384574
384615
384639
384654
384674
384747
384837
384865
384887
384896
385092
385451
385708
385830
386006
386022
386090
386194
386207
386313
386345
386441
386444
386534
386536
386562
386712
386816
386925
386978
387111
387175
387227
387290
387626
387694
387767
387786
387845
387876
387945
388103
388233
388274
388303
388320
388434
388439
388454
388508
388528
388613
388706
388732
388747
388784
388804
389234
389236
389243
389327
389377
389469
389503
389563
389577
389678
389916
389923
390046
390140
390311
390421
390439
390508
390540
390796
390874
390884
390887
390902
390948
390962
390971
391060
391171
391237
391311
391348
391521
391524
391628
391746
391799
391911
392244
392382
392501
392558
392565
392715
392742
392763
392774
392777
392778
392809
392886
393029
393083
393149
393150
393175
393335
393379
393386
393425
393428
393477
393479
393497
393526
393531
393576
393597
393647
393653
393687
393711
393752
393769
393773
393777
393779
393781
393787
393847
393849
393877
393886
393960
393964
393982
393986
394036
394064
394080
394095
394107
394110
394116
394148
394170
394269
394525
394635
394730
394905
395073
395232
395257
395282
395284
395310
395350
395365
395398
395425
395429
395456
395466
395537
395686
395699
395736
395742
395800
395845
395903
395926
395961
395991
396023
396155
396158
396196
396200
396260
396390
396422
396558
396642
396699
396812
396938
396943
396948
397074
397148
397153
397155
397216
397353
397494
397500
397508
397547
397567
397868
398014
398024
398058
398202
398727
398794
398839
398981
399024
399219
399251
399254
399429
399674
399996
400112
400123
400473
400534
400595
400662
400831
400938
401121
401134
401512
401532
401541
401664
401811
401979
402038
402120
402171
402222
402299
402312
402386
402527
402837
403433
403589
403590
404483
404708
405026
405043
405388
405431
406038
406090
406092
406152
406173
406190
406192
406208
406214
406258
406265
406770
406787
406877
406892
406939
406982
407140
407228
407254
407385
407388
407481
407723
407952
407999
408015
408139
408147
408268
408296
408403
408528
408546
408615
408751
408821
408899
409031
409037
409223
409233
409249
409251
409294
409317
409326
409335
409337
409362
409402
409407
409425
409447
409460
409502
409519
409529
409663
409741
409765
409840
409934
410032
410127
410225
410327
410475
410558
410561
410699
410747
410805
411120
411126
411168
411220
411401
411495
411804
411876
411992
412073
412156
412777
412951
413952
414002
414037
414916
415437
415693
416103
416799
418173
418189
418416
418466
418551
418724
418819
418874
418924
418965
419037
419039
419181
419524
419957
420428
420935
420989
420999
421036
421054
421056
421199
421228
421255
421256
421283
421290
421343
421391
421394
421406
421425
421456
421470
421478
421557
421577
421634
421762
421768
421817
421828
421837
421888
421889
421892
421978
423765
423878
423931
423989
424004
425467
425669
425903
425917
425953
426265
426311
426981
427121
427221
427244
427265
427278
428164
428494
429066
429247
429253
429295
429436
430125
430219
430379
430408
430465
430758
431624
431644
432132
432177
432267
433020
433801
433840
433844
434019
434040
434042
434047
434110
434157
434613
434633
434804
434855
434892
434906
434933
434934
434971
434987
434992
435033
435049
435200
435239
435430
435431
435447
435450
435469
435601
435618
435652
435752
435774
435822
435837
435912
436493
436628
436683
437113
437465
437513
437561
437689
437906
438179
438198
