111
262
286
316
437
453
460
498
508
512
544
566
620
744
774
892
934
959
961
975
995
1106
1146
1211
1239
1243
1249
1303
1357
1369
1720
1762
1817
1870
1904
1942
1952
1962
2040
2064
2179
2191
2244
2423
2494
2657
2687
2707
2804
2966
2986
3005
3066
3082
3146
3272
3341
3361
3447
3449
3452
3640
3687
3830
3854
3858
3912
3954
3985
3991
4087
4225
4253
4319
4415
4461
4621
4690
4820
4936
4949
4953
4979
4998
5002
5017
5103
5112
5130
5131
5171
5232
5249
5269
5360
5521
5661
5715
5787
5794
5879
5997
6067
6094
6126
6221
6282
6368
6417
6433
6481
6519
6621
6631
6639
6660
6690
6713
6715
6746
6750
6800
6810
6874
6903
6930
6946
7163
7172
7208
7214
7230
7257
7296
7345
7368
7457
7468
7581
7613
7681
7764
7950
7972
7978
8027
8036
8384
8455
8565
8588
8651
8662
8665
8672
8674
8920
8938
8960
9015
9044
9147
9215
9366
9410
9424
9503
9591
9692
9698
9765
9785
9795
9842
9858
9870
9885
9918
9954
9962
10046
10064
10091
10164
10223
10306
10337
10500
10509
10536
10720
10831
10855
10875
10935
11029
11037
11082
11084
11147
11150
11171
11216
11221
11267
11355
11359
11500
11515
11579
11594
11607
11609
11661
11678
11747
11783
11859
11868
11905
11946
12003
12094
12158
12167
12249
12251
12359
12551
12815
12854
12866
12914
12925
12943
12968
12971
12979
12999
13022
13026
13118
13175
13240
13279
13332
13344
13417
13672
13707
13766
13774
13847
14071
14089
14113
14147
14159
14204
14207
14215
14273
14390
14589
14748
14850
14910
14927
14965
15013
15078
15092
15201
15211
15234
15239
15261
15347
15355
15445
15534
15571
15573
15588
15600
15609
15794
15806
15828
15844
15885
15920
15941
15980
16054
16160
16163
16249
16344
16387
16419
16550
16601
16680
16841
16877
16907
16913
17036
17044
17064
17147
17187
17249
17336
17348
17360
17362
17399
17409
17485
17541
17584
17656
17693
17707
17709
17719
17753
17822
17831
17994
18004
18132
18200
18570
18591
18622
18682
18693
18701
18806
18847
19097
19129
19137
19189
19318
19321
19327
19340
19432
19442
19495
19504
19513
19515
19545
19553
19573
19579
19682
19688
19732
19740
19796
19860
19903
19907
19964
19979
20043
20138
20167
20222
20248
20254
20306
20320
20479
20485
20533
20699
20703
20815
20816
20834
20850
20877
20879
21019
21047
21067
21255
21308
21334
21345
21419
21495
21546
21556
21699
21710
21727
21825
21921
22094
22126
22134
22203
22245
22266
22276
22366
22426
22443
22455
22548
22598
22670
22834
22900
22928
23022
23178
23215
23307
23363
23438
23452
23658
23680
23713
23781
23817
23834
23893
23976
24047
24107
24128
24152
24168
24221
24235
24237
24486
24701
24785
24850
24874
24929
24935
24997
25111
25142
25160
25182
25194
25276
25304
25457
25524
25532
25538
25553
25564
25581
25729
25769
25849
25859
25861
25910
25924
25942
25944
26065
26192
26213
26222
26247
26263
26276
26293
26402
26410
26471
26532
26580
26626
26646
26694
26702
26732
26740
26762
26770
26801
26977
26979
27062
27107
27137
27143
27231
27252
27391
27394
27531
27566
27677
27713
27719
27788
27816
27818
27843
27879
27935
27949
27963
28010
28041
28067
28096
28121
28186
28229
28437
28524
28796
28799
28865
29126
29161
29362
29509
29727
29747
29759
29835
30093
30133
30141
30340
30527
30538
30567
30716
30768
30776
30787
30831
30892
31034
31046
31086
31130
31147
31209
31232
31408
31476
31482
31518
31582
31678
31686
31752
31852
31935
31940
31960
31993
32061
32212
32338
32348
32381
32454
32503
32706
32710
32770
32887
32972
33042
33125
33228
33237
33245
33281
33357
33390
33475
33599
33615
33616
33668
33712
33756
33768
33778
33783
33889
33922
34000
34042
34228
34399
34491
34605
34630
34663
34704
34757
34812
34820
34846
34895
34957
35031
35044
35073
35126
35128
35158
35173
35292
35480
35515
35524
35554
35649
35674
35773
35867
35910
35915
35948
35996
36078
36126
36151
36168
36202
36245
36325
36349
36362
36370
36448
36545
36617
36633
36635
36663
36667
36720
36813
36967
37010
37022
37038
37227
37262
37301
37308
37330
37395
37556
37581
37674
37936
38000
38103
38209
38239
38265
38319
38370
38499
38829
38887
38898
38920
39019
39077
39088
39133
39141
39190
39201
39268
39270
39329
39405
39543
39627
39692
39730
39748
39749
39800
39864
39940
39982
40045
40059
40133
40157
40174
40180
40293
40366
40471
40537
40549
40572
40612
40794
40884
40890
40918
40994
41002
41036
41139
41165
41167
41209
41210
41297
41330
41534
41620
41632
41700
41703
41807
41808
41837
41894
42118
42131
42166
42228
42271
42295
42382
42430
42538
42562
42607
42615
42618
42643
42698
42732
42807
42898
42958
43066
43067
43133
43191
43216
43280
43282
43318
43322
43364
43445
43474
43485
43509
43513
43537
43609
43707
43720
43777
43792
43848
43946
43966
43991
44043
44044
44088
44215
44231
44247
44310
44324
44389
44394
44455
44499
44574
44578
44614
44646
44664
44713
44819
44834
44964
44998
45012
45195
45308
45340
45353
45455
45538
45624
45781
45810
45826
45902
45927
45930
45942
45953
45966
45975
46050
46068
46116
46161
46193
46208
46274
46278
46286
46439
46440
46486
46867
47050
47127
47156
47282
47377
47496
47517
47572
47596
47645
47647
47656
47667
47693
47696
47845
47900
47906
47913
47979
48013
48047
48088
48168
48255
48261
48296
48323
48398
48516
48543
48593
48648
48659
48834
48892
48933
48968
48998
49050
49132
49325
49374
49478
49725
49769
49906
49910
49926
49930
49993
50001
50045
50055
50079
50145
50169
50236
50283
50326
50405
50435
50491
50493
50570
50578
50612
50709
50782
50849
50880
50908
50928
50949
50997
51008
51038
51050
51095
51142
51183
51208
51289
51339
51362
51441
51495
51645
51727
51751
52053
52134
52142
52151
52160
52165
52301
52351
52502
52547
52586
52605
52637
52663
52717
52737
52756
52758
52768
52781
52864
52908
52968
53007
53010
53130
53188
53285
53308
53334
53367
53375
53376
53409
53453
53466
53481
53484
53489
53860
53872
53910
53944
54024
54092
54121
54248
54322
54417
54463
54522
54627
54642
54665
54739
54778
54782
54884
54916
54946
55006
55120
55175
55177
55217
55250
55256
55292
55359
55401
55427
55445
55589
55596
55622
55670
55674
55681
55767
55841
55849
55871
55897
55950
56009
56034
56050
56096
56116
56186
56224
56241
56271
56315
56355
56381
56481
56573
56653
56686
56738
56746
56777
56788
56818
56872
56882
56952
57112
57139
57184
57200
57271
57365
57374
57462
57537
57542
57552
57607
57656
57714
57765
57829
57851
57879
57897
57928
57959
58212
58214
58215
58227
58372
58422
58500
58511
58545
58643
58713
58732
58781
58808
58810
58931
59004
59264
59273
59296
59322
59332
59357
59440
59444
59504
59581
59664
59797
59855
59898
60072
60127
60183
60308
60358
60441
60461
60493
60532
60566
60634
60666
60673
60732
60877
60880
60940
60980
61065
61097
61173
61181
61231
61308
61388
61593
61706
61732
61775
61810
61902
61920
61925
61989
62039
62099
62110
62182
62196
62206
62382
62407
62417
62425
62437
62477
62494
62555
62623
62678
62756
62768
62773
62816
62825
62837
62841
62880
62884
62891
62903
62919
62970
62976
63146
63246
63354
63369
63389
63408
63425
63508
63535
63585
63598
63608
63694
63745
63783
63823
63901
63916
63948
63962
64057
64060
64085
64121
64126
64174
64209
64217
64243
64284
64288
64325
64326
64376
64471
64628
64659
64666
64668
64702
64722
64746
64801
65070
65098
65132
65150
65217
65291
65315
65333
65412
65507
65628
65664
65780
65883
66018
66024
66142
66241
66290
66296
66308
66321
66342
66392
66424
66580
66594
66629
66678
66796
66919
66948
67007
67109
67148
67183
67202
67221
67294
67353
67366
67389
67410
67447
67522
67536
67537
67619
67634
67680
67755
67757
67760
67949
68034
68039
68110
68147
68180
68304
68467
68482
68495
68541
68586
68611
68660
68674
68686
68768
68795
68841
68854
69018
69032
69036
69061
69067
69076
69115
69133
69141
69366
69426
69433
69563
69579
69608
69644
69692
69698
69707
69747
69766
69810
69848
69876
69883
69913
69976
70008
70049
70116
70146
70216
70230
70410
70560
70601
70696
70716
70793
70928
70962
71051
71086
71106
71149
71160
71164
71172
71275
71319
71376
71494
71534
71536
71648
71662
71740
71769
71792
71838
71872
71887
72036
72042
72191
72261
72292
72376
72408
72483
72523
72683
72725
72788
72831
72844
72918
72923
73043
73124
73143
73184
73188
73190
73259
73284
73292
73321
73350
73358
73387
73455
73517
73601
73688
73779
73840
73909
73937
73960
73974
74025
74041
74054
74116
74119
74124
74140
74217
74398
74426
74458
74508
74610
74651
74676
74765
74828
74894
74909
74931
74958
75000
75052
75086
75110
75116
75286
75299
75311
75317
75340
75443
75447
75595
75601
75673
75721
75878
75957
75958
75972
76011
76079
76124
76208
76298
76300
76303
76346
76422
76441
76451
76548
76682
76724
76726
76737
76791
76879
77069
77093
77097
77248
77251
77284
77473
77532
77658
77840
77879
77901
77937
78025
78099
78171
78204
78216
78218
78270
78294
78306
78334
78395
78426
78428
78439
78538
78745
78774
78779
78893
78913
78915
79004
79019
79178
79194
79197
79229
79260
79274
79315
79319
79391
79445
79558
79633
79691
79694
79729
79796
79892
79905
79935
79984
80073
80136
80159
80197
80351
80366
80372
80412
80499
80589
80591
80697
80760
80775
80782
80833
80878
80891
80892
80893
80959
81034
81049
81311
81374
81404
81591
81687
81803
81815
81882
82053
82159
82186
82239
82259
82276
82318
82338
82349
82387
82419
82509
82555
82562
82614
82627
82664
82773
82869
82909
83015
83072
83140
83206
83300
83382
83415
83456
83460
83464
83508
83528
83573
83629
83731
83754
83757
83769
83833
83857
83923
83946
84006
84049
84166
84199
84230
84276
84329
84428
84431
84482
84559
84578
84579
84616
84627
84635
84649
84703
84795
84832
84838
84903
84925
84965
85036
85184
85225
85292
85354
85367
85385
85453
85488
85516
85533
85535
85585
85623
85645
85662
85676
85713
85773
85822
85887
85973
85995
86006
86104
86107
86194
86279
86320
86359
86486
86595
86608
86633
86637
86654
86720
86765
86907
86927
87028
87040
87136
87148
87168
87201
87246
87295
87397
87427
87596
87608
87625
87630
87660
87672
87731
87764
87939
87971
88023
88043
88079
88126
88153
88464
88483
88507
88528
88644
88723
88727
88743
88770
88838
88904
88979
89013
89051
89114
89133
89139
89143
89155
89232
89360
89380
89445
89544
89585
89615
89727
89813
89864
89882
90027
90114
90265
90273
90349
90356
90438
90468
90530
90556
90652
90656
90662
90679
90747
90801
90803
90853
90861
90922
90986
91060
91086
91096
91184
91216
91225
91303
91329
91501
91792
91868
91975
91983
92003
92106
92124
92172
92296
92305
92308
92318
92369
92377
92392
92425
92437
92470
92533
92568
92600
92607
92703
92729
92886
92937
92967
93043
93049
93061
93113
93153
93213
93241
93257
93388
93499
93503
93543
93712
93745
93762
93768
93792
93804
93821
93962
94074
94206
94218
94316
94379
94405
94438
94495
94527
94541
94554
94597
94661
94701
94741
94759
94892
94959
95219
95234
95274
95292
95318
95393
95406
95456
95461
95594
95596
95725
95798
95829
95842
95849
95951
95982
96119
96249
96432
96619
96627
96669
96754
96763
96768
96905
96909
96961
97033
97106
97116
97169
97191
97287
97346
97407
97413
97415
97501
97529
97532
97538
97557
97589
97652
97678
97712
97713
97816
97826
97838
97842
97860
97907
97958
98063
98251
98255
98368
98446
98478
98505
98531
98538
98608
98685
98701
98721
98797
98821
98853
98947
98953
98956
98990
99007
99174
99254
99282
99300
99351
99363
99364
99437
99438
99527
99577
99593
99603
99713
99767
99900
99902
100088
100104
100156
100180
100246
100278
100312
100347
100403
100505
100578
100590
100599
100652
100665
100666
100731
100858
100918
100982
101031
101073
101165
101180
101225
101227
101435
101535
101592
101600
101631
101675
101741
101774
101831
101931
102069
102092
102296
102316
102332
102405
102473
102575
102621
102653
102669
102684
102861
102955
103017
103036
103050
103104
103112
103186
103203
103259
103263
103297
103311
103317
103337
103366
103417
103451
103564
103566
103570
103651
103742
103789
103835
103855
103873
103969
103988
104012
104139
104149
104206
104248
104307
104360
104507
104548
104571
104625
104644
104656
104665
104681
104752
104803
104993
105000
105025
105125
105131
105178
105184
105228
105367
105386
105454
105500
105518
105609
105713
105751
105793
105863
105925
106027
106044
106275
106277
106348
106402
106428
106430
106455
106456
106473
106561
106599
106608
106629
106637
106663
106790
106814
106856
106858
106912
106931
107003
107024
107058
107084
107116
107138
107225
107275
107278
107282
107341
107408
107453
107530
107589
107606
107614
107682
107698
107792
107795
107869
107915
107941
108008
108027
108081
108120
108146
108216
108263
108347
108363
108395
108717
108728
108858
108870
108876
108895
108957
108982
108988
108993
108996
109024
109037
109093
109172
109202
109247
109254
109317
109494
109535
109544
109551
109571
109725
109949
109972
110123
110124
110147
110433
110440
110442
110666
110755
110774
110779
110803
110906
110916
110973
110984
111152
111162
111170
111246
111248
111259
111284
111312
111387
111468
111522
111659
111704
111771
111794
111882
111906
111957
112124
112126
112252
112344
112378
112449
112487
112489
112562
112729
112734
112789
112900
113043
113079
113092
113116
113180
113186
113212
113234
113256
113408
113427
113443
113498
113528
113612
113629
113783
113831
113921
113957
113975
113982
113998
114067
114101
114158
114173
114416
114425
114452
114461
114484
114504
114649
114672
114794
114818
114884
114937
114942
114956
114962
114993
115007
115093
115097
115164
115197
115282
115357
115447
115451
115488
115521
115539
115585
115622
115792
115800
115880
115981
116539
116557
116572
116596
116600
116633
116702
116791
116817
116838
116845
116869
116885
117201
117203
117206
117272
117282
117406
117431
117596
117659
117756
117939
118016
118031
118353
118373
118378
118715
118720
118742
118749
118953
119136
119376
119475
119516
119592
119593
119594
119605
119818
119915
119917
119959
119978
120021
120097
120183
120405
120406
120510
120625
120679
120714
120739
121571
121665
121666
121788
122013
122062
122137
122184
122227
122894
123599
123606
123684
123936
124972
125050
125216
125279
125475
125709
125741
125747
125750
126208
126437
126529
126621
127148
127173
127196
127414
127530
128227
128516
128846
128926
128935
129131
129145
129151
129167
129204
129275
129566
129659
129826
130024
130165
130198
130277
130341
130641
130665
130669
130677
130721
130794
130801
130822
130827
130881
131260
131413
131416
131512
131526
131535
131718
131754
131850
131851
131931
131992
131999
132184
132214
132217
132220
132425
132442
132564
132655
132843
132927
132937
132982
133085
133146
133484
133531
133924
134658
134674
137200
137625
137860
138169
138266
138881
139039
139196
139204
139974
141179
141209
141303
141487
142094
142221
142249
142512
142524
142849
142995
143183
143312
143340
143767
144021
144050
144202
144323
144619
144703
144973
145208
145212
145349
145451
145696
145723
145881
146121
146122
146278
146291
146475
146668
146676
146779
146983
147805
147965
148169
148223
148305
148355
148385
148386
148407
148480
148509
148839
149060
149114
149395
149397
149783
150103
150132
150240
150325
150327
150531
150731
150778
150909
150995
151229
151233
151365
151934
152164
152401
152866
152936
153020
153060
153076
153098
153277
153633
153789
153853
153985
154636
154719
154769
154903
154955
155011
155083
155227
155360
155684
156015
156116
156403
156410
156432
156593
156596
156658
156691
156776
156832
156926
156987
157050
157075
157155
157159
157245
157373
157505
157508
157539
157570
157749
157884
158088
158108
158139
158238
158297
158583
158651
158906
159006
159175
159397
159898
160022
160041
160052
160069
160147
160149
160645
160693
160767
161184
161212
161213
161229
161262
161269
161289
161536
161705
161847
161869
161961
161978
162041
162634
162972
163075
163279
163554
164182
164212
164336
164380
164802
165397
165820
165821
166047
166052
166125
166549
166662
166715
166771
166809
166822
166910
167058
167082
167144
167147
167311
167441
167512
167706
167786
168006
168057
168407
168555
169233
169250
169411
170042
170069
170147
170340
170363
170367
171016
171059
171070
171136
171438
171518
171854
171857
171893
172001
172002
172081
173284
173384
173393
173755
174484
174920
174921
174985
175030
175031
175184
175250
175318
175367
175376
175391
175392
175413
175414
175492
175505
175509
175524
175560
175633
175658
175662
175688
175899
175929
176007
176026
176108
176127
176131
176141
176151
176171
176207
176252
176316
176336
176421
177410
178427
178451
178514
178689
178704
178802
178958
179210
179392
179921
180120
180143
180200
180425
180452
180459
180720
180730
180898
181008
181026
181039
181295
181349
181350
181369
181417
181941
182026
182458
182483
182556
182576
183102
183184
183505
184157
184284
184480
184605
184799
184886
184890
184917
184918
184970
184974
185256
185264
185279
186021
186074
186104
186206
186270
186402
186428
186588
186590
186637
186720
186867
186869
186896
186920
186989
187015
187022
187030
187080
187081
187122
187154
187180
187233
187249
187277
187305
187351
187909
188003
188346
188455
188878
189162
189835
190029
190302
190348
190648
190876
190885
190903
190987
191022
191027
191058
191166
191327
191355
191402
191419
191428
191430
191482
191488
191499
191983
191999
192030
192113
192118
192146
192147
192174
192725
192728
192793
192899
192987
193144
193370
193540
193547
193653
193689
193690
193797
193807
194307
194551
194593
194809
195143
195175
195453
195477
195559
195571
195583
196535
196703
197593
197893
198243
198251
199049
199073
199078
199136
199298
199323
199373
199418
199470
199712
199902
199962
200001
200123
200151
200171
200172
200183
200257
200454
201002
201461
201504
201886
201904
201930
201931
202041
202064
202101
202325
202563
203133
203554
203606
203798
204204
204230
204234
204287
204638
204668
204712
204770
204780
204861
204979
205015
205016
205110
205306
205760
205864
206048
206122
206203
206323
206325
206451
206476
206523
206632
206693
207429
207527
207844
208189
208786
208963
209142
209160
209272
209774
209940
210035
210530
210813
211156
211190
212290
212449
213561
214085
214277
217117
217484
217600
217793
218743
219000
219017
219058
219393
219455
220263
220497
221105
221117
221132
221869
223244
223306
224220
224562
225225
226222
226337
226425
226446
226531
226551
226560
226566
226595
226597
226655
226691
226692
226735
226783
226840
226922
227150
227201
227231
227313
227328
227669
227726
227787
227865
227900
227910
227911
227940
227945
227948
228067
228081
228166
228179
228184
228314
228457
228489
228553
228611
228633
228634
228641
228672
228719
228792
228795
228811
228827
228843
228854
228866
228874
228899
228908
228912
228959
228982
229014
229035
229051
229066
229094
229111
229136
229149
229209
229290
229307
229337
229345
229452
229502
229580
229659
229669
229870
229897
230051
230084
230140
230331
230334
230341
230437
230528
230681
230692
230921
231796
231856
231970
232336
232357
232789
233077
233604
233639
233875
233953
233993
233994
234451
234562
236846
236893
236966
237757
237980
238563
238782
239458
239619
240434
240453
240570
240574
241423
241789
242107
242162
242998
243050
243630
243673
243698
243699
243836
243938
243961
244390
244577
244653
244722
244723
245258
245461
245549
245554
246113
246389
246418
246883
247035
247224
247232
247273
247458
247464
247469
247482
247692
247822
247917
248130
248147
248572
249276
249757
250078
250577
251294
251473
251550
251790
251884
252356
252817
253704
254079
254487
254734
255237
255862
255865
255888
256748
256901
257334
257428
257522
257928
258272
258421
258668
258671
259807
259860
260705
260781
261089
261124
262479
262650
263153
263154
263229
263230
263448
263615
263827
263993
264291
264684
264841
265002
265094
265284
265808
265970
265989
266064
266091
266094
266391
266768
266871
267142
267320
267981
268097
268354
268735
268825
268854
268889
269023
269051
269089
269250
269262
269337
269966
270186
270492
270657
271135
271291
271621
271705
271992
272176
272188
272418
272704
272718
272794
272802
273070
273130
273196
273216
273647
273660
273662
273743
273762
273915
274037
274088
274123
274136
274143
274358
274372
274382
274390
274448
274466
274758
274807
274855
275896
275897
276943
276949
277109
277300
277432
277634
277899
277954
277956
278380
279137
279295
279533
279640
279879
279972
280177
280204
280205
280407
280634
280722
281137
281170
281227
282150
282188
282223
283001
283006
283170
283223
283298
283869
283919
284131
284569
285121
285126
285222
285476
286115
286447
286871
286916
287038
287057
287093
287118
287121
287498
287566
287630
287775
288008
288017
288071
288087
288093
288412
288438
288514
288568
288578
288596
288597
288615
288640
288659
288667
288736
288908
289097
289114
289550
290023
290219
290226
290230
290435
290493
290549
290588
290697
290700
290702
290757
290828
290893
291037
291284
291321
291344
292890
292971
293029
293036
293139
293147
293207
293341
293369
293644
293796
293799
293861
294052
294328
294409
294656
294712
294990
295003
295090
295781
296730
296742
296986
297271
297326
297435
297608
297647
297694
298049
298109
298134
298163
298314
298410
298419
298498
298556
298993
299039
299210
299304
299331
299371
299423
299478
299725
299836
299846
299849
299859
299868
299947
300029
300098
300099
300327
300329
300401
300468
300635
300676
300703
300965
301141
301216
301311
301439
301448
301464
301482
301671
301712
301896
301901
301914
301953
301963
302034
302097
302265
303047
303105
303131
303521
303895
304073
305468
305474
305615
306164
306170
306528
307085
307857
307912
307930
308287
308324
308770
309154
309460
309465
309476
309923
309958
309973
309985
310155
310334
310701
310781
311044
311056
311171
311339
311372
311381
311687
311758
311797
312882
312889
312933
312971
313088
313194
313370
313671
313775
313807
314099
314374
314672
314754
314758
315173
315283
315314
315421
315524
315769
315783
315808
315814
315872
315877
316144
316395
316415
316473
316488
316677
316722
316889
317039
317055
317131
317592
317639
317808
318063
318319
318392
318393
318439
318449
318516
318577
318582
318689
318751
318764
318778
318803
318944
319023
319039
319044
319120
319315
319329
319367
319374
319483
319487
319529
319716
319793
319928
319945
320024
320033
320052
320519
320570
320597
320649
320896
321385
321728
322257
322548
322577
322582
322585
322672
322943
322949
323231
323476
323491
323623
323847
323913
323982
324132
324155
324158
324186
324203
324249
324273
324286
324302
324391
324557
324582
324583
324600
324685
324750
324856
325098
325126
325139
325179
325186
325604
325741
325864
326029
326452
326500
326506
326528
326529
326637
326680
327240
327333
327346
327462
327537
327671
328111
328193
328526
328615
329117
329697
329877
329935
330014
330102
330710
330843
330918
330922
330949
331041
331701
331794
332208
332396
332430
332611
333045
333260
334264
334339
334692
334811
334863
335432
335531
335618
335828
335891
336066
336381
336494
336503
336817
336864
336997
337005
337083
337111
337143
337154
337166
337361
338098
338232
338249
339436
339506
339550
339561
339599
339614
340203
340319
340450
340772
340966
341381
341542
341741
341843
342008
342248
342422
342549
342568
343050
343140
343247
343255
343741
343809
344155
344419
344760
345798
345815
345850
346930
347233
347544
347556
347623
347730
347822
347905
348353
348783
348886
348901
348904
349176
349187
349189
349538
349626
349664
349709
349721
349775
349923
349957
350041
350090
350113
350182
350423
350460
350463
350629
350640
350641
350675
351106
351302
351303
351358
351386
351562
351683
351989
352437
352439
352444
352482
352518
352530
352597
352598
352636
352660
352725
352802
352823
352877
352896
352902
352920
352925
352991
353038
353059
353062
353338
353354
353475
353743
354423
354468
354584
354587
354607
354628
354856
354928
355025
355035
355043
355186
355309
355380
355404
355446
355455
355496
355796
355806
355856
355961
355971
356036
356208
356251
356545
356685
357040
357142
357149
357162
357727
357742
358033
358094
358146
358419
358580
358677
358937
358943
359020
359231
359367
359445
359751
359796
360641
360651
360924
360936
360995
361057
361204
361429
361777
361784
362345
362862
362881
362888
362899
363117
363189
363244
363278
363511
363515
363562
363601
363678
363683
363802
363926
364039
364891
364913
365001
365180
365473
365556
365601
365930
365963
365973
366223
366286
366352
366366
366372
366424
366480
366657
366800
366894
367439
367480
367497
367508
367531
367641
367644
367655
367815
368093
368249
368461
368835
369401
369410
369912
369928
369941
369943
369958
369964
370007
370084
370086
370220
370236
370246
370253
370260
370333
370440
370496
370519
370527
370561
370690
370765
370851
370900
371079
371153
371163
371166
371167
371199
371214
371265
371306
371307
371440
371626
371644
371668
371853
371994
372002
372015
372030
372165
372192
372256
372342
372366
372466
372600
372617
372677
372767
372843
372847
373345
373532
373550
373635
374032
374179
374304
374496
374631
375035
375100
375137
375153
375172
375174
375275
375293
375638
375661
375684
375776
375818
375853
375883
375938
375989
376069
376072
376133
376212
376572
376649
376672
376685
376798
376859
376921
377185
377317
377318
377388
377398
377400
377421
377605
377606
377721
377727
377774
377883
378007
378013
378026
378029
378074
378090
378133
378217
378257
378268
378288
378309
378355
378358
378366
378431
378435
378464
378465
378490
378512
378513
378553
378584
378591
378612
378614
378703
378707
378726
378744
378806
378809
378891
378981
379147
379514
379595
379885
380098
380109
380152
380274
380553
380571
380729
380785
380938
380968
380977
381479
381495
381502
381609
381687
381738
381952
382004
382293
382382
382491
382734
382986
383046
383512
384347
384410
384545
384664
384946
384980
385010
385014
385117
385131
385264
385411
385514
385570
385590
385591
385681
386605
386771
387015
387551
387552
387566
387615
387663
387801
387852
387870
387921
387972
388100
388145
388153
388195
388214
388218
388240
388285
388381
388387
388420
388487
388676
388761
388818
388843
388914
389176
389228
389291
389337
389415
389481
389523
389609
389674
389676
389836
389923
390005
390007
390083
390100
390170
390196
390201
390247
390356
390397
390484
390635
390713
390806
390847
390974
391210
391249
391393
391500
391502
391644
391706
391786
391855
391870
391883
391916
391959
392110
392121
392342
392452
392590
392607
392738
392768
392904
393049
393200
393272
393290
393312
393470
393534
393538
393702
393715
393770
393811
393901
393924
393932
393943
393977
394074
394143
394150
394170
394180
394207
394237
394303
394333
394358
394386
394494
394513
394539
394558
394565
394663
394677
394685
394812
394853
394854
394881
394886
394899
394915
394924
394985
394992
395084
395134
395135
395194
395239
395248
395336
395350
395358
395607
395610
395624
395687
395752
395774
396189
396242
396247
396288
396349
396359
396370
396384
396491
396575
396587
396651
396716
396718
396720
396851
396931
396991
397032
397065
397134
397135
397180
397198
397236
397273
397292
397303
397308
397331
397358
397384
397386
397543
397649
397710
398221
398277
398279
398384
398417
398655
398712
398714
398998
399019
399091
399117
399180
400026
400068
400101
400128
400227
400405
400484
400553
400618
400799
401102
401343
401476
401498
401570
401573
401680
401830
401848
401901
401947
401959
401979
402015
402107
402376
402570
402639
402643
402780
402782
403246
403359
403369
403754
403817
404476
404735
405176
406001
406153
406364
407016
407060
407091
407121
407126
407216
407299
407370
407384
407411
407415
407498
407558
407739
407899
407914
408060
408146
408176
408578
408676
408692
408806
408898
408943
409007
409021
409088
409183
409260
409334
409344
409395
409474
409615
409771
409832
410015
410187
410256
410259
410334
410338
410389
410390
410419
410534
410628
410635
410646
410729
410756
410929
410932
410934
411023
411104
411209
411239
411310
411425
411484
411493
411536
411561
411579
411581
411612
411616
411639
411911
412100
412102
412104
412174
412181
412245
412325
412327
412380
412383
412456
412586
412589
412590
412805
412866
412972
413008
413085
413150
413610
413643
413752
413930
413946
414062
414969
416318
416826
416890
417030
417238
417250
417596
417601
417705
417794
419166
419174
419186
419296
419305
419421
419495
419704
419714
419897
419928
420520
420551
421941
421949
421973
422020
422110
422111
422114
422116
422180
422224
422240
422266
422295
422305
422323
422324
422361
422402
422419
422444
422454
422527
422553
422576
422599
422627
422640
422674
422714
422805
422807
422814
422821
422836
422915
422919
422948
422995
423004
424845
424849
426597
426854
426929
427240
428024
428117
428195
428229
429137
429138
429301
429307
429378
429426
429733
430171
430390
430452
430475
430582
430620
430669
430896
431009
431096
431282
431472
431693
431843
433227
433263
433274
433808
433946
434042
434785
434815
434881
434882
434896
434940
434984
434996
434999
435013
435121
435603
435646
435846
435866
435889
435900
435907
435926
435931
435941
435981
436028
436149
436204
436238
436250
436336
436352
436370
436371
436424
436433
436460
436579
436600
436603
436609
436629
436675
436751
436769
437092
437122
437134
437135
437288
437290
437325
437496
437615
437679
437900
438066
438074
438352
438431
438434
438474
438784
438815
438850
438851
438980
