6
29
31
55
59
63
67
89
127
131
133
135
145
150
159
175
177
179
209
233
243
266
275
290
293
320
321
337
378
384
398
406
433
435
437
441
455
471
473
477
497
501
560
571
572
581
587
589
593
599
601
605
607
609
615
617
633
639
660
684
688
692
698
708
714
726
771
775
779
783
801
803
815
855
876
880
896
904
913
919
964
967
981
1014
1023
1025
1029
1034
1036
1038
1040
1044
1058
1064
1072
1105
1109
1132
1139
1164
1166
1180
1183
1193
1203
1205
1206
1208
1212
1221
1223
1268
1272
1274
1280
1282
1318
1349
1351
1353
1367
1379
1381
1395
1404
1423
1425
1429
1431
1443
1445
1450
1474
1475
1491
1494
1497
1503
1517
1532
1536
1538
1556
1560
1574
1596
1628
1636
1654
1662
1686
1704
1714
1730
1748
1750
1776
1782
1788
1816
1820
1834
1860
1880
1884
1890
1900
1908
1910
1922
1934
1936
1938
1958
1962
1968
1972
1976
1978
1984
1994
2017
2020
2030
2034
2040
2065
2068
2070
2071
2078
2083
2109
2118
2121
2131
2150
2154
2161
2164
2180
2209
2212
2215
2218
2219
2249
2295
2311
2321
2323
2327
2329
2341
2352
2358
2373
2375
2403
2404
2442
2443
2447
2464
2465
2471
2491
2505
2508
2514
2526
2544
2556
2577
2607
2611
2646
2662
2668
2670
2673
2680
2688
2696
2720
2734
2749
2780
2782
2783
2798
2801
2802
2807
2813
2821
2826
2830
2835
2837
2851
2853
2857
2858
2859
2868
2872
2902
2903
2927
2930
2942
2955
2974
2982
2998
3016
3018
3022
3033
3046
3052
3062
3064
3066
3080
3084
3088
3100
3104
3110
3117
3119
3146
3162
3167
3172
3181
3191
3204
3208
3218
3224
3228
3230
3236
3244
3262
3266
3276
3298
3316
3366
3368
3377
3379
3385
3387
3389
3396
3408
3449
3452
3461
3465
3466
3468
3473
3487
3491
3516
3528
3535
3539
3545
3618
3626
3633
3634
3643
3648
3650
3671
3680
3683
3685
3697
3705
3718
3732
3740
3760
3771
3778
3780
3790
3792
3809
3814
3845
3849
3865
3917
3921
3927
3929
3939
3951
3953
4014
4024
4026
4029
4041
4049
4057
4063
4107
4144
4152
4158
4201
4203
4207
4219
4229
4235
4245
4249
4259
4265
4277
4304
4306
4323
4329
4343
4356
4362
4364
4370
4389
4391
4399
4402
4403
4407
4423
4433
4472
4475
4484
4492
4494
4497
4523
4538
4555
4569
4571
4574
4576
4579
4592
4601
4607
4608
4612
4619
4622
4624
4627
4638
4669
4677
4689
4693
4697
4706
4708
4730
4732
4743
4747
4763
4784
4790
4794
4805
4814
4818
4819
4831
4835
4843
4849
4852
4866
4872
4880
4896
4902
4921
4952
4955
4961
4965
4975
4977
4979
4987
4991
4997
5015
5033
5037
5045
5055
5063
5067
5068
5091
5136
5140
5141
5145
5153
5183
5189
5197
5199
5209
5226
5252
5254
5258
5260
5267
5277
5279
5288
5303
5313
5327
5328
5340
5342
5357
5371
5374
5402
5408
5425
5454
5464
5466
5472
5492
5495
5498
5504
5509
5520
5522
5524
5563
5564
5565
5573
5586
5588
5596
5620
5624
5640
5646
5668
5670
5676
5677
5682
5684
5695
5708
5727
5730
5737
5750
5770
5784
5788
5804
5808
5809
5822
5824
5851
5853
5865
5876
5883
5894
5906
5912
5914
5931
5935
5938
5940
5965
5969
5980
5990
6008
6016
6020
6022
6024
6031
6043
6047
6062
6068
6070
6072
6074
6076
6080
6102
6125
6130
6134
6136
6140
6157
6160
6163
6202
6205
6212
6216
6243
6247
6255
6264
6265
6267
6289
6301
6305
6319
6343
6346
6348
6378
6380
6393
6397
6408
6412
6413
6445
6450
6457
6471
6473
6480
6485
6491
6521
6528
6529
6535
6547
6571
6581
6585
6588
6591
6597
6622
6627
6628
6645
6654
6666
6668
6670
6691
6720
6728
6732
6734
6771
6774
6776
6778
6788
6810
6817
6821
6830
6832
6835
6843
6850
6854
6858
6862
6873
6909
6913
6924
6926
6949
6951
6957
6962
6972
6990
6992
6996
7000
7038
7042
7060
7066
7073
7080
7084
7094
7098
7105
7109
7110
7122
7123
7128
7132
7137
7140
7141
7142
7166
7178
7183
7196
7199
7214
7217
7233
7240
7244
7256
7265
7279
7283
7287
7289
7305
7309
7318
7322
7324
7327
7337
7343
7349
7362
7368
7372
7374
7380
7393
7400
7416
7439
7442
7450
7463
7474
7480
7483
7488
7495
7496
7508
7515
7536
7537
7547
7555
7559
7569
7587
7589
7599
7600
7614
7620
7621
7622
7633
7652
7658
7674
7690
7699
7701
7708
7724
7726
7734
7736
7742
7749
7755
7756
7767
7776
7778
7780
7791
7797
7803
7804
7814
7840
7859
7865
7875
7878
7888
7891
7896
7902
7912
7930
7935
7945
7947
7949
7960
7979
7981
7987
7995
7996
7997
8001
8003
8011
8013
8025
8046
8064
8066
8068
8070
8074
8082
8090
8096
8100
8107
8110
8117
8119
8121
8131
8133
8141
8150
8160
8178
8186
8194
8208
8218
8230
8232
8236
8238
8244
8291
8297
8309
8311
8313
8315
8330
8369
8373
8378
8382
8395
8399
8419
8421
8431
8434
8436
8438
8447
8465
8469
8497
8511
8515
8516
8522
8550
8558
8585
8590
8593
8598
8606
8622
8645
8679
8697
8715
8759
8766
8771
8775
8801
8803
8807
8811
8821
8827
8851
8857
8865
8887
8891
8909
8919
8937
8966
8991
8993
9021
9028
9030
9040
9051
9058
9074
9096
9098
9114
9116
9142
9148
9152
9154
9176
9180
9206
9214
9223
9233
9247
9250
9267
9269
9278
9283
9287
9292
9309
9333
9343
9349
9367
9371
9373
9401
9435
9439
9447
9459
9474
9477
9483
9487
9493
9497
9503
9514
9528
9536
9569
9571
9575
9576
9578
9580
9593
9600
9620
9632
9633
9648
9663
9669
9675
9680
9681
9685
9699
9700
9703
9717
9720
9723
9732
9748
9760
9775
9795
9800
9811
9822
9828
9842
9843
9887
9889
9891
9898
9910
9918
9922
9934
9948
9956
9960
9972
9980
9986
9996
10006
10014
10020
10040
10050
10052
10060
10074
10076
10080
10084
10115
10119
10136
10154
10170
10179
10181
10187
10191
10201
10214
10222
10232
10237
10239
10250
10256
10263
10265
10288
10300
10318
10322
10324
10348
10354
10368
10372
10382
10392
10419
10427
10437
10443
10446
10449
10463
10477
10493
10511
10513
10549
10568
10570
10580
10584
10590
10598
10606
10629
10632
10633
10649
10651
10661
10666
10668
10700
10712
10744
10746
10753
10762
10770
10779
10795
10798
10799
10802
10803
10807
10816
10817
10825
10829
10833
10839
10841
10843
10857
10872
10880
10895
10914
10916
10924
10933
10965
10969
10985
10986
10989
10991
11001
11008
11013
11020
11024
11034
11052
11068
11070
11076
11112
11118
11132
11144
11154
11162
11174
11179
11181
11196
11202
11206
11226
11252
11256
11272
11276
11278
11280
11290
11354
11357
11361
11389
11421
11429
11440
11442
11446
11451
11458
11461
11465
11467
11470
11479
11482
11501
11508
11517
11550
11572
11584
11586
11600
11602
11606
11610
11612
11628
11630
11632
11663
11669
11682
11688
11693
11695
11701
11705
11721
11725
11730
11735
11737
11751
11774
11789
11805
11815
11821
11833
11841
11858
11860
11866
11868
11892
11972
11992
12018
12020
12026
12048
12057
12066
12105
12113
12115
12129
12133
12141
12149
12155
12163
12175
12181
12188
12200
12208
12209
12223
12224
12244
12256
12258
12268
12273
12275
12282
12287
12289
12290
12303
12310
12314
12317
12328
12357
12360
12364
12366
12374
12377
12383
12385
12396
12401
12405
12409
12413
12415
12427
12451
12470
12481
12492
12510
12518
12524
12526
12532
12537
12542
12544
12553
12581
12619
12634
12644
12655
12657
12666
12675
12677
12689
12723
12725
12737
12739
12743
12749
12782
12786
12811
12814
12817
12829
12862
12864
12872
12876
12880
12897
12905
12911
12921
12935
12936
12964
12982
12986
13004
13014
13034
13036
13041
13057
13064
13091
13093
13097
13098
13101
13106
13125
13133
13150
13156
13206
13220
13222
13236
13244
13254
13301
13325
13330
13339
13343
13349
13353
13363
13364
13396
13398
13419
13422
13435
13441
13442
13443
13452
13458
13485
13491
13493
13505
13506
13540
13552
13562
13566
13572
13586
13604
13606
13622
13633
13642
13649
13651
13655
13661
13667
13672
13677
13701
13703
13710
13715
13721
13723
13755
13770
13777
13788
13790
13795
13797
13804
13806
13808
13812
13818
13820
13833
13834
13838
13882
13886
13890
13955
13960
13970
14002
14024
14032
14044
14052
14054
14068
14072
14082
14084
14094
14099
14113
14123
14125
14139
14145
14153
14159
14179
14182
14193
14221
14225
14229
14231
14235
14236
14243
14259
14261
14288
14290
14295
14299
14300
14301
14306
14308
14313
14349
14351
14373
14375
14390
14391
14393
14397
14400
14402
14403
14410
14414
14434
14436
14438
14442
14444
14446
14454
14460
14468
14480
14486
14494
14505
14507
14522
14524
14526
14533
14535
14541
14563
14568
14577
14579
14584
14587
14589
14622
14624
14662
14668
14678
14691
14697
14707
14711
14741
14789
14868
14871
14933
15014
15075
15076
15084
15088
15094
15095
15096
15118
15215
15233
15268
15384
15392
15399
15414
15416
15419
15425
15430
15461
15518
15532
15535
15579
15614
15631
15650
15716
15781
15805
15823
15824
15831
15876
15878
15882
15918
15926
15932
15975
15976
15978
15981
15982
16022
16042
16100
16102
16103
16164
16302
16335
16349
16351
16368
16379
16384
16389
16401
16411
16438
16523
16574
16593
16596
16599
16617
16652
16708
16764
16765
16776
16802
16863
16864
16869
16870
16940
16944
16978
17003
17004
17016
17030
17032
17033
17040
17044
17061
17076
17094
17100
17115
17118
17129
17130
17134
17156
17160
17314
17315
17319
17410
17469
17494
17523
17595
17606
17687
17689
17690
17691
17698
17699
17701
17703
17705
17775
17822
17836
17874
17937
17943
17945
17961
17963
17984
17987
18001
18035
18166
18178
18182
18200
18213
18251
18252
18262
18270
18311
18318
18345
18407
18408
18452
18466
18474
18500
18501
18510
18517
18525
18534
18576
18582
18596
18628
18686
18695
18697
18702
18704
18706
18708
18718
18740
18750
18751
18752
18774
18799
18800
18806
18820
18833
18839
18856
18860
18862
18871
18878
18882
18890
18891
18906
18909
18911
18914
18916
18920
18922
18933
18935
18946
18948
18972
19014
19015
19030
19032
19049
19055
19063
19064
19065
19068
19075
19076
19091
19096
19103
19105
19107
19118
19130
19131
19133
19139
19151
19158
19159
19192
19222
19277
19279
19289
19293
19297
19298
19304
19318
19340
19342
19359
19373
19389
19392
19431
19442
19506
19527
19566
19639
19669
19670
19672
19689
19695
19733
19753
19761
19770
19787
19795
19832
19938
19982
19985
20011
20108
20146
20149
20153
20154
20184
20187
20217
20218
20257
20349
20360
20375
20377
20378
20400
20404
20509
20527
20533
20539
20551
20563
20586
20636
20684
20701
20747
20801
20839
20889
20894
20923
20924
20926
20934
20944
20951
20960
20985
21001
21006
21028
21036
21084
21105
21106
21112
21121
21126
21136
21179
21184
21269
21363
21411
21476
21478
21488
21503
21508
21512
21514
21528
21536
21544
21565
21575
21585
21625
21665
21676
21695
21707
21725
21726
21729
21730
21731
21733
21736
21793
21876
21898
21925
21932
21942
21984
22031
22061
22068
22076
22136
22178
22180
22183
22186
22225
22290
22369
22381
22397
22420
22479
22485
22535
22540
22541
22552
22607
22609
22629
22643
22672
22674
23008
23010
23011
23087
23168
23169
23210
23292
23314
23323
23337
23389
23391
23406
23421
23427
23442
23444
23458
23474
23483
23487
23559
23562
23564
23570
23573
23576
23578
23579
23598
23609
23613
23616
23625
23670
23684
23704
23752
23755
23756
23761
23815
23817
23872
23928
23939
24063
24191
24267
24336
24347
24351
24358
24366
24404
24447
24448
24529
24546
24625
24695
24701
24720
24734
24735
24774
24783
24793
24963
25056
25057
25068
25076
25079
25208
25222
25282
25364
25530
25549
25566
25609
25651
25672
25703
25818
25837
25880
25950
26013
26042
26055
26056
26077
26149
26197
26234
26253
26269
26349
26358
26364
26387
26392
26459
26463
26465
26512
26513
26517
26552
26578
26580
26581
26583
26593
26654
27059
27089
27190
27217
27261
27357
27764
27812
27837
27842
27915
27920
27946
28005
28083
28092
28153
28169
28229
28239
28462
28510
28541
28630
28760
28765
28919
29451
29709
29796
30085
30122
30130
30208
30256
30318
30337
30342
30343
30344
30357
30376
30394
30395
30418
30434
30437
30455
30472
30496
30498
30556
30557
30630
30636
30724
30727
30733
30768
30770
30772
30774
30787
30821
30874
30889
31003
31006
31007
31166
31183
31265
31399
31402
31417
31418
31602
31603
31733
31739
32108
32133
32285
32389
32447
32475
32519
32560
32603
32614
32622
32642
32652
32654
32683
32697
32746
32758
32782
32798
32799
32805
33015
33017
33025
33044
33276
33340
33353
33411
33423
33520
33521
33526
33533
33555
33563
33565
33622
33646
33669
33695
33704
33728
33918
33969
33970
34084
34157
34201
34230
34231
34239
34248
34249
34278
34279
34320
34325
34359
34480
34542
34684
34773
34790
34808
34889
34890
34918
34921
34955
35017
35020
35056
35098
35101
35103
35106
35114
35155
35165
35166
35175
35177
35184
35186
35194
35197
35204
35207
35218
35225
35226
35250
35252
35259
35260
35274
35276
35277
35278
35310
35314
35507
35510
35511
35551
35553
35563
35566
35567
35575
35600
35624
35639
35758
35764
35769
35794
35823
35892
35941
35943
35970
35975
36043
36070
36087
36100
36123
36171
36362
36375
36397
36428
36469
36481
36540
36541
36602
36635
36668
36723
36820
36821
36877
36894
36898
36934
36993
36997
37115
37192
37194
37202
37223
37250
37365
37366
37644
37865
37892
37898
37904
37906
37907
37912
37931
37938
37949
37987
38033
38051
38081
38152
38321
38322
38430
38542
38551
38554
38555
38678
38742
38781
38782
38783
38808
38857
38880
38891
38896
38917
38926
38940
38964
38965
39036
39042
39107
39114
39123
39152
39170
39179
39181
39182
39187
39188
39192
39227
39292
39439
39447
39494
39525
39593
39620
39631
39652
39753
39759
39798
39883
39909
39951
40001
40023
40038
40039
40043
40044
40116
40245
40364
40565
40612
40664
40669
40683
40695
40734
40736
40761
40834
40909
40989
41003
41015
41134
41494
41547
41554
41564
41609
41622
41627
41721
41722
41853
42051
42058
42186
42221
42224
42225
42228
42230
42242
42255
42256
42259
42260
42261
42300
42301
42328
42331
42354
42459
42476
42487
42515
42560
42581
42586
42587
42596
42600
42606
42613
42630
42679
42716
42729
42732
42734
42739
42744
42811
42816
42845
42849
42868
42883
42888
42906
42919
42935
43316
43381
43382
43392
43393
43540
43569
43583
43589
43598
43655
43675
43697
43862
43940
43958
43978
44089
44097
44098
44099
44103
44110
44126
44179
44182
44185
44190
44224
44226
44242
44254
44262
44267
44273
44288
44308
44349
44395
44508
44509
44538
44560
44570
44592
44608
44612
44645
44646
44648
44656
44685
44698
44703
44708
44716
44719
44720
44730
44735
44742
44761
44768
44771
44782
44783
44788
44789
44794
44795
44862
44864
44865
44882
44887
44917
44918
44927
44951
44954
44960
44971
44977
44983
44984
44987
44989
44990
44996
44998
45001
45006
45012
45015
45017
45022
45024
45028
45029
45030
45043
45047
45048
45050
45051
45063
45068
45101
45110
45133
45153
45193
45199
45203
45215
45224
45231
45238
45273
45274
45276
45289
45298
45299
45338
45339
45342
45357
45361
45364
45366
45367
45371
45374
45409
45418
45420
45425
45433
45438
45439
45451
45455
45456
45468
45479
45480
45489
45491
45496
45498
45501
45511
45523
45549
45553
45554
45556
45572
45580
45591
45606
45608
45615
45624
45625
45628
45648
45655
45656
45667
45682
45687
45692
45699
45700
45707
45710
45716
45720
45725
45731
45733
45735
45737
45751
45752
45757
45769
45826
45829
45849
45884
45885
45995
46013
46050
46306
46383
46387
46401
46646
46647
46655
46657
46705
46728
46751
46765
46824
46834
46835
46845
46854
46855
46882
46885
47045
47051
47108
47203
47210
47234
47236
47239
47247
47261
47262
47317
47370
47537
47540
47544
47545
47550
47551
47559
47560
47561
47562
47573
47642
47656
47739
47811
47812
47912
47940
47954
48050
48053
48071
48099
48121
48126
48129
48134
48162
48178
48179
48194
48208
48238
48243
48303
48306
48354
48356
48378
48429
48434
48455
48470
48474
48483
48497
48509
48510
48512
48513
48539
48543
48585
48586
48588
48593
48605
48656
48664
48678
48682
48693
48706
48708
48711
48712
48713
48717
48734
48864
48870
48944
48972
48999
49030
49031
49032
49040
49061
49066
49071
49082
49092
49135
49136
49138
49154
49235
49253
49271
49284
49290
49338
49349
49370
49414
49417
49420
49429
49437
49439
49440
49449
49450
49461
49466
49492
49506
49565
49568
49616
49617
49630
49646
49666
49670
49719
49733
49765
49766
49789
49798
49803
49809
49826
49831
49833
49844
49866
49872
49882
49890
49942
49955
49957
49958
49959
49965
49981
49989
49992
49994
50004
50011
50012
50020
50023
50027
50030
50043
50056
50073
50098
50108
50118
50119
50126
50127
50129
50136
50152
50161
50164
50217
50219
50231
50245
50246
50248
50276
50279
50280
50281
50307
50324
50344
50355
50360
50418
50477
50482
50510
50511
50514
50534
50564
50568
50576
50587
50590
50592
50593
50600
50629
50639
50645
50648
50662
50671
50694
50724
50728
50739
50744
50826
50833
50845
50847
50848
50945
50949
50950
50951
51067
51165
51166
51230
51242
51296
51300
51326
51357
51488
51490
51491
51495
51500
51555
51584
51585
51632
51797
51829
51959
52249
52428
52465
52523
52526
54341
54352
54354
54356
55399
56035
56093
56106
56293
56466
56469
56593
56594
56595
56615
56628
56646
56711
56812
57077
57167
57177
57187
57207
57208
57248
57260
57315
57352
57355
57375
57377
57410
57425
57492
57545
57546
57551
57553
57587
57617
57624
57631
57633
57636
57666
57693
57776
57812
57820
57899
57900
57909
57916
57933
57945
57956
57966
58023
58034
58061
58077
58084
58094
58112
58114
58125
58126
58128
58129
58135
58136
58147
58149
58167
58169
58201
58214
58215
58216
58217
58220
58240
58248
