17
59
100
168
263
301
316
318
345
400
503
563
575
581
645
700
847
856
862
932
1023
1075
1089
1103
1132
1176
1193
1208
1210
1234
1250
1286
1295
1314
1344
1357
1395
1402
1447
1526
1638
1754
1852
1888
1946
1986
2036
2169
2170
2223
2290
2292
2300
2416
2516
2795
2837
2855
2979
3041
3056
3134
3274
3294
3337
3348
3373
3377
3410
3455
3479
3518
3644
3675
3707
3728
3780
3799
3833
3869
3951
3987
3999
4016
4110
4253
4267
4271
4291
4333
4341
4396
4494
4509
4538
4579
4601
4605
4626
4652
4662
4683
4685
4726
4732
4800
4803
4909
5051
5078
5111
5115
5211
5231
5273
5347
5349
5484
5572
5592
5610
5624
5684
5695
5706
5709
5733
5796
5832
5863
5888
5906
5922
6119
6129
6132
6148
6189
6218
6274
6291
6423
6438
6463
6488
6491
6522
6606
6781
6835
6839
6905
6941
7103
7211
7231
7330
7364
7418
7456
7537
7621
7694
7716
7760
7765
7886
7946
7957
7975
7992
8074
8108
8139
8142
8210
8287
8399
8471
8477
8484
8540
8552
8626
8752
8781
8797
8973
9084
9100
9116
9208
9257
9267
9295
9385
9395
9427
9483
9523
9574
9609
9629
9699
9700
9703
9730
9741
9762
9843
9844
9956
10020
10090
10239
10250
10366
10382
10400
10509
10586
10659
10669
10715
10727
10761
10762
10787
10811
10893
10897
10912
10967
11076
11092
11181
11243
11287
11339
11363
11397
11407
11428
11483
11511
11598
11614
11618
11626
11669
11679
11735
11757
11948
11972
12036
12046
12161
12175
12289
12332
12335
12381
12471
12480
12496
12498
12577
12622
12734
12741
12805
12814
12852
12897
12950
13028
13083
13182
13231
13269
13271
13283
13336
13368
13372
13517
13519
13552
13596
13621
13653
13721
13764
13784
13960
14070
14263
14290
14337
14402
14462
14572
14636
14638
14695
14697
14718
14868
14900
15089
15281
15425
16045
16148
16302
16335
16341
16352
16596
16640
16703
16950
17118
17177
17276
17306
17507
17631
17780
17786
18254
18385
18386
18426
18493
18602
18620
18725
18855
18856
18857
18906
18912
18952
19340
19369
19442
19595
19640
19672
19703
19753
19790
20147
20202
20635
20769
20950
20960
21045
21106
21189
21276
21532
21605
21684
21704
21925
21926
22017
22047
22168
22380
22397
22651
22725
23143
23168
23405
23420
23444
23485
23540
23568
23697
23706
23756
23767
23772
23835
24349
24467
24546
24788
25046
25047
25105
25164
25199
25220
25364
25441
25590
25625
25815
25838
25892
26353
26368
26453
26573
26588
26637
28075
28113
28510
28923
29562
30260
30376
30388
30483
30500
30505
30731
30776
30808
30820
30893
31136
31199
31399
32566
33258
33276
33575
33918
34238
34299
34914
34920
34956
35207
35282
35294
35625
35733
35838
35890
36398
36410
36478
36573
36952
37052
37203
37216
37245
37365
37895
37908
37934
38829
38850
39115
39183
39447
39629
39974
40665
40933
41091
41412
41564
41626
41627
41831
42314
42510
42598
42688
42810
43710
43861
43954
44109
44167
44215
44248
44267
44649
44701
44719
44768
44789
44791
44792
44861
44875
44885
44948
44993
45039
45045
45079
45218
45230
45231
45269
45306
45348
45457
45523
45532
45544
45552
45581
45608
45636
45814
45828
46306
46383
46654
47642
48099
48126
48135
48308
48484
48554
48676
48738
49171
49273
49338
49416
49425
49472
49480
49613
49620
49632
49833
49873
49956
49981
50020
50076
50121
50157
50258
50294
50348
50377
50439
50694
50705
50924
51495
51582
51959
54338
56003
56634
57154
57312
57313
57375
57834
57910
57926
57969
58033
58062
58071
58135
58142
58143
58200
58209
58216
58239
