25
63
77
396
471
501
503
526
587
674
686
913
962
1060
1160
1383
1388
1447
1522
1722
1724
1730
1762
1878
1898
1962
2043
2112
2158
2246
2264
2379
2633
2672
2688
2740
2770
2829
2881
2895
2898
2956
2985
3050
3142
3145
3148
3176
3310
3330
3366
3431
3468
3510
3531
3603
3680
3711
3726
3732
3744
3775
3807
3817
3891
4181
4229
4257
4267
4343
4368
4397
4425
4481
4497
4503
4528
4535
4585
4592
4617
4685
4851
4855
4868
4915
4955
4965
5131
5138
5175
5177
5328
5368
5418
5460
5472
5486
5558
5589
5678
5684
5694
5728
5776
5802
5809
5816
5832
5882
5956
5982
5990
6005
6031
6043
6102
6134
6150
6220
6354
6378
6420
6423
6457
6561
6688
6716
6875
6913
6917
6926
7096
7109
7132
7167
7269
7285
7460
7499
7534
7542
7566
7606
7611
7633
7672
7684
7789
7816
7865
7914
7935
7965
8031
8050
8092
8108
8116
8119
8186
8208
8224
8232
8240
8254
8266
8346
8385
8391
8417
8516
8568
8580
8610
8643
8763
8801
8813
8833
8933
8967
9070
9265
9278
9302
9307
9367
9369
9387
9405
9425
9493
9521
9547
9551
9559
9602
9653
9659
9677
9679
9728
9750
9772
9821
9834
9838
10224
10239
10242
10247
10251
10262
10273
10277
10334
10344
10356
10465
10516
10543
10557
10586
10588
10592
10598
10608
10618
10802
10816
10849
10924
10974
11124
11258
11327
11484
11520
11531
11544
11596
11620
11675
11705
11713
11760
11835
11932
11946
12072
12093
12187
12301
12337
12391
12394
12398
12488
12555
12587
12628
12629
12737
12741
12767
12770
12872
12893
12895
12901
12955
13060
13184
13198
13258
13304
13308
13519
13582
13617
13721
13865
13907
14018
14024
14080
14117
14137
14161
14365
14375
14438
14552
14666
14745
14977
15079
15209
15254
15398
15413
15422
15461
15708
15913
15918
16474
16758
16800
16869
16978
17006
17017
17229
17315
17505
17701
17783
18379
18426
18481
18560
18603
18691
18875
18905
18922
19073
19074
19081
19118
19150
19289
19457
19505
19825
19849
19890
19986
20154
20200
20365
20564
20669
20682
20800
20875
20934
21010
21020
21036
21100
21527
21584
21637
21706
21735
21767
21868
22401
22485
22649
22705
23318
23472
23474
23503
23562
23656
23685
23751
23852
23924
24404
24733
24871
25281
25467
25609
25650
25652
25740
25981
26060
26066
26085
26204
26222
26307
26357
26390
26435
26572
26585
27194
27208
27402
27833
28185
28427
29121
29588
30353
30357
30364
30471
30506
30638
30728
31184
31265
32603
32650
32708
32793
32804
32811
33520
34479
34480
35020
35133
35144
35155
35188
35203
35206
35623
35676
35696
35730
35731
35795
36057
36575
36749
36750
36790
36920
37135
37193
37883
37987
38391
38468
38470
38783
38827
38851
39105
39115
39268
39488
39630
39754
40000
40481
40485
40499
40689
40906
41495
41554
41564
41853
42050
42051
42188
42218
42253
42255
42328
42581
42685
42733
43396
43472
43510
43514
43536
43540
43832
43932
43958
44081
44096
44225
44240
44260
44275
44278
44349
44600
44606
44702
44778
44942
44962
44973
44979
44981
45044
45092
45093
45174
45272
45286
45315
45354
45374
45375
45446
45459
45460
45493
45543
45603
45606
45730
46633
46647
46758
46767
46834
46996
47109
47719
47941
47955
47956
48001
48061
48240
48425
48456
48534
48805
48865
48896
49201
49252
49450
49492
49547
49612
49907
49915
49952
49974
49992
50030
50069
50075
50088
50258
50263
50298
50558
50569
50708
50891
50938
50952
51377
51630
51645
52015
52542
54271
55653
56333
57074
57249
57250
57391
57550
57692
57923
57925
58061
58083
58119
58209
