17
168
195
216
293
309
312
337
355
406
419
427
451
483
563
651
674
789
807
831
876
880
892
900
902
917
929
953
1017
1107
1116
1137
1145
1155
1159
1193
1212
1232
1259
1322
1336
1382
1402
1443
1750
1888
1908
2056
2080
2107
2134
2156
2205
2207
2229
2233
2246
2364
2456
2478
2544
2590
2678
2750
2755
2757
2823
2830
2905
2920
2937
3021
3031
3054
3058
3228
3247
3253
3285
3416
3537
3557
3565
3611
3618
3633
3738
3811
3951
4067
4116
4138
4148
4152
4199
4267
4323
4350
4414
4443
4464
4468
4470
4476
4501
4547
4561
4568
4581
4591
4644
4647
4654
4702
4710
4728
4824
4853
4963
5003
5021
5039
5181
5226
5264
5317
5428
5501
5517
5522
5658
5694
5748
5786
5813
5848
5969
6088
6098
6119
6128
6148
6260
6274
6310
6315
6316
6350
6465
6475
6551
6557
6618
6623
6732
6764
6782
6789
6835
6881
6922
6992
6996
7207
7237
7310
7386
7408
7504
7563
7582
7587
7617
7622
7651
7688
7715
7776
7782
7791
7803
7820
7849
7941
7965
7982
7989
7990
8013
8042
8056
8078
8256
8295
8452
8495
8785
8831
8853
8907
8919
9030
9078
9199
9219
9220
9363
9439
9612
9659
9669
9684
9728
9730
9779
9875
9894
9898
9930
9984
10022
10076
10148
10152
10157
10179
10209
10269
10334
10340
10382
10386
10402
10403
10536
10584
10691
10748
10856
10941
10951
10992
11074
11110
11136
11158
11194
11291
11310
11329
11360
11383
11481
11643
11741
11774
11809
11852
11942
12329
12378
12567
12596
12625
12668
12681
12710
12846
13053
13064
13146
13238
13366
13454
13462
13580
13633
13709
13715
13761
13788
13925
13935
14052
14164
14171
14200
14245
14306
14357
14403
14408
14430
14574
14577
14578
14597
14660
14722
14784
14991
15071
15282
15295
15384
15705
15835
15988
16043
16328
16366
16368
16823
16973
17063
17086
17182
17188
17194
17269
17362
17705
17787
17943
17983
18232
18356
18451
18482
18517
18534
18544
18559
18577
18578
18610
18692
18718
18722
18729
18743
18886
18938
19104
19113
19127
19153
19192
19278
19391
19474
19591
19672
19710
19837
19849
20039
20152
20167
20643
21001
21120
21452
21529
21585
21878
22142
22158
22417
22432
22440
22860
23201
23231
23345
23406
23473
23750
23876
23923
24009
24064
24352
24567
24777
25192
25382
25532
25848
26206
26364
26552
26655
26875
27059
27862
28760
29370
29589
30208
30266
30344
30412
30447
30516
30559
30877
31174
32082
32519
32604
32643
32799
32813
33440
33622
33695
34202
34325
34737
34780
35109
35220
35248
35269
35273
35293
35508
35567
35618
35754
35838
36100
36825
37135
37202
37233
37376
37888
37911
38081
38083
38469
38552
38792
38911
39035
39095
39187
39199
39269
39485
39503
39657
39952
39992
40489
40493
40660
40906
40952
41412
41601
42186
42220
42235
42592
42621
42638
42856
42904
42921
43592
43685
43862
43877
43955
44150
44187
44192
44217
44232
44350
44536
44716
44783
44885
44934
44936
44987
44992
45019
45050
45068
45084
45174
45187
45188
45196
45266
45283
45289
45417
45424
45478
45532
45542
45558
45636
45673
45749
45806
45811
46013
46387
46751
46881
47045
47235
47370
47550
47597
48192
48207
48707
48711
48714
48717
48733
49015
49033
49060
49149
49201
49235
49273
49370
49508
49619
49842
49853
49866
49943
49957
49968
49978
49992
49994
50031
50071
50152
50157
50244
50303
50402
50583
50587
50640
50676
50705
50832
51243
51282
51283
51850
52850
54348
55397
56594
56595
56715
57129
57192
57252
57295
57412
57413
57545
57621
57902
57967
58104
58140
58248
