6
31
37
41
57
81
85
115
120
121
131
141
149
152
163
171
179
182
188
190
192
193
207
209
221
225
248
249
257
272
286
295
305
331
337
361
382
384
406
411
443
465
469
479
497
506
508
550
559
579
581
609
611
645
660
668
674
724
726
737
745
758
760
779
789
795
801
805
809
817
827
862
884
886
894
923
925
929
930
932
971
973
975
987
989
997
1001
1015
1029
1040
1050
1072
1080
1095
1109
1134
1153
1163
1172
1178
1187
1199
1221
1242
1255
1265
1267
1278
1280
1298
1303
1316
1327
1331
1336
1344
1346
1351
1357
1390
1400
1402
1433
1445
1448
1456
1470
1481
1497
1505
1513
1526
1530
1538
1562
1576
1608
1622
1624
1634
1642
1654
1666
1668
1670
1672
1684
1688
1698
1702
1706
1712
1718
1722
1730
1736
1748
1752
1754
1758
1766
1776
1794
1796
1814
1830
1858
1860
1868
1918
1926
1934
1938
1940
1944
1948
1958
1968
1972
1988
1994
2015
2016
2020
2021
2028
2030
2034
2039
2046
2050
2053
2069
2074
2078
2089
2094
2143
2166
2169
2188
2191
2212
2216
2229
2233
2241
2251
2255
2257
2262
2264
2267
2279
2288
2298
2299
2302
2309
2310
2335
2347
2351
2352
2355
2367
2368
2377
2378
2383
2385
2404
2405
2416
2425
2450
2455
2473
2485
2490
2494
2503
2514
2534
2536
2538
2543
2549
2567
2570
2573
2574
2575
2581
2595
2605
2607
2615
2639
2648
2670
2680
2682
2688
2699
2713
2720
2740
2748
2770
2774
2785
2794
2799
2800
2806
2833
2849
2859
2866
2872
2880
2885
2903
2920
2924
2925
2927
2930
2935
2942
2945
2951
2967
2976
2981
3012
3022
3028
3048
3054
3058
3060
3064
3066
3068
3075
3080
3094
3098
3102
3121
3138
3139
3148
3150
3164
3171
3183
3195
3197
3212
3230
3247
3264
3278
3314
3320
3326
3332
3346
3355
3361
3366
3370
3391
3392
3402
3404
3418
3420
3461
3463
3468
3471
3485
3495
3505
3547
3557
3572
3589
3609
3616
3630
3641
3643
3654
3660
3675
3707
3717
3718
3720
3722
3728
3746
3750
3756
3757
3771
3786
3790
3792
3799
3801
3809
3859
3865
3869
3877
3879
3901
3925
3927
3929
3939
3949
3957
3963
3967
3971
3985
3987
4004
4012
4020
4024
4037
4055
4089
4100
4102
4104
4106
4110
4140
4154
4158
4207
4209
4211
4217
4225
4227
4245
4251
4267
4275
4312
4316
4323
4362
4376
4378
4386
4401
4402
4410
4414
4431
4443
4455
4459
4461
4464
4480
4499
4501
4520
4522
4533
4540
4551
4553
4566
4572
4574
4579
4588
4591
4597
4608
4625
4626
4642
4647
4654
4658
4667
4672
4676
4689
4698
4699
4706
4707
4708
4732
4742
4752
4760
4761
4768
4770
4772
4780
4784
4792
4805
4806
4818
4822
4843
4849
4860
4878
4888
4889
4892
4897
4902
4920
4928
4938
4940
4944
4957
4959
4965
5001
5005
5015
5025
5027
5030
5032
5033
5034
5039
5046
5053
5063
5067
5076
5086
5097
5118
5120
5140
5158
5159
5181
5183
5197
5199
5202
5209
5214
5220
5233
5238
5241
5242
5254
5264
5292
5305
5327
5330
5331
5332
5335
5341
5342
5345
5357
5370
5380
5382
5388
5412
5436
5438
5456
5468
5478
5480
5494
5495
5506
5512
5519
5521
5522
5544
5557
5559
5562
5565
5582
5592
5624
5652
5656
5658
5666
5667
5668
5669
5681
5682
5684
5687
5691
5694
5696
5697
5707
5713
5719
5727
5744
5760
5768
5778
5792
5810
5814
5822
5828
5839
5845
5858
5861
5863
5873
5896
5902
5930
5938
5944
5956
5967
5969
5984
5986
5994
6026
6028
6045
6047
6062
6067
6070
6092
6100
6106
6125
6162
6163
6172
6189
6193
6208
6214
6216
6224
6234
6239
6244
6245
6248
6249
6255
6268
6269
6272
6280
6289
6299
6303
6307
6310
6314
6317
6319
6327
6337
6360
6370
6382
6385
6418
6430
6434
6436
6451
6453
6465
6477
6479
6482
6483
6521
6526
6555
6558
6572
6573
6579
6581
6582
6589
6597
6599
6604
6608
6610
6628
6680
6690
6693
6734
6737
6747
6751
6773
6780
6793
6800
6813
6817
6819
6843
6860
6868
6883
6913
6918
6931
6935
6948
6951
6958
6960
6962
6976
6978
6983
6986
6990
6992
7000
7002
7006
7028
7036
7040
7046
7060
7062
7068
7070
7092
7124
7125
7126
7129
7131
7141
7167
7192
7203
7225
7233
7238
7244
7245
7246
7248
7251
7254
7255
7258
7275
7277
7305
7307
7309
7313
7326
7335
7340
7349
7352
7357
7364
7368
7376
7380
7383
7400
7406
7408
7412
7428
7429
7437
7440
7442
7462
7492
7494
7500
7501
7505
7511
7522
7525
7527
7535
7542
7555
7587
7594
7595
7614
7615
7639
7641
7643
7645
7656
7667
7670
7672
7680
7690
7694
7699
7713
7716
7728
7744
7751
7756
7765
7770
7776
7778
7782
7790
7794
7797
7803
7806
7809
7812
7814
7818
7821
7824
7848
7849
7871
7872
7873
7878
7884
7908
7926
7941
7942
7947
7953
7954
7955
7956
7960
7974
7985
7991
7993
8005
8009
8021
8027
8033
8037
8060
8070
8074
8076
8082
8102
8104
8114
8119
8121
8123
8127
8130
8139
8152
8154
8170
8174
8176
8214
8232
8266
8268
8271
8276
8287
8295
8299
8303
8311
8343
8345
8359
8376
8380
8381
8382
8389
8415
8421
8431
8448
8452
8461
8502
8506
8509
8520
8524
8538
8546
8548
8568
8574
8588
8598
8602
8620
8647
8653
8677
8705
8707
8709
8733
8757
8766
8767
8771
8781
8787
8807
8809
8821
8829
8839
8849
8855
8863
8865
8877
8883
8885
8931
8935
8939
8962
8964
8977
8983
8989
8993
8999
9001
9018
9020
9038
9041
9066
9090
9102
9108
9128
9170
9191
9209
9211
9212
9230
9234
9236
9250
9266
9274
9279
9281
9287
9302
9306
9309
9317
9323
9327
9353
9367
9381
9383
9387
9389
9391
9393
9407
9413
9417
9425
9427
9431
9439
9447
9453
9457
9472
9487
9495
9540
9557
9559
9560
9564
9565
9574
9578
9580
9583
9589
9607
9608
9621
9623
9648
9655
9662
9673
9696
9711
9728
9741
9762
9796
9802
9825
9836
9840
9843
9844
9858
9862
9866
9873
9881
9894
9898
9901
9932
9934
9944
9962
9992
10002
10040
10050
10052
10066
10100
10115
10126
10129
10136
10140
10157
10170
10179
10187
10204
10208
10216
10224
10231
10232
10244
10283
10285
10302
10314
10318
10326
10338
10370
10415
10432
10444
10469
10477
10513
10514
10515
10520
10555
10565
10570
10572
10577
10581
10583
10584
10585
10594
10598
10613
10614
10615
10631
10635
10638
10646
10651
10653
10658
10663
10670
10673
10679
10703
10709
10711
10719
10720
10737
10748
10750
10753
10757
10779
10787
10816
10819
10835
10857
10867
10870
10884
10886
10892
10895
10900
10902
10914
10924
10927
10942
10945
10949
10957
10976
11004
11008
11010
11024
11028
11030
11036
11040
11058
11066
11080
11102
11106
11108
11112
11134
11170
11171
11176
11192
11215
11218
11222
11226
11228
11241
11251
11266
11274
11278
11287
11288
11300
11308
11317
11318
11322
11324
11333
11345
11359
11361
11369
11379
11391
11395
11403
11415
11421
11452
11454
11455
11456
11459
11461
11474
11494
11498
11502
11506
11511
11513
11522
11540
11544
11560
11566
11594
11598
11618
11620
11622
11632
11649
11665
11692
11699
11703
11711
11713
11730
11749
11757
11760
11799
11803
11807
11815
11825
11848
11868
11876
11886
11902
11904
11912
11916
11942
11946
11948
11956
11972
11974
11982
11984
11990
12022
12034
12046
12052
12054
12061
12072
12077
12089
12125
12143
12185
12196
12197
12206
12211
12213
12218
12221
12247
12258
12260
12264
12275
12284
12295
12299
12325
12330
12331
12335
12339
12366
12370
12374
12375
12388
12390
12399
12417
12423
12428
12430
12451
12453
12460
12468
12470
12471
12473
12484
12515
12517
12520
12532
12535
12538
12563
12588
12609
12626
12635
12645
12654
12699
12708
12712
12719
12724
12730
12732
12736
12739
12756
12762
12766
12784
12786
12790
12792
12798
12800
12802
12816
12821
12837
12839
12876
12882
12885
12909
12913
12942
12957
12959
12962
12966
12988
12992
13014
13019
13025
13047
13062
13066
13070
13087
13101
13102
13161
13182
13184
13198
13202
13204
13210
13223
13264
13267
13273
13275
13291
13295
13316
13319
13347
13355
13372
13400
13414
13416
13419
13421
13454
13462
13469
13477
13479
13489
13493
13503
13517
13527
13550
13554
13560
13564
13570
13618
13619
13632
13643
13653
13657
13661
13663
13670
13675
13695
13699
13710
13721
13733
13741
13764
13766
13790
13801
13804
13824
13831
13840
13870
13876
13879
13907
13911
13942
13947
13949
13960
13968
13972
14008
14016
14018
14024
14034
14040
14048
14064
14123
14147
14161
14168
14177
14191
14193
14195
14225
14231
14245
14269
14280
14284
14304
14323
14329
14351
14361
14375
14391
14396
14400
14408
14422
14430
14442
14446
14448
14472
14480
14484
14500
14502
14503
14512
14530
14533
14539
14556
14559
14560
14562
14578
14579
14580
14589
14601
14618
14634
14645
14660
14666
14670
14695
14697
14701
14725
14727
14731
14747
14756
14767
14777
14785
14793
14840
14977
14993
15033
15054
15071
15077
15085
15113
15114
15141
15219
15254
15284
15295
15387
15391
15394
15419
15463
15466
15535
15577
15589
15606
15620
15641
15642
15677
15712
15713
15717
15725
15727
15805
15807
15830
15845
15861
15869
15879
15904
15914
15921
15977
15979
15982
15988
16028
16029
16063
16103
16136
16138
16147
16148
16164
16254
16303
16328
16333
16335
16351
16383
16385
16386
16397
16401
16412
16473
16498
16499
16531
16534
16537
16538
16544
16574
16575
16583
16584
16594
16595
16596
16618
16639
16651
16652
16689
16710
16764
16802
16823
16833
16851
16905
16939
16942
16943
16978
16980
17017
17030
17042
17044
17048
17075
17076
17098
17100
17109
17111
17118
17130
17150
17159
17165
17180
17291
17332
17362
17420
17442
17506
17522
17523
17560
17571
17572
17628
17633
17679
17691
17696
17698
17700
17836
17875
17879
17963
18005
18006
18034
18215
18217
18274
18288
18289
18305
18310
18323
18336
18345
18363
18378
18385
18390
18415
18451
18454
18473
18492
18493
18534
18569
18577
18650
18664
18666
18667
18686
18691
18707
18711
18725
18733
18742
18748
18752
18775
18794
18800
18811
18826
18827
18850
18863
18881
18897
18910
18913
18915
18928
18933
18940
18944
18947
18959
18963
18972
19014
19024
19025
19031
19054
19070
19080
19081
19088
19090
19095
19097
19101
19102
19122
19125
19133
19159
19160
19194
19197
19248
19298
19306
19374
19442
19510
19595
19597
19637
19639
19640
19662
19688
19689
19694
19697
19698
19705
19706
19710
19732
19745
19746
19749
19771
19933
19936
19937
19982
19985
19986
20021
20045
20146
20148
20160
20166
20168
20189
20217
20243
20261
20353
20359
20371
20379
20404
20425
20459
20522
20552
20562
20586
20631
20634
20742
20747
20801
20890
20913
20930
20942
20960
20963
21032
21100
21153
21183
21273
21315
21448
21452
21457
21494
21504
21505
21513
21537
21538
21539
21540
21553
21563
21564
21581
21638
21665
21687
21690
21699
21727
21735
21868
21876
21878
21890
21934
21942
21943
21973
22040
22047
22055
22066
22067
22178
22183
22262
22265
22290
22322
22336
22342
22346
22379
22385
22397
22401
22453
22468
22478
22485
22486
22553
22556
22597
22616
22618
22628
22650
22652
22657
22665
22725
22727
22730
22738
22860
22992
23010
23020
23029
23140
23146
23166
23201
23231
23282
23288
23292
23314
23318
23335
23346
23389
23408
23412
23422
23423
23441
23443
23444
23457
23462
23464
23465
23483
23493
23539
23563
23609
23612
23624
23626
23657
23684
23685
23777
23821
23871
23876
23877
23890
23894
23897
23923
24009
24010
24346
24347
24348
24350
24358
24364
24448
24546
24625
24653
24695
24710
24722
24731
24736
24737
24788
24789
24790
24816
24971
24990
24991
24997
25072
25074
25084
25095
25105
25174
25201
25205
25222
25281
25363
25377
25378
25400
25467
25492
25589
25590
25643
25652
25702
25740
25818
25848
25856
25878
25889
25890
25982
26042
26063
26067
26071
26090
26163
26196
26209
26210
26308
26353
26380
26389
26391
26398
26408
26435
26453
26461
26491
26492
26509
26512
26551
26552
26554
26573
26583
26589
26592
26602
26637
26875
26876
27171
27179
27189
27190
27203
27204
27227
27425
27476
27665
27720
27812
27833
27835
27845
27883
27915
27927
27934
27949
28004
28040
28075
28130
28144
28184
28260
28264
28265
28427
28428
28510
28617
28726
28760
28761
28804
28921
29451
29539
29587
29594
29666
29709
29871
30255
30256
30306
30334
30358
30370
30381
30382
30424
30445
30448
30451
30453
30475
30483
30487
30488
30500
30502
30506
30554
30561
30563
30630
30636
30642
30727
30733
30763
30766
30767
30779
30780
30782
30785
30837
30872
30938
30961
30962
31010
31074
31076
31137
31165
31166
31180
31197
31199
31217
31645
31674
32082
32143
32381
32384
32448
32449
32476
32615
32631
32651
32656
32769
32780
32783
32793
32805
32809
32814
32817
33017
33069
33243
33495
33525
33534
33554
33555
33563
33646
33704
33705
33731
34084
34152
34157
34163
34209
34239
34260
34270
34286
34290
34299
34416
34418
34480
34735
34781
34880
34887
34907
34914
35036
35072
35097
35101
35102
35129
35161
35174
35182
35185
35189
35194
35222
35225
35248
35262
35265
35269
35281
35286
35287
35297
35313
35324
35438
35551
35563
35572
35618
35631
35639
35693
35699
35753
35756
35763
35764
35783
35857
35885
35924
35943
36022
36043
36057
36071
36087
36088
36124
36198
36205
36375
36399
36413
36539
36541
36633
36637
36653
36821
36824
36825
37012
37048
37139
37224
37256
37365
37376
37471
37477
37684
37858
37890
37894
37896
37901
37906
37930
37939
38028
38033
38036
38047
38048
38050
38052
38062
38081
38134
38426
38428
38468
38469
38470
38541
38551
38656
38678
38777
38782
38852
38857
38883
38896
38915
38917
38937
38940
38963
38974
38991
39042
39058
39086
39093
39095
39124
39125
39137
39153
39163
39165
39169
39179
39182
39183
39184
39188
39202
39236
39268
39339
39360
39435
39447
39482
39593
39594
39632
39657
39658
39659
39753
39754
39838
39860
39908
39953
39969
39974
39994
39996
40036
40045
40114
40115
40201
40245
40368
40490
40498
40564
40566
40568
40603
40604
40605
40666
40682
40691
40736
40761
40835
40836
40909
40933
40940
40989
41015
41088
41151
41412
41494
41564
41609
41779
41830
41860
42003
42066
42218
42225
42234
42240
42252
42253
42255
42260
42285
42297
42370
42459
42581
42584
42588
42608
42613
42636
42638
42641
42642
42661
42681
42683
42718
42727
42733
42811
42816
42821
42849
42894
42901
42907
43112
43384
43385
43392
43509
43513
43514
43539
43569
43583
43591
43593
43612
43656
43693
43697
43865
43870
43892
44023
44073
44100
44108
44118
44173
44184
44187
44189
44191
44212
44215
44224
44228
44231
44232
44236
44245
44257
44269
44275
44283
44284
44285
44286
44287
44291
44308
44350
44353
44414
44446
44465
44466
44506
44556
44611
44617
44646
44648
44656
44657
44659
44660
44684
44685
44688
44703
44707
44708
44713
44718
44723
44751
44756
44777
44784
44788
44864
44865
44876
44884
44887
44917
44928
44930
44946
44948
44951
44953
44969
44977
44978
45001
45012
45017
45030
45032
45048
45054
45055
45065
45078
45086
45087
45095
45104
45108
45125
45134
45151
45175
45177
45189
45190
45192
45197
45205
45206
45220
45223
45224
45227
45228
45235
45247
45252
45255
45268
45275
45287
45288
45291
45311
45312
45319
45326
45330
45334
45337
45342
45346
45350
45351
45358
45361
45369
45378
45379
45381
45387
45391
45433
45436
45443
45444
45449
45450
45458
45459
45474
45475
45482
45486
45495
45502
45514
45515
45517
45519
45531
45533
45541
45551
45556
45558
45578
45579
45580
45582
45599
45611
45612
45624
45630
45637
45640
45641
45644
45646
45648
45654
45657
45666
45669
45672
45674
45681
45684
45688
45693
45710
45715
45721
45724
45725
45727
45728
45732
45738
45753
45767
45797
45798
45811
45832
45992
45994
46048
46143
46145
46373
46541
46606
46634
46705
46758
46766
46767
46997
47019
47108
47121
47203
47231
47239
47240
47243
47246
47318
47349
47426
47542
47547
47557
47563
47572
47609
47663
47676
47794
47811
47882
47950
47951
47955
47983
48056
48057
48065
48089
48092
48099
48102
48129
48131
48134
48143
48149
48291
48296
48297
48329
48355
48405
48485
48489
48509
48512
48538
48578
48593
48605
48606
48614
48618
48656
48679
48680
48691
48728
48738
48742
48743
48852
48865
48878
48972
48973
49006
49014
49018
49067
49070
49099
49143
49152
49169
49201
49220
49238
49255
49284
49285
49290
49317
49329
49330
49351
49352
49417
49422
49426
49447
49477
49482
49497
49507
49524
49547
49600
49605
49607
49608
49611
49624
49633
49669
49764
49768
49802
49810
49831
49833
49863
49866
49890
49891
49894
49948
49951
49952
49964
49965
49966
49968
49969
49970
49992
49993
49994
49996
49998
50020
50030
50044
50069
50070
50073
50078
50084
50092
50117
50123
50130
50131
50134
50136
50142
50152
50159
50218
50224
50225
50227
50228
50248
50258
50276
50278
50295
50300
50301
50306
50310
50324
50325
50410
50434
50439
50475
50479
50480
50493
50532
50534
50539
50540
50564
50594
50597
50629
50646
50662
50668
50675
50700
50710
50723
50740
50758
50761
50833
50844
50845
50846
50848
50861
50925
50944
51067
51231
51237
51286
51296
51298
51336
51352
51357
51367
51501
51509
51582
51630
51645
51795
51798
51808
51821
51823
51826
51827
51831
51841
52249
52523
52721
54261
54266
54267
54912
55397
56001
56093
56106
56293
56373
56592
56628
56631
56812
57079
57080
57166
57168
57179
57180
57202
57212
57214
57218
57224
57238
57242
57313
57314
57319
57351
57359
57375
57376
57411
57489
57543
57564
57587
57611
57616
57621
57632
57642
57666
57693
57776
57812
57834
57851
57896
57899
57908
57909
57916
57928
57930
57934
57937
57953
57974
57977
58028
58032
58036
58048
58059
58061
58062
58071
58077
58078
58079
58080
58086
58099
58116
58125
58129
58130
58136
58141
58167
58180
58182
58200
58203
58219
58221
58239
