4
6
12
31
47
71
83
87
117
127
139
152
156
163
171
175
188
190
203
207
214
223
233
257
267
277
301
314
345
349
351
353
357
411
437
439
443
455
459
487
489
514
524
535
552
554
559
572
577
625
631
637
645
647
649
658
684
706
711
720
724
726
745
747
769
785
803
807
835
841
850
851
853
860
870
873
880
884
886
902
917
930
938
949
953
957
966
969
985
991
1019
1029
1034
1050
1070
1076
1086
1093
1099
1101
1103
1114
1116
1120
1136
1157
1166
1180
1185
1191
1197
1199
1212
1218
1223
1251
1255
1268
1270
1292
1311
1329
1346
1355
1371
1396
1398
1416
1425
1429
1433
1435
1439
1443
1461
1475
1477
1519
1528
1538
1576
1578
1582
1600
1610
1614
1634
1636
1642
1684
1694
1696
1708
1718
1720
1732
1746
1754
1764
1768
1774
1782
1794
1798
1804
1810
1818
1820
1822
1828
1830
1844
1846
1852
1864
1866
1872
1876
1886
1902
1908
1916
1918
1928
1948
1954
1958
1962
1964
1974
1982
2006
2020
2030
2037
2039
2042
2060
2070
2089
2103
2124
2134
2137
2138
2144
2146
2150
2161
2166
2172
2179
2188
2209
2219
2224
2228
2233
2235
2251
2253
2262
2267
2272
2276
2284
2295
2297
2299
2311
2316
2317
2335
2378
2400
2414
2416
2421
2425
2429
2431
2443
2444
2465
2476
2488
2498
2500
2528
2530
2532
2534
2540
2556
2583
2585
2590
2600
2613
2623
2633
2658
2660
2699
2724
2736
2744
2752
2755
2778
2779
2787
2788
2791
2802
2805
2811
2825
2826
2829
2830
2837
2841
2847
2857
2866
2874
2881
2890
2892
2901
2911
2913
2937
2942
2946
2955
2963
2973
2997
3001
3029
3035
3039
3041
3058
3060
3062
3069
3071
3073
3079
3080
3082
3090
3096
3106
3119
3127
3134
3140
3150
3156
3162
3164
3173
3174
3176
3189
3228
3238
3245
3257
3259
3260
3276
3278
3280
3293
3294
3302
3322
3330
3334
3340
3381
3387
3389
3416
3444
3465
3484
3497
3499
3518
3522
3531
3557
3572
3577
3620
3648
3658
3673
3678
3681
3689
3712
3734
3740
3746
3752
3754
3780
3788
3792
3807
3811
3815
3821
3855
3857
3865
3893
3897
3901
3907
3917
3937
3953
3957
3959
3967
3975
3981
3985
3997
4002
4006
4069
4071
4075
4089
4091
4112
4124
4138
4148
4150
4172
4175
4179
4183
4184
4186
4205
4215
4229
4239
4247
4249
4275
4283
4295
4316
4320
4323
4333
4360
4368
4378
4417
4433
4439
4440
4441
4448
4459
4461
4464
4506
4518
4523
4530
4541
4547
4553
4561
4567
4569
4589
4603
4605
4610
4623
4624
4636
4646
4662
4664
4665
4670
4674
4687
4696
4698
4700
4704
4724
4741
4743
4745
4758
4764
4770
4804
4806
4810
4812
4817
4818
4841
4845
4849
4860
4868
4870
4884
4889
4896
4900
4905
4923
4952
4954
4965
5028
5031
5032
5037
5043
5044
5051
5066
5078
5080
5088
5109
5118
5125
5140
5141
5153
5169
5175
5185
5199
5201
5216
5228
5241
5242
5271
5275
5285
5297
5303
5309
5323
5337
5341
5347
5353
5369
5377
5382
5384
5392
5399
5412
5414
5432
5450
5464
5478
5490
5494
5506
5507
5509
5535
5539
5543
5544
5545
5550
5562
5564
5565
5568
5573
5620
5624
5654
5662
5676
5677
5688
5697
5699
5717
5720
5721
5754
5772
5776
5792
5794
5815
5818
5820
5828
5831
5835
5841
5846
5851
5852
5875
5886
5892
5898
5912
5924
5950
5951
5952
5958
5962
5980
5999
6007
6014
6022
6039
6041
6051
6060
6066
6074
6086
6100
6110
6117
6128
6130
6132
6134
6140
6150
6154
6157
6163
6174
6177
6196
6218
6234
6243
6252
6256
6258
6267
6268
6278
6285
6289
6297
6309
6313
6315
6327
6367
6384
6391
6416
6423
6424
6425
6440
6452
6453
6456
6467
6475
6480
6482
6486
6488
6498
6504
6512
6516
6523
6541
6558
6562
6565
6618
6626
6633
6635
6643
6655
6657
6668
6672
6690
6693
6760
6762
6763
6767
6769
6783
6792
6799
6806
6822
6824
6834
6838
6851
6870
6872
6873
6877
6887
6901
6917
6928
6935
6941
6950
6951
7000
7014
7022
7024
7032
7036
7050
7073
7075
7086
7126
7132
7137
7140
7142
7143
7157
7159
7161
7165
7167
7168
7172
7181
7212
7237
7238
7256
7279
7301
7307
7334
7335
7379
7380
7385
7398
7400
7416
7417
7431
7432
7434
7436
7437
7444
7455
7456
7472
7474
7476
7501
7512
7514
7515
7518
7523
7532
7546
7561
7584
7587
7588
7589
7590
7600
7625
7664
7668
7678
7683
7690
7696
7703
7713
7736
7751
7755
7758
7770
7774
7812
7814
7815
7822
7827
7828
7844
7850
7857
7872
7876
7886
7908
7924
7926
7932
7940
7945
7958
7960
7970
7972
7975
7978
7992
8017
8046
8088
8090
8100
8112
8116
8125
8128
8132
8144
8146
8166
8168
8198
8204
8240
8246
8256
8258
8271
8274
8276
8278
8282
8289
8309
8317
8345
8349
8361
8371
8375
8376
8378
8383
8385
8411
8423
8425
8431
8446
8480
8493
8508
8514
8517
8520
8522
8524
8527
8552
8562
8595
8596
8598
8624
8641
8645
8649
8665
8675
8691
8705
8713
8721
8737
8745
8747
8769
8775
8781
8785
8813
8823
8839
8845
8851
8853
8883
8889
8897
8899
8911
8921
8929
8933
8959
8963
8964
8967
8973
8985
9003
9011
9016
9026
9030
9053
9064
9070
9076
9084
9096
9128
9162
9166
9189
9206
9208
9220
9222
9228
9232
9238
9239
9249
9257
9271
9276
9295
9303
9325
9331
9355
9357
9367
9383
9385
9391
9399
9407
9411
9419
9461
9481
9487
9495
9518
9530
9540
9544
9549
9563
9564
9565
9567
9571
9573
9576
9581
9591
9605
9609
9629
9632
9650
9653
9665
9679
9685
9703
9711
9720
9723
9732
9738
9741
9742
9746
9758
9770
9791
9797
9804
9807
9809
9817
9819
9826
9834
9839
9841
9843
9850
9856
9864
9866
9889
9891
9901
9903
9907
9912
9914
9922
9928
9932
9934
9942
9948
9954
9956
9968
9970
9974
9978
9982
9986
10020
10030
10040
10046
10066
10078
10084
10088
10092
10114
10119
10146
10154
10169
10170
10191
10201
10213
10216
10219
10221
10226
10236
10247
10256
10262
10267
10281
10288
10292
10342
10360
10364
10374
10376
10386
10388
10402
10403
10413
10459
10473
10479
10481
10489
10493
10503
10551
10553
10560
10568
10580
10586
10590
10600
10614
10617
10618
10619
10626
10627
10632
10633
10646
10648
10661
10669
10673
10679
10687
10689
10690
10691
10705
10709
10717
10727
10731
10739
10766
10783
10791
10793
10797
10809
10829
10845
10856
10860
10874
10884
10888
10896
10908
10933
10942
10947
10949
10957
10987
11004
11028
11040
11044
11052
11076
11080
11090
11120
11140
11156
11158
11178
11190
11196
11211
11215
11227
11232
11243
11246
11256
11258
11260
11264
11272
11281
11288
11296
11304
11307
11308
11309
11311
11315
11320
11325
11327
11335
11350
11356
11357
11358
11369
11375
11409
11427
11432
11445
11456
11462
11472
11476
11477
11481
11484
11485
11486
11490
11494
11500
11501
11506
11507
11513
11519
11533
11536
11538
11554
11570
11572
11584
11626
11630
11633
11635
11645
11655
11659
11669
11682
11693
11697
11717
11725
11732
11737
11745
11753
11758
11789
11827
11831
11833
11841
11842
11862
11870
11876
11896
11900
11910
11914
11930
11970
11972
11992
12016
12042
12054
12056
12058
12075
12085
12101
12113
12121
12127
12129
12147
12149
12165
12171
12188
12198
12204
12205
12220
12223
12224
12233
12237
12256
12266
12280
12305
12313
12319
12331
12370
12385
12394
12396
12409
12411
12413
12419
12423
12439
12464
12475
12483
12494
12496
12520
12524
12533
12537
12540
12557
12561
12575
12598
12620
12628
12637
12644
12650
12664
12671
12708
12718
12719
12721
12732
12751
12762
12774
12784
12788
12800
12802
12814
12819
12821
12827
12839
12852
12858
12862
12872
12874
12880
12889
12897
12948
12979
12988
12990
12996
13012
13037
13055
13058
13064
13102
13104
13112
13113
13117
13127
13135
13144
13146
13161
13165
13169
13186
13188
13194
13214
13216
13222
13238
13246
13260
13264
13279
13283
13299
13325
13334
13338
13343
13366
13368
13392
13394
13406
13410
13426
13438
13443
13477
13487
13489
13521
13525
13533
13536
13540
13562
13570
13592
13604
13613
13615
13621
13627
13629
13632
13633
13659
13663
13667
13675
13681
13685
13687
13699
13714
13715
13749
13764
13776
13790
13792
13799
13831
13872
13882
13886
13888
13907
13929
13931
13933
13941
13964
13992
13994
13996
14008
14026
14050
14064
14080
14082
14090
14099
14105
14129
14139
14153
14157
14161
14164
14171
14187
14190
14201
14203
14205
14212
14249
14278
14292
14295
14299
14327
14341
14389
14390
14391
14395
14405
14408
14412
14428
14436
14466
14470
14480
14482
14493
14503
14526
14556
14559
14560
14561
14585
14608
14612
14620
14668
14670
14674
14684
14689
14691
14695
14705
14712
14717
14720
14727
14751
14779
14784
14789
14811
14844
14845
14868
14869
14871
14927
15014
15047
15081
15084
15113
15219
15241
15257
15385
15392
15399
15413
15415
15424
15427
15461
15474
15489
15532
15562
15563
15579
15590
15606
15619
15631
15632
15650
15653
15654
15679
15692
15703
15712
15714
15727
15824
15830
15868
15869
15873
15884
15912
15926
15977
15984
15989
16029
16044
16136
16148
16317
16328
16379
16383
16397
16412
16464
16523
16531
16543
16544
16575
16584
16620
16773
16807
16823
16831
16834
16869
16873
16908
16909
16920
16923
16939
16940
16949
16971
17004
17005
17016
17034
17039
17083
17126
17151
17159
17160
17162
17164
17182
17194
17276
17287
17303
17306
17316
17318
17337
17380
17468
17504
17507
17509
17572
17605
17676
17689
17692
17701
17783
17869
17936
17945
18005
18006
18166
18174
18190
18191
18215
18252
18253
18274
18318
18336
18377
18426
18490
18492
18544
18582
18628
18648
18665
18667
18698
18703
18713
18727
18730
18732
18737
18742
18743
18773
18774
18800
18805
18826
18847
18858
18865
18870
18877
18895
18901
18902
18917
18926
18935
18944
18946
18947
18951
18959
18962
18972
18975
18999
19022
19047
19053
19055
19067
19069
19070
19080
19085
19091
19093
19098
19103
19108
19112
19114
19115
19117
19123
19129
19137
19139
19146
19147
19150
19155
19162
19163
19192
19194
19209
19221
19278
19287
19292
19294
19301
19342
19367
19389
19392
19420
19424
19442
19457
19505
19508
19510
19597
19621
19695
19711
19717
19718
19742
19743
19762
19771
19787
19791
19821
19825
19837
19890
19902
19915
20106
20152
20159
20161
20168
20235
20350
20366
20371
20400
20425
20526
20552
20682
20738
20771
20800
20801
20828
20894
20930
20941
20942
20944
20951
20966
20967
20987
21010
21020
21023
21028
21054
21060
21100
21112
21127
21153
21179
21273
21275
21315
21411
21415
21441
21453
21487
21502
21539
21557
21560
21561
21563
21582
21617
21618
21628
21665
21680
21701
21703
21727
21923
21933
21943
22046
22048
22049
22050
22065
22066
22072
22156
22157
22166
22168
22184
22186
22265
22290
22322
22369
22385
22441
22443
22470
22478
22554
22556
22607
22652
22656
22703
22705
22706
22725
22733
22738
22845
22967
23008
23011
23141
23144
23150
23155
23158
23182
23337
23345
23389
23406
23411
23421
23422
23424
23450
23451
23457
23459
23485
23486
23489
23527
23539
23560
23562
23564
23613
23616
23623
23670
23684
23685
23703
23751
23764
23772
23791
23834
23852
23877
23878
23894
23928
23930
23956
23968
24029
24065
24267
24336
24456
24463
24697
24701
24703
24724
24726
24733
24771
24802
24816
24949
25012
25030
25048
25054
25068
25069
25113
25114
25156
25192
25199
25222
25281
25283
25297
25298
25299
25302
25364
25384
25468
25564
25575
25608
25651
25817
25820
25877
25878
25881
25892
25936
26013
26014
26034
26068
26069
26070
26073
26076
26088
26089
26234
26265
26307
26364
26387
26392
26393
26398
26408
26442
26513
26514
26554
26567
26573
26603
26606
26647
26654
26655
26876
27138
27171
27279
27765
27812
27832
27839
27840
27843
27844
27860
27862
27875
27884
27900
27942
27945
27946
27983
28017
28091
28092
28109
28168
28169
28261
28263
28299
28329
28462
28491
28634
28726
28919
28922
29066
29099
29123
29163
29164
29205
29447
29564
29589
29591
29870
30217
30302
30303
30307
30317
30340
30342
30359
30364
30379
30403
30438
30448
30450
30467
30477
30487
30493
30513
30525
30553
30554
30555
30638
30646
30721
30724
30732
30762
30764
30766
30771
30772
30781
30794
30835
30874
30875
30877
30961
31006
31011
31076
31091
31094
31132
31180
31192
31193
31195
31645
31646
31739
32081
32082
32084
32108
32143
32342
32384
32447
32448
32464
32476
32615
32631
32632
32635
32651
32652
32665
32683
32693
32735
32773
32774
32775
32779
32799
32802
32803
32806
32817
33043
33069
33242
33353
33454
33520
33550
33551
33563
33565
33567
33575
33607
33694
33704
33714
33919
33970
34085
34127
34131
34156
34157
34158
34163
34198
34201
34249
34258
34278
34282
34286
34705
34715
34719
34735
34890
34907
34914
34921
35018
35036
35038
35050
35091
35104
35115
35129
35133
35156
35166
35175
35177
35185
35188
35192
35197
35200
35212
35214
35226
35227
35244
35249
35252
35253
35258
35259
35260
35272
35274
35275
35278
35287
35297
35325
35331
35386
35501
35553
35563
35566
35569
35571
35582
35623
35624
35630
35669
35676
35699
35704
35742
35759
35764
36011
36022
36025
36127
36166
36168
36171
36412
36606
36635
36654
36668
36691
36728
36773
36838
36839
36878
36880
36899
36953
37139
37140
37156
37191
37194
37195
37234
37249
37250
37253
37365
37395
37455
37890
37901
37906
37911
37912
37949
37997
37998
37999
38028
38029
38044
38047
38048
38050
38062
38085
38151
38321
38423
38426
38554
38591
38596
38597
38647
38656
38657
38668
38744
38759
38783
38811
38815
38826
38850
38860
38913
38926
38932
38965
38976
39042
39043
39044
39054
39057
39065
39086
39120
39122
39125
39184
39199
39226
39236
39248
39251
39261
39333
39374
39462
39483
39488
39502
39503
39535
39652
39653
39837
39850
39851
39867
39883
39952
39969
40023
40038
40039
40044
40179
40331
40490
40498
40569
40610
40682
40683
40690
40838
40934
40940
40951
41015
41088
41495
41547
41554
41584
41600
41601
41613
41664
41681
41731
41736
41843
41941
41950
42058
42059
42065
42186
42212
42216
42230
42243
42254
42261
42264
42297
42300
42314
42354
42370
42380
42392
42393
42471
42487
42502
42512
42569
42577
42581
42582
42583
42584
42585
42613
42619
42660
42661
42662
42683
42711
42726
42732
42735
42739
42785
42810
42888
42907
42917
43335
43392
43393
43395
43397
43472
43583
43591
43596
43633
43642
43649
43695
43710
43765
44023
44073
44074
44098
44110
44124
44150
44172
44173
44184
44187
44208
44209
44213
44214
44215
44223
44227
44237
44248
44271
44272
44275
44278
44283
44289
44294
44308
44350
44393
44394
44414
44416
44497
44509
44539
44603
44605
44648
44649
44658
44659
44683
44684
44697
44703
44709
44715
44754
44755
44763
44778
44779
44787
44864
44867
44872
44885
44887
44890
44891
44899
44920
44921
44938
44939
44941
44943
44951
44954
44956
44973
44989
44991
44993
44994
45001
45004
45007
45013
45015
45020
45024
45035
45037
45039
45045
45051
45056
45062
45073
45074
45075
45078
45084
45087
45092
45094
45110
45172
45188
45198
45209
45219
45230
45257
45258
45264
45266
45270
45276
45277
45278
45289
45298
45306
45308
45311
45313
45319
45321
45332
45333
45352
45354
45357
45359
45369
45377
45379
45382
45390
45396
45409
45424
45435
45437
45439
45442
45446
45459
45474
45482
45498
45500
45516
45518
45524
45531
45532
45543
45546
45555
45602
45607
45609
45611
45624
45626
45627
45629
45656
45674
45676
45678
45679
45682
45683
45684
45687
45689
45695
45698
45703
45708
45719
45725
45735
45737
45750
45768
45795
45812
45832
45884
45992
46045
46050
46141
46268
46393
46401
46647
46673
46677
46705
46749
46793
46825
46854
46898
47015
47019
47024
47121
47215
47231
47232
47235
47236
47238
47241
47242
47243
47245
47250
47251
47261
47313
47317
47346
47348
47424
47444
47459
47544
47545
47551
47559
47561
47663
47719
47811
47941
47945
47950
47991
47993
48001
48011
48035
48052
48065
48089
48091
48134
48138
48149
48152
48179
48235
48238
48263
48264
48312
48356
48378
48404
48405
48430
48434
48470
48483
48488
48497
48504
48511
48526
48543
48587
48605
48662
48678
48709
48712
48717
48730
48757
48865
48871
48872
48947
48972
48973
49006
49027
49061
49064
49083
49135
49138
49150
49167
49170
49171
49198
49201
49225
49232
49271
49285
49286
49289
49290
49330
49342
49423
49426
49428
49438
49442
49444
49464
49479
49492
49497
49511
49516
49543
49605
49607
49608
49610
49619
49620
49622
49634
49649
49712
49713
49720
49764
49797
49804
49830
49831
49846
49853
49864
49895
49907
49924
49942
49950
49966
49975
49978
49986
49989
49990
50010
50015
50017
50039
50049
50056
50062
50071
50078
50084
50085
50087
50092
50102
50103
50106
50117
50122
50123
50129
50136
50156
50161
50217
50219
50220
50228
50234
50236
50238
50240
50248
50252
50265
50272
50274
50281
50285
50294
50304
50310
50316
50324
50333
50354
50355
50363
50374
50383
50406
50434
50444
50475
50504
50514
50546
50557
50560
50566
50569
50577
50578
50590
50645
50662
50670
50679
50694
50699
50729
50739
50763
50813
50837
50847
50905
50925
50944
50949
50950
51139
51161
51166
51231
51242
51265
51290
51298
51488
51493
51496
51501
51555
51584
51627
51632
51795
51796
51822
51829
51840
52248
52428
52526
52850
52919
54266
54277
54279
55399
55926
56002
56032
56104
56293
56330
56466
56470
56591
56615
56631
56644
56646
56812
56831
57078
57082
57165
57166
57179
57189
57191
57202
57241
57251
57258
57321
57336
57347
57348
57353
57354
57359
57373
57376
57410
57412
57474
57528
57530
57564
57617
57631
57638
57676
57680
57819
57899
57909
57914
57918
57925
57926
57932
57933
57934
57945
57970
57973
57978
57984
58058
58059
58060
58074
58081
58104
58105
58107
58132
58142
58145
58153
58167
58181
58199
58202
58204
58210
58239
58303
