14
43
51
55
80
89
93
95
107
128
149
152
154
165
171
184
211
227
243
247
248
253
259
267
283
289
299
314
323
327
341
342
347
357
363
373
384
386
441
455
467
469
479
483
493
513
514
522
535
537
568
570
575
577
583
591
611
615
621
631
633
639
649
652
674
686
688
696
704
706
728
731
735
737
751
754
769
795
813
821
827
835
851
856
871
886
888
892
913
934
935
938
943
947
951
957
959
975
977
995
1001
1003
1014
1027
1029
1034
1036
1052
1060
1082
1093
1112
1120
1126
1130
1137
1145
1157
1163
1172
1185
1201
1203
1210
1214
1238
1240
1257
1272
1276
1295
1297
1325
1327
1333
1344
1359
1369
1404
1410
1425
1452
1453
1455
1467
1473
1485
1536
1540
1556
1558
1562
1566
1584
1588
1632
1648
1656
1660
1662
1690
1694
1698
1706
1708
1710
1712
1720
1740
1750
1778
1780
1784
1790
1834
1850
1868
1882
1886
1888
1892
1916
1926
1936
1944
1994
1998
2002
2010
2012
2014
2027
2036
2037
2043
2044
2055
2077
2080
2086
2089
2097
2123
2124
2126
2141
2165
2174
2180
2182
2193
2199
2210
2212
2218
2255
2256
2274
2276
2277
2294
2295
2302
2325
2337
2339
2369
2379
2387
2391
2398
2400
2406
2411
2413
2433
2435
2447
2463
2475
2477
2482
2491
2516
2534
2536
2553
2563
2581
2611
2613
2618
2629
2633
2637
2648
2652
2672
2684
2700
2702
2710
2712
2720
2728
2734
2738
2745
2746
2752
2764
2769
2774
2779
2792
2802
2805
2813
2814
2830
2859
2870
2876
2880
2887
2896
2905
2928
2946
2965
2967
2973
2974
2982
3012
3018
3029
3035
3041
3050
3077
3079
3080
3082
3108
3132
3139
3144
3156
3158
3171
3185
3193
3210
3222
3230
3234
3289
3300
3322
3334
3339
3355
3375
3377
3383
3391
3392
3398
3408
3431
3438
3452
3463
3468
3477
3487
3491
3503
3516
3533
3555
3569
3571
3579
3581
3591
3599
3601
3607
3613
3615
3616
3620
3628
3631
3635
3638
3640
3641
3644
3650
3656
3660
3666
3669
3701
3709
3711
3714
3718
3720
3724
3742
3750
3757
3762
3777
3807
3809
3815
3837
3839
3879
3897
3901
3921
3923
3933
3935
3941
3955
3983
3989
4001
4014
4029
4043
4049
4059
4069
4083
4116
4120
4126
4128
4134
4140
4142
4144
4146
4148
4162
4209
4213
4225
4261
4314
4327
4335
4348
4350
4356
4370
4376
4378
4380
4388
4398
4401
4408
4410
4414
4423
4431
4439
4450
4455
4457
4464
4481
4490
4494
4495
4499
4509
4520
4553
4562
4567
4568
4577
4579
4581
4607
4613
4615
4624
4625
4627
4628
4630
4642
4649
4674
4689
4691
4693
4699
4709
4744
4748
4760
4764
4772
4792
4796
4803
4804
4817
4822
4824
4839
4852
4856
4866
4886
4893
4895
4897
4909
4915
4917
4921
4924
4926
4934
4950
4952
4953
4973
4989
4993
5003
5008
5010
5015
5019
5027
5044
5059
5065
5084
5097
5101
5115
5141
5153
5157
5169
5173
5189
5191
5197
5202
5208
5216
5222
5224
5230
5235
5236
5244
5258
5260
5273
5297
5299
5301
5311
5313
5323
5331
5333
5345
5370
5372
5376
5377
5378
5382
5388
5390
5397
5402
5424
5427
5434
5438
5440
5444
5448
5450
5454
5460
5462
5472
5474
5486
5492
5495
5500
5504
5506
5511
5513
5530
5531
5532
5534
5537
5541
5566
5588
5591
5630
5649
5662
5677
5678
5682
5683
5689
5698
5703
5708
5711
5728
5746
5768
5770
5780
5786
5790
5812
5822
5831
5837
5854
5864
5873
5886
5900
5908
5926
5928
5940
5950
5956
5965
5980
5998
6005
6006
6028
6049
6055
6059
6062
6067
6075
6076
6080
6084
6086
6102
6106
6126
6127
6138
6148
6150
6152
6157
6163
6166
6183
6196
6218
6237
6244
6246
6250
6278
6280
6287
6289
6293
6295
6301
6313
6314
6343
6345
6348
6368
6378
6382
6384
6413
6427
6436
6438
6439
6442
6453
6455
6471
6473
6484
6493
6502
6514
6525
6527
6529
6549
6564
6577
6595
6606
6608
6622
6623
6629
6651
6654
6660
6674
6676
6687
6699
6701
6723
6725
6728
6747
6749
6753
6754
6755
6758
6762
6763
6767
6768
6779
6782
6786
6794
6798
6821
6826
6833
6841
6889
6897
6899
6908
6924
6950
6958
6968
6981
7006
7012
7028
7032
7044
7048
7068
7076
7080
7110
7122
7137
7141
7149
7150
7155
7178
7179
7194
7205
7226
7240
7244
7248
7251
7253
7279
7310
7329
7337
7348
7357
7374
7382
7394
7396
7414
7421
7423
7428
7429
7431
7434
7448
7459
7481
7482
7488
7495
7496
7499
7510
7516
7523
7529
7530
7531
7535
7539
7545
7563
7569
7580
7589
7590
7595
7602
7617
7625
7629
7633
7654
7656
7662
7667
7686
7688
7700
7713
7716
7745
7760
7762
7767
7776
7782
7788
7802
7803
7810
7814
7822
7823
7827
7832
7847
7855
7857
7863
7867
7880
7882
7884
7894
7908
7924
7928
7933
7949
7950
7969
7977
7989
7991
7995
7998
7999
8011
8013
8023
8027
8037
8044
8046
8060
8070
8074
8082
8116
8123
8127
8130
8162
8170
8172
8178
8193
8198
8204
8216
8222
8226
8228
8236
8260
8262
8278
8288
8293
8299
8301
8303
8305
8311
8323
8326
8328
8338
8345
8351
8355
8365
8367
8372
8373
8383
8397
8399
8401
8453
8458
8463
8465
8473
8477
8492
8493
8509
8513
8520
8522
8529
8553
8568
8569
8570
8571
8572
8614
8626
8643
8655
8659
8671
8673
8701
8707
8711
8739
8740
8767
8787
8795
8803
8831
8873
8897
8901
8937
8949
8951
8963
8964
8975
8981
9016
9018
9052
9058
9066
9070
9078
9098
9116
9128
9138
9144
9150
9191
9197
9211
9215
9217
9219
9221
9222
9232
9247
9257
9261
9265
9266
9267
9271
9285
9299
9307
9309
9317
9321
9323
9325
9351
9363
9381
9383
9395
9421
9423
9435
9445
9481
9505
9509
9512
9534
9545
9560
9561
9571
9581
9589
9613
9625
9629
9630
9631
9635
9645
9655
9657
9665
9671
9687
9693
9696
9700
9701
9711
9740
9748
9767
9790
9797
9800
9804
9806
9807
9830
9831
9840
9843
9852
9866
9868
9889
9934
9936
9940
9962
9966
9986
9992
10000
10008
10014
10020
10022
10024
10040
10056
10068
10074
10078
10100
10112
10115
10128
10129
10135
10157
10162
10165
10169
10174
10176
10188
10191
10201
10206
10209
10230
10237
10243
10250
10256
10273
10308
10312
10322
10328
10360
10362
10370
10374
10392
10409
10417
10420
10424
10427
10431
10444
10459
10461
10471
10479
10501
10507
10513
10547
10578
10581
10613
10622
10646
10665
10677
10679
10688
10689
10691
10699
10702
10705
10707
10711
10712
10713
10723
10733
10756
10774
10775
10798
10802
10810
10815
10819
10825
10829
10847
10870
10874
10882
10900
10941
10942
10951
10953
10955
10992
11009
11010
11040
11052
11054
11058
11084
11096
11098
11100
11120
11130
11158
11160
11176
11206
11214
11224
11228
11229
11238
11249
11251
11252
11258
11270
11290
11292
11298
11300
11308
11310
11313
11315
11349
11363
11365
11371
11373
11389
11393
11395
11427
11462
11466
11480
11481
11483
11493
11501
11503
11520
11529
11533
11554
11556
11560
11564
11580
11590
11596
11614
11624
11626
11655
11659
11675
11684
11695
11711
11717
11721
11723
11725
11741
11743
11758
11812
11829
11837
11844
11858
11864
11890
11898
11902
11908
11914
11926
11944
11946
11948
11952
11966
11980
11984
12004
12020
12032
12042
12050
12058
12068
12079
12110
12127
12133
12139
12143
12151
12161
12167
12183
12206
12208
12216
12223
12225
12231
12233
12239
12242
12256
12260
12264
12270
12273
12275
12293
12312
12317
12321
12326
12329
12339
12341
12352
12355
12366
12392
12398
12401
12403
12419
12447
12457
12460
12468
12480
12488
12490
12498
12502
12518
12532
12535
12544
12557
12561
12571
12575
12579
12583
12596
12605
12606
12607
12610
12625
12626
12628
12644
12652
12655
12670
12671
12687
12695
12699
12705
12708
12726
12729
12745
12778
12788
12817
12860
12884
12885
12921
12940
12942
12948
12950
12952
12960
12964
12967
12972
12973
12975
12992
13000
13004
13021
13030
13041
13058
13062
13068
13097
13101
13125
13129
13131
13135
13150
13152
13154
13156
13157
13198
13212
13231
13238
13254
13267
13269
13291
13297
13314
13319
13321
13338
13349
13357
13364
13380
13386
13388
13396
13458
13468
13495
13501
13514
13517
13525
13529
13531
13548
13566
13586
13592
13598
13608
13619
13622
13631
13637
13642
13655
13661
13667
13689
13712
13715
13727
13735
13755
13759
13761
13776
13780
13790
13804
13818
13833
13834
13842
13843
13853
13859
13865
13870
13875
13878
13880
13884
13890
13897
13911
13916
13927
13929
13941
13945
13955
13958
13960
13976
13978
14006
14010
14022
14032
14036
14040
14042
14058
14068
14084
14125
14127
14131
14133
14164
14175
14187
14212
14213
14219
14227
14235
14243
14269
14278
14280
14288
14290
14300
14303
14304
14306
14313
14323
14329
14337
14367
14375
14391
14406
14410
14412
14416
14432
14440
14454
14464
14470
14472
14478
14481
14491
14494
14506
14514
14520
14522
14530
14535
14537
14544
14548
14561
14574
14582
14585
14601
14607
14624
14626
14630
14638
14639
14686
14697
14699
14720
14724
14731
14747
14749
14765
14769
14784
14811
14828
14855
14871
14900
14901
14976
14991
15024
15056
15071
15079
15082
15106
15115
15212
15215
15253
15268
15394
15419
15420
15427
15429
15489
15555
15566
15614
15631
15632
15642
15647
15649
15692
15713
15754
15755
15869
15877
15883
15884
15898
15912
15914
15926
15932
15935
15976
15977
15978
16028
16043
16044
16102
16134
16318
16382
16386
16412
16462
16498
16532
16620
16638
16651
16689
16757
16765
16781
16802
16821
16823
16831
16834
16863
16911
16938
16950
16968
17003
17006
17037
17040
17042
17045
17074
17088
17089
17106
17126
17129
17131
17181
17287
17354
17422
17441
17471
17505
17506
17523
17560
17563
17573
17627
17628
17633
17692
17704
17707
17787
17836
17902
17937
17942
17984
18016
18017
18036
18107
18133
18163
18178
18200
18216
18233
18240
18251
18281
18289
18336
18371
18416
18434
18452
18482
18489
18508
18510
18524
18531
18578
18602
18611
18680
18686
18691
18700
18711
18712
18713
18717
18723
18727
18731
18733
18737
18742
18773
18794
18831
18838
18839
18866
18873
18878
18884
18893
18906
18908
18916
18917
18921
18928
18938
18946
18949
18955
18958
18959
18961
18962
18964
18965
18966
19014
19021
19025
19031
19066
19067
19074
19075
19083
19086
19090
19096
19102
19103
19115
19119
19120
19125
19128
19134
19136
19151
19154
19157
19162
19167
19185
19222
19277
19295
19296
19301
19345
19364
19366
19369
19386
19417
19424
19507
19508
19568
19597
19662
19672
19688
19701
19707
19718
19761
19824
19901
20106
20118
20154
20200
20240
20341
20349
20365
20375
20376
20509
20533
20559
20560
20572
20634
20679
20684
20701
20843
20875
20924
20930
20938
20943
20966
21015
21026
21028
21095
21106
21127
21182
21276
21316
21318
21319
21363
21410
21441
21443
21452
21487
21508
21538
21541
21543
21545
21564
21567
21575
21582
21586
21625
21634
21637
21674
21676
21677
21686
21688
21695
21699
21734
21735
21738
21775
21791
21868
21878
21923
21925
21928
21932
21934
21944
22045
22048
22050
22055
22066
22076
22168
22182
22225
22243
22290
22291
22309
22324
22441
22470
22479
22512
22534
22541
22554
22610
22652
22705
22711
22730
22733
23018
23021
23044
23141
23144
23151
23156
23182
23282
23335
23414
23457
23458
23471
23487
23492
23501
23502
23557
23564
23568
23575
23578
23594
23613
23657
23752
23756
23764
23791
23831
23854
23870
23878
23890
23938
23954
23964
23968
24010
24191
24340
24448
24467
24695
24703
24719
24722
24724
24736
24738
24751
24771
24824
24840
24841
24990
25022
25046
25047
25048
25069
25079
25202
25218
25219
25282
25299
25376
25398
25400
25436
25549
25605
25641
25707
25740
25818
25839
25859
25880
25982
26013
26062
26068
26069
26072
26078
26196
26210
26341
26361
26364
26387
26389
26398
26434
26465
26482
26486
26522
26533
26581
26584
26586
26588
26591
26596
26604
26638
26876
27148
27179
27181
27189
27204
27218
27423
27425
27476
27597
27831
27832
27835
27837
27838
27840
27844
27861
27887
27920
27963
27964
27983
28005
28055
28084
28101
28175
28239
28262
28300
28462
28614
28634
28760
28761
28919
28923
29370
29554
29587
29591
29666
29795
29872
30122
30217
30260
30266
30301
30304
30312
30316
30340
30343
30354
30359
30360
30363
30383
30395
30435
30447
30452
30455
30459
30460
30470
30484
30500
30505
30545
30552
30559
30580
30637
30638
30647
30728
30731
30785
30787
30809
30826
30873
30889
30962
31003
31006
31132
31163
31169
31178
31183
31191
31197
31269
31403
31405
31418
31674
31737
31741
31887
32084
32285
32382
32385
32553
32585
32650
32655
32679
32709
32758
32770
32776
32779
32783
32793
32802
32806
32809
32810
33016
33068
33353
33369
33403
33455
33482
33646
33694
33705
33969
34070
34131
34201
34209
34248
34286
34302
34320
34779
34780
34853
34864
34867
34890
34907
34921
34954
35022
35025
35107
35108
35115
35132
35154
35165
35175
35176
35182
35188
35202
35204
35208
35215
35219
35229
35244
35251
35257
35260
35262
35265
35272
35276
35277
35302
35324
35388
35508
35510
35553
35555
35563
35573
35574
35582
35600
35619
35623
35709
35754
35756
35762
35769
35773
35795
35823
35829
35874
35885
35952
36011
36087
36126
36171
36310
36359
36360
36419
36435
36481
36539
36575
36601
36723
36750
36752
36776
36838
36841
36880
36892
36893
36894
36920
36938
36953
36993
37008
37012
37052
37114
37129
37156
37224
37358
37365
37455
37674
37882
37887
37895
37906
37908
37979
37999
38035
38036
38052
38078
38322
38391
38419
38553
38557
38598
38647
38715
38745
38774
38781
38792
38802
38812
38826
38851
38855
38871
38914
38915
38927
38966
38970
38975
38979
39031
39035
39055
39059
39093
39098
39109
39122
39124
39163
39166
39168
39169
39171
39175
39179
39181
39185
39186
39199
39252
39261
39373
39439
39457
39488
39513
39524
39534
39546
39625
39755
39838
39860
39883
39906
39907
39953
39970
40004
40043
40045
40114
40179
40368
40490
40494
40653
40662
40666
40667
40735
40794
40795
40810
40811
40835
40836
40853
40909
40980
41003
41015
41094
41413
41551
41624
41672
41722
41778
41830
41860
41950
42003
42051
42059
42066
42187
42214
42215
42216
42217
42220
42234
42243
42244
42250
42264
42278
42293
42331
42393
42477
42510
42512
42584
42590
42592
42593
42619
42630
42635
42636
42661
42681
42683
42711
42727
42729
42732
42733
42735
42744
42777
42869
42874
42884
42919
42926
43131
43334
43357
43407
43505
43536
43537
43540
43591
43609
43710
43751
43933
43958
44081
44111
44150
44186
44187
44188
44190
44223
44229
44234
44237
44248
44294
44296
44302
44347
44348
44413
44467
44507
44556
44559
44570
44602
44606
44612
44647
44657
44661
44663
44687
44692
44697
44698
44707
44708
44712
44720
44731
44732
44741
44755
44773
44778
44779
44787
44791
44795
44868
44887
44891
44900
44901
44917
44918
44921
44922
44925
44936
44949
44950
44951
44954
44957
44958
44964
44965
44967
44974
44982
44998
45000
45001
45010
45032
45035
45042
45044
45056
45064
45068
45077
45079
45080
45082
45103
45124
45128
45133
45152
45173
45186
45187
45188
45206
45213
45219
45220
45227
45229
45235
45251
45260
45270
45273
45274
45291
45296
45297
45300
45315
45316
45322
45338
45343
45351
45372
45377
45391
45409
45420
45421
45434
45440
45441
45442
45443
45450
45452
45455
45460
45482
45501
45504
45512
45520
45525
45531
45548
45570
45575
45578
45597
45613
45624
45626
45628
45630
45636
45641
45652
45666
45667
45670
45672
45678
45687
45688
45690
45695
45696
45703
45705
45721
45728
45729
45730
45736
45797
45805
45832
45849
45924
45992
45995
46014
46015
46123
46133
46145
46376
46383
46455
46536
46541
46633
46634
46646
46657
46674
46792
46804
46805
46814
46835
46855
46951
47019
47047
47048
47231
47232
47243
47251
47262
47285
47312
47318
47459
47541
47544
47559
47562
47565
47566
47603
47604
47609
47702
47812
47881
47912
47921
47941
47945
47993
48051
48056
48058
48063
48090
48099
48104
48121
48124
48126
48134
48137
48149
48207
48208
48235
48238
48240
48243
48244
48254
48292
48306
48308
48309
48403
48412
48421
48424
48425
48452
48470
48484
48487
48489
48543
48545
48578
48588
48657
48663
48680
48681
48691
48707
48710
48714
48716
48733
48738
48870
48872
48974
49012
49064
49081
49099
49102
49130
49138
49163
49220
49269
49285
49317
49329
49352
49356
49407
49410
49414
49416
49428
49451
49471
49507
49511
49512
49516
49526
49568
49600
49604
49606
49619
49621
49623
49635
49660
49671
49717
49723
49733
49747
49764
49801
49803
49805
49809
49829
49836
49838
49846
49866
49872
49879
49882
49926
49948
49949
49952
49959
49961
49969
49973
49978
49986
50004
50005
50017
50019
50026
50039
50043
50044
50045
50062
50065
50077
50084
50098
50099
50113
50126
50134
50142
50144
50152
50153
50156
50164
50222
50224
50234
50237
50244
50254
50262
50266
50273
50288
50296
50306
50317
50325
50328
50334
50344
50355
50367
50374
50404
50410
50475
50478
50482
50494
50521
50531
50573
50578
50583
50594
50601
50608
50640
50723
50734
50743
50744
50750
50837
50845
50848
50861
50891
50924
50925
50938
50944
50947
50948
51137
51139
51141
51148
51184
51223
51236
51286
51290
51352
51367
51369
51377
51494
51626
51627
51810
51815
51822
51841
51849
52045
52463
52523
52526
52722
53867
54259
54262
54277
54343
55394
56000
56001
56033
56038
56090
56333
56334
56644
56646
56812
56813
56814
57076
57077
57082
57168
57191
57202
57209
57249
57262
57263
57295
57314
57353
57374
57389
57393
57474
57491
57493
57529
57585
57613
57615
57620
57626
57627
57632
57666
57693
57818
57819
57833
57834
57835
57907
57915
57921
57925
57928
57936
57953
57966
57967
57977
57978
58033
58035
58048
58056
58061
58070
58071
58082
58099
58104
58125
58126
58139
58141
58142
58143
58209
58213
58219
58240
