27
83
128
135
168
186
198
266
318
365
402
560
587
658
664
672
710
821
1014
1103
1159
1160
1214
1297
1323
1425
1574
1642
1774
1794
1870
1940
1946
2092
2128
2191
2214
2221
2246
2293
2377
2399
2416
2435
2463
2556
2571
2572
2590
2606
2620
2678
2793
2819
2937
2956
3003
3009
3058
3064
3140
3181
3339
3394
3438
3597
3636
3638
3656
3752
3811
3869
3977
4028
4073
4179
4180
4191
4245
4275
4277
4358
4407
4568
4683
4741
4786
4872
5015
5043
5051
5136
5185
5216
5277
5281
5289
5317
5379
5384
5492
5517
5521
5546
5576
5612
5706
5739
5768
5837
5848
5948
5996
6008
6074
6108
6125
6158
6203
6252
6360
6366
6395
6453
6541
6547
6565
6781
6799
6868
6903
6928
6990
7002
7058
7064
7142
7211
7248
7305
7427
7453
7478
7496
7515
7522
7525
7543
7545
7598
7604
7686
7698
7703
7710
7715
7775
7922
7938
7959
7962
7969
7986
8023
8033
8224
8232
8271
8307
8326
8341
8382
8409
8415
8484
8508
8572
8679
8767
8769
8779
8837
8887
8965
9112
9152
9226
9238
9253
9309
9363
9389
9719
9730
9756
9781
9856
9885
9992
10024
10090
10124
10133
10162
10174
10201
10209
10246
10256
10265
10290
10346
10378
10448
10580
10588
10648
10671
10703
10705
10833
10849
10931
10971
11011
11018
11020
11030
11243
11270
11298
11397
11466
11476
11512
11542
11570
11647
11758
11789
11906
11984
11986
12083
12103
12237
12256
12282
12378
12392
12473
12490
12494
12569
12625
12654
12816
12932
12933
12951
12972
13037
13077
13123
13301
13408
13434
13435
13485
13517
13531
13540
13574
13615
13634
13650
13661
13667
13682
13712
13746
13916
13945
13986
14052
14121
14231
14259
14294
14381
14390
14406
14414
14448
14476
14572
14620
14686
14718
14760
14828
15241
15284
15702
16150
16335
16401
16542
16780
16802
16950
17040
17097
17118
17698
17704
17773
17782
18006
18163
18262
18274
18305
18371
18374
18415
18508
18535
18577
18578
18743
18800
18811
18865
18874
18905
18915
18961
19094
19131
19132
19133
19135
19140
19143
19566
19568
19639
19641
19668
19672
19753
19762
20144
20586
20905
20984
21023
21085
21508
21512
21565
21618
21683
21699
21705
21728
21790
21875
21876
21877
21972
22017
22076
22243
22322
22324
22628
22629
22656
23153
23169
23390
23407
23412
23518
23527
23571
23614
23835
24191
24221
24546
24701
24734
25084
25113
25481
26189
26394
26442
26603
27259
27423
27945
28184
28231
28760
29121
30255
30302
30360
30482
30483
30502
30549
30556
30630
30836
31013
31089
31673
32650
32698
32731
33042
33495
33624
33729
34156
34163
34299
34705
34735
35129
35183
35193
35213
35254
35823
36409
36481
36514
36573
36633
36821
36841
36956
36973
37136
37223
37358
38044
38468
38560
38656
38775
38792
38964
39043
39095
39187
39192
39374
39631
39652
39883
39908
40365
40489
40493
40566
40689
40810
41564
41736
41778
41830
42253
42636
42711
42732
42781
42884
42916
43334
43348
43510
43540
43959
44073
44109
44182
44229
44232
44248
44604
44614
44683
44688
44753
44789
44865
44874
44886
44899
44960
44977
45026
45039
45059
45086
45133
45270
45319
45427
45518
45544
45546
45547
45570
45576
45613
45645
45724
45729
45735
45737
46646
46804
46858
47121
47210
47362
47559
47597
47712
47739
47781
47920
48307
48399
48452
48487
48714
48732
49008
49014
49040
49099
49172
49271
49421
49625
49626
49947
49970
49982
49988
49989
50025
50111
50348
50521
50717
50744
50751
50848
50948
50951
51067
51165
51374
51849
52722
56332
57317
57347
57351
57625
57831
57908
57919
58152
